a(0) = 1, a(n) = 5*n^2 + 2 for n&gt;0.
1, 7, 22, 47, 82, 127, 182, 247, 322, 407, 502, 607, 722, 847, 982, 1127, 1282, 1447, 1622, 1807, 2002, 2207, 2422, 2647, 2882, 3127, 3382, 3647, 3922, 4207, 4502, 4807, 5122, 5447, 5782, 6127, 6482, 6847, 7222, 7607, 8002, 8407, 8822, 9247, 9682, 10127, 10582


a(0) = 1, a(n) = 9*n^2 + 2 for n&gt;0.
1, 11, 38, 83, 146, 227, 326, 443, 578, 731, 902, 1091, 1298, 1523, 1766, 2027, 2306, 2603, 2918, 3251, 3602, 3971, 4358, 4763, 5186, 5627, 6086, 6563, 7058, 7571, 8102, 8651, 9218, 9803, 10406, 11027, 11666, 12323, 12998, 13691, 14402, 15131, 15878, 16643


a(0) = 1, a(n) = 11*n^2 + 2 for n&gt;0.
1, 13, 46, 101, 178, 277, 398, 541, 706, 893, 1102, 1333, 1586, 1861, 2158, 2477, 2818, 3181, 3566, 3973, 4402, 4853, 5326, 5821, 6338, 6877, 7438, 8021, 8626, 9253, 9902, 10573, 11266, 11981, 12718, 13477, 14258, 15061, 15886, 16733, 17602, 18493, 19406


a(0) = 1, a(n) = 13*n^2 + 2 for n&gt;0.
1, 15, 54, 119, 210, 327, 470, 639, 834, 1055, 1302, 1575, 1874, 2199, 2550, 2927, 3330, 3759, 4214, 4695, 5202, 5735, 6294, 6879, 7490, 8127, 8790, 9479, 10194, 10935, 11702, 12495, 13314, 14159, 15030, 15927, 16850, 17799, 18774, 19775, 20802, 21855, 22934


a(0) = 1, a(n) = 15*n^2 + 2 for n&gt;0.
1, 17, 62, 137, 242, 377, 542, 737, 962, 1217, 1502, 1817, 2162, 2537, 2942, 3377, 3842, 4337, 4862, 5417, 6002, 6617, 7262, 7937, 8642, 9377, 10142, 10937, 11762, 12617, 13502, 14417, 15362, 16337, 17342, 18377, 19442, 20537, 21662, 22817, 24002, 25217, 26462


Coordination sequence for C_3 lattice: a(n)=16*n^2+2 (n&gt;0), a(0)=1.
1, 18, 66, 146, 258, 402, 578, 786, 1026, 1298, 1602, 1938, 2306, 2706, 3138, 3602, 4098, 4626, 5186, 5778, 6402, 7058, 7746, 8466, 9218, 10002, 10818, 11666, 12546, 13458, 14402, 15378, 16386, 17426, 18498, 19602, 20738, 21906, 23106, 24338, 25602, 26898


a(0) = 1, a(n) = 17*n^2 + 2 for n&gt;0.
1, 19, 70, 155, 274, 427, 614, 835, 1090, 1379, 1702, 2059, 2450, 2875, 3334, 3827, 4354, 4915, 5510, 6139, 6802, 7499, 8230, 8995, 9794, 10627, 11494, 12395, 13330, 14299, 15302, 16339, 17410, 18515, 19654, 20827, 22034, 23275, 24550, 25859, 27202, 28579


a(0) = 1, a(n) = 18*n^2 + 2 for n&gt;0.
1, 20, 74, 164, 290, 452, 650, 884, 1154, 1460, 1802, 2180, 2594, 3044, 3530, 4052, 4610, 5204, 5834, 6500, 7202, 7940, 8714, 9524, 10370, 11252, 12170, 13124, 14114, 15140, 16202, 17300, 18434, 19604, 20810, 22052, 23330, 24644, 25994, 27380, 28802, 30260


a(0) = 1, a(n) = 19*n^2 + 2 for n&gt;0.
1, 21, 78, 173, 306, 477, 686, 933, 1218, 1541, 1902, 2301, 2738, 3213, 3726, 4277, 4866, 5493, 6158, 6861, 7602, 8381, 9198, 10053, 10946, 11877, 12846, 13853, 14898, 15981, 17102, 18261, 19458, 20693, 21966, 23277, 24626, 26013, 27438, 28901, 30402, 31941


a(0) = 1, a(n) = 20*n^2 + 2 for n&gt;0.
1, 22, 82, 182, 322, 502, 722, 982, 1282, 1622, 2002, 2422, 2882, 3382, 3922, 4502, 5122, 5782, 6482, 7222, 8002, 8822, 9682, 10582, 11522, 12502, 13522, 14582, 15682, 16822, 18002, 19222, 20482, 21782, 23122, 24502, 25922, 27382, 28882, 30422, 32002, 33622


a(0) = 1, a(n) = 21*n^2 + 2 for n&gt;0.
1, 23, 86, 191, 338, 527, 758, 1031, 1346, 1703, 2102, 2543, 3026, 3551, 4118, 4727, 5378, 6071, 6806, 7583, 8402, 9263, 10166, 11111, 12098, 13127, 14198, 15311, 16466, 17663, 18902, 20183, 21506, 22871, 24278, 25727, 27218, 28751, 30326, 31943, 33602, 35303


a(0) = 1, a(n) = 22*n^2 + 2 for n&gt;0.
1, 24, 90, 200, 354, 552, 794, 1080, 1410, 1784, 2202, 2664, 3170, 3720, 4314, 4952, 5634, 6360, 7130, 7944, 8802, 9704, 10650, 11640, 12674, 13752, 14874, 16040, 17250, 18504, 19802, 21144, 22530, 23960, 25434, 26952, 28514, 30120, 31770, 33464, 35202, 36984


a(0) = 1, a(n) = 23*n^2 + 2 for n&gt;0.
1, 25, 94, 209, 370, 577, 830, 1129, 1474, 1865, 2302, 2785, 3314, 3889, 4510, 5177, 5890, 6649, 7454, 8305, 9202, 10145, 11134, 12169, 13250, 14377, 15550, 16769, 18034, 19345, 20702, 22105, 23554, 25049, 26590, 28177, 29810, 31489, 33214, 34985, 36802, 38665


a(0) = 1, a(n) = 24*n^2 + 2 for n&gt;0.
1, 26, 98, 218, 386, 602, 866, 1178, 1538, 1946, 2402, 2906, 3458, 4058, 4706, 5402, 6146, 6938, 7778, 8666, 9602, 10586, 11618, 12698, 13826, 15002, 16226, 17498, 18818, 20186, 21602, 23066, 24578, 26138, 27746, 29402, 31106, 32858, 34658, 36506, 38402, 40346


a(0) = 1, a(n) = 25*n^2 + 2 for n&gt;0.
1, 27, 102, 227, 402, 627, 902, 1227, 1602, 2027, 2502, 3027, 3602, 4227, 4902, 5627, 6402, 7227, 8102, 9027, 10002, 11027, 12102, 13227, 14402, 15627, 16902, 18227, 19602, 21027, 22502, 24027, 25602, 27227, 28902, 30627, 32402, 34227, 36102, 38027, 40002


a(0) = 1, a(n) = 26*n^2 + 2 for n&gt;0.
1, 28, 106, 236, 418, 652, 938, 1276, 1666, 2108, 2602, 3148, 3746, 4396, 5098, 5852, 6658, 7516, 8426, 9388, 10402, 11468, 12586, 13756, 14978, 16252, 17578, 18956, 20386, 21868, 23402, 24988, 26626, 28316, 30058, 31852, 33698, 35596, 37546, 39548, 41602


a(0) = 1, a(n) = 27*n^2 + 2 for n&gt;0.
1, 29, 110, 245, 434, 677, 974, 1325, 1730, 2189, 2702, 3269, 3890, 4565, 5294, 6077, 6914, 7805, 8750, 9749, 10802, 11909, 13070, 14285, 15554, 16877, 18254, 19685, 21170, 22709, 24302, 25949, 27650, 29405, 31214, 33077, 34994, 36965, 38990, 41069, 43202


a(0) = 1, a(n) = 28*n^2 + 2 for n&gt;0.
1, 30, 114, 254, 450, 702, 1010, 1374, 1794, 2270, 2802, 3390, 4034, 4734, 5490, 6302, 7170, 8094, 9074, 10110, 11202, 12350, 13554, 14814, 16130, 17502, 18930, 20414, 21954, 23550, 25202, 26910, 28674, 30494, 32370, 34302, 36290, 38334, 40434, 42590, 44802


a(0) = 1, a(n) = 29*n^2 + 2 for n&gt;0.
1, 31, 118, 263, 466, 727, 1046, 1423, 1858, 2351, 2902, 3511, 4178, 4903, 5686, 6527, 7426, 8383, 9398, 10471, 11602, 12791, 14038, 15343, 16706, 18127, 19606, 21143, 22738, 24391, 26102, 27871, 29698, 31583, 33526, 35527, 37586, 39703, 41878, 44111, 46402


a(0) = 1, a(n) = 31*n^2 + 2 for n&gt;0.
1, 33, 126, 281, 498, 777, 1118, 1521, 1986, 2513, 3102, 3753, 4466, 5241, 6078, 6977, 7938, 8961, 10046, 11193, 12402, 13673, 15006, 16401, 17858, 19377, 20958, 22601, 24306, 26073, 27902, 29793, 31746, 33761, 35838, 37977, 40178, 42441, 44766, 47153, 49602


a(0) = 1, a(n) = 32*n^2 + 2 for n&gt;0.
1, 34, 130, 290, 514, 802, 1154, 1570, 2050, 2594, 3202, 3874, 4610, 5410, 6274, 7202, 8194, 9250, 10370, 11554, 12802, 14114, 15490, 16930, 18434, 20002, 21634, 23330, 25090, 26914, 28802, 30754, 32770, 34850, 36994, 39202, 41474, 43810, 46210, 48674, 51202


a(0) = 1, a(n) = 40*n^2 + 2 for n&gt;0.
1, 42, 162, 362, 642, 1002, 1442, 1962, 2562, 3242, 4002, 4842, 5762, 6762, 7842, 9002, 10242, 11562, 12962, 14442, 16002, 17642, 19362, 21162, 23042, 25002, 27042, 29162, 31362, 33642, 36002, 38442, 40962, 43562, 46242, 49002, 51842, 54762, 57762, 60842


a(0) = 1, a(n) = 42*n^2 + 2 for n&gt;0.
1, 44, 170, 380, 674, 1052, 1514, 2060, 2690, 3404, 4202, 5084, 6050, 7100, 8234, 9452, 10754, 12140, 13610, 15164, 16802, 18524, 20330, 22220, 24194, 26252, 28394, 30620, 32930, 35324, 37802, 40364, 43010, 45740, 48554, 51452, 54434, 57500, 60650, 63884


Coordination sequence for squashed {D_5}* lattice, perhaps the smallest example of a &quot;non-superficial&quot; lattice.
1, 12, 72, 292, 862, 2052, 4212, 7772, 13242, 21212, 32352, 47412, 67222, 92692, 124812, 164652, 213362, 272172, 342392, 425412, 522702, 635812, 766372, 916092, 1086762, 1280252, 1498512, 1743572, 2017542, 2322612, 2661052, 3035212, 3447522, 3900492, 4396712


Crystal ball sequence for squashed {D_5}^* lattice, perhaps the smallest example of a &quot;non-superficial&quot; lattice.
1, 13, 85, 377, 1239, 3291, 7503, 15275, 28517, 49729, 82081, 129493, 196715, 289407, 414219, 578871, 792233, 1064405, 1406797, 1832209, 2354911, 2990723, 3757095, 4673187, 5759949, 7040201, 8538713


Triangle read by rows: number of permutations of 1..n by length of longest run.
2, 2, 4, 2, 12, 10, 2, 16, 70, 32, 2, 20, 134, 442, 122, 2, 24, 198, 1164, 3108, 544, 2, 28, 274, 2048, 10982, 24216, 2770, 2, 32, 362, 3204, 22468, 112354, 208586, 15872, 2, 36, 462, 4720, 39420, 264538, 1245676, 1972904, 101042


Triangle read by rows: T(n,k) is the number of permutations of [n] having k consecutive ascending pairs (0&lt;=k&lt;=n-1).
1, 1, 1, 1, 2, 3, 1, 3, 9, 11, 1, 4, 18, 44, 53, 1, 5, 30, 110, 265, 309, 1, 6, 45, 220, 795, 1854, 2119, 1, 7, 63, 385, 1855, 6489, 14833, 16687, 1, 8, 84, 616, 3710, 17304, 59332, 133496, 148329, 1, 9, 108, 924, 6678, 38934, 177996, 600732, 1334961, 1468457, 1


Triangle read by rows: T(n,k) = one-half the number of permutations of length n with exactly n-k rising or falling successions, for n &gt;= 1, 1 &lt;= k &lt;= n. T(1,1) = 1 by convention.
1, 1, 0, 1, 2, 0, 1, 5, 5, 1, 1, 8, 24, 20, 7, 1, 11, 60, 128, 115, 45, 1, 14, 113, 444, 835, 790, 323, 1, 17, 183, 1099, 3599, 6423, 6217, 2621, 1, 20, 270, 2224, 11060, 32484, 56410, 55160, 23811, 1, 23, 374, 3950, 27152, 118484, 325322, 554306, 545135, 239653


Irregular triangle read by rows: T(n,k) (n&gt;=1, 0 &lt;= k &lt;= floor(n/2)) = number of permutations of 1..n with exactly floor(n/2) - k runs of consecutive pairs up.
1, 1, 1, 3, 3, 1, 12, 11, 11, 56, 53, 3, 87, 321, 309, 53, 693, 2175, 2119, 11, 680, 5934, 17008, 16687, 309, 8064, 55674, 150504, 148329, 53, 5805, 96370, 572650, 1485465, 1468457, 2119, 95575


Irregular triangle read by rows: T(n,k) (n &gt;= 1, 0 &lt;= k &lt;= [n/2]) =&nbsp;&nbsp;number of permutations of 1..n with [n/2]-k runs of consecutive pairs up and down (divided by 2).
1, 1, 0, 3, 0, 3, 8, 1, 25, 28, 7, 17, 155, 143, 45, 259, 1005, 933, 323, 131, 2770, 7488, 7150, 2621, 3177, 27978, 64164, 62310, 23811, 1281, 51433, 294602, 619986, 607445, 239653


Weight distribution of any one of the five doubly-even binary [32,16,8] codes (quadratic residue, Reed-Muller, etc.).
1, 0, 620, 13888, 36518, 13888, 620, 0, 1


Weight distribution of binary (16,256,6) nonlinear Nordstrom-Robinson code.
1, 0, 0, 112, 30, 112, 0, 0, 1


A thinks of x in set M; B asks questions: is x in T?; A may lie once but only when true answer is Yes; a(n) is maximal size of M such that B can determine x with &lt;= n questions.
1, 2, 3, 6, 11, 20, 36, 66, 121, 223, 415, 774, 1452, 2724, 5133, 9695, 18358, 34867, 66320, 126499, 241563, 462479, 886150, 1707353, 3270338, 6295073, 12133953


Numbers n such that GCD (n^17 + 9, (n+1)^17 + 9) &gt; 1.
8424432925592889329288197322308900672459420460792433, 17361015163508605989239159575667846308252873717727992, 26297597401424322649190121829026791944046326974663551


a(n) = 2*3^(2*n)-3^n.
1, 15, 153, 1431, 13041, 117855, 1062153, 9563751, 86086881, 774821295, 6973509753, 62761942071, 564858541521, 5083730062335, 45753580126953, 411782249840391, 3706040334656961, 33354363270192975, 300189270206577753, 2701703434183722711, 24315330914627073201


Sum of 2^n, ..., 2^(n+1) - 1.
1, 5, 22, 92, 376, 1520, 6112, 24512, 98176, 392960, 1572352, 6290432, 25163776, 100659200, 402644992, 1610596352, 6442418176, 25769738240, 103079084032, 412316598272, 1649266917376, 6597068718080, 26388276969472, 105553112072192, 422212456677376


Numbers n such that GCD(n^5 + 5, (n+1)^5 + 5) &gt; 1.
533360, 2502111, 4470862, 6439613, 8408364, 10377115, 12345866, 14314617, 16283368, 18252119, 20220870, 22189621, 24158372, 26127123, 28095874, 30064625, 32033376, 34002127, 35970878


Number of letters in n (in Czech).
5, 3, 3, 5, 3, 4, 4, 3, 5, 5, 8, 7, 7, 7, 7, 8, 8, 7, 10, 6, 11, 9, 9, 11, 9, 10, 10, 9, 11, 6, 11, 9, 9, 11, 9, 10, 10, 9, 11, 8, 13, 11, 11, 13, 11, 12, 12, 11, 13, 7, 12, 10, 10, 12, 10, 11, 11, 10, 12, 7, 12, 10, 10, 12, 10, 11, 11, 10, 12


High-temperature expansion of susceptibility chi_2 for square lattice.
1, 4, 24, 208, 2208, 28864, 440064, 7752448, 153604608, 3398247424, 82812002304, 2208100261888, 63835179614208, 1991789102301184, 66630050985836544


High-temperature expansion of susceptibility chi_2 for cubic lattice.
1, 6, 60, 888, 16944, 403296, 11342400, 371718528, 13814409984, 577113570816, 26660675466240, 1354001083680768, 74774085533159424, 4471493494982516736, 287295290091420794880


High-temperature expansion of susceptibility chi_2 for 4-d cubic lattice.
1, 8, 112, 2336, 63808, 2177408, 88532992, 4198893056, 226756461568, 13774782507008, 927722457014272, 68724458864869376, 5545864378385072128, 484804579241630302208, 45594217495265300119552


High-temperature expansion of susceptibility mu_2 for square lattice.
0, 4, 64, 976, 16384, 305344, 6313984, 143915776, 3592290304, 97533174784, 2863801237504, 90450422603776, 3058671365914624, 110277389360103424, 4223330682610253824


High-temperature expansion of susceptibility mu_2 for cubic lattice.
0, 6, 144, 3480, 95616, 2995296, 106308864, 4224923520, 186254217216, 9025003101696, 477123118608384, 27334467671746560, 1687499455653052416, 111689161007888080896, 7890849624188124463104


High-temperature expansion of susceptibility mu_2 for 4-d cubic lattice.
0, 8, 256, 8480, 323584, 14219648, 712769536, 40231339520, 2529742618624, 175465112250368, 13316649656713216, 1097902932846018560, 97741786751619825664, 9345711964094187634688, 955350654371934426628096


High-temperature expansion of susceptibility chi_4 for square lattice.
2, 32, 528, 9728, 197568, 4424192, 108461568, 2895515648, 83657776128, 2602257293312, 86733041246208, 3084465770528768, 116595295651135488, 4668952802696364032, 197452751427562242048


High-temperature expansion of susceptibility chi_4 for cubic lattice.
2, 48, 1272, 38784, 1341408, 52186368, 2256454272, 107494477824, 5595152936448, 316081923944448, 19262189406185472, 1259828274265227264, 88026828815690047488, 6544693787367160086528


High-temperature expansion of susceptibility chi_4 for 4-d cubic lattice.
2, 64, 2336, 99328, 4840832, 267080704, 16467255296, 1123220758528, 83995566282752, 6835730843582464, 601493660302278656, 56912420061511548928, 5762378580637148905472, 621705383408527748890624, 71206666963479522492809216


Triangle of Fibonomial coefficients.
1, 1, 1, 1, 1, 1, 1, 2, 2, 1, 1, 3, 6, 3, 1, 1, 5, 15, 15, 5, 1, 1, 8, 40, 60, 40, 8, 1, 1, 13, 104, 260, 260, 104, 13, 1, 1, 21, 273, 1092, 1820, 1092, 273, 21, 1, 1, 34, 714, 4641, 12376, 12376, 4641, 714, 34, 1, 1, 55, 1870, 19635, 85085, 136136, 85085, 19635, 1870, 55, 1


Second-order Fibonacci numbers.
0, 1, 1, 3, 5, 10, 18, 33, 59, 105, 185, 324, 564, 977, 1685, 2895, 4957, 8462, 14406, 24465, 41455, 70101, 118321, 199368, 335400, 563425, 945193, 1583643, 2650229, 4430290, 7398330, 12342849, 20573219, 34262337, 57013865, 94800780, 157517532, 261545777


a(n) = (2n)!.
1, 2, 24, 720, 40320, 3628800, 479001600, 87178291200, 20922789888000, 6402373705728000, 2432902008176640000, 1124000727777607680000, 620448401733239439360000, 403291461126605635584000000, 304888344611713860501504000000, 265252859812191058636308480000000


Characteristic function of primes: 1 if n is prime else 0.
0, 1, 1, 0, 1, 0, 1, 0, 0, 0, 1, 0, 1, 0, 0, 0, 1, 0, 1, 0, 0, 0, 1, 0, 0, 0, 0, 0, 1, 0, 1, 0, 0, 0, 0, 0, 1, 0, 0, 0, 1, 0, 1, 0, 0, 0, 1, 0, 0, 0, 0, 0, 1, 0, 0, 0, 0, 0, 1, 0, 1, 0, 0, 0, 0, 0, 1, 0, 0, 0, 1, 0, 1, 0, 0, 0, 0, 0, 1, 0, 0, 0, 1, 0, 0, 0, 0, 0, 1, 0, 0, 0, 0, 0, 0, 0, 1, 0, 0, 0, 1, 0, 1, 0


Characteristic function of squares: 1 if n is a square else 0.
1, 1, 0, 0, 1, 0, 0, 0, 0, 1, 0, 0, 0, 0, 0, 0, 1, 0, 0, 0, 0, 0, 0, 0, 0, 1, 0, 0, 0, 0, 0, 0, 0, 0, 0, 0, 1, 0, 0, 0, 0, 0, 0, 0, 0, 0, 0, 0, 0, 1, 0, 0, 0, 0, 0, 0, 0, 0, 0, 0, 0, 0, 0, 0, 1, 0, 0, 0, 0, 0, 0, 0, 0, 0, 0, 0, 0, 0, 0, 0, 0, 1, 0, 0, 0, 0, 0, 0, 0, 0, 0, 0, 0, 0


4^n*(2*n+1)!*(n!)^2/(n+1).
1, 12, 2560, 2903040, 10701766656, 98099527680000, 1888892391260160000, 68028459471234662400000, 4210629057689788455321600000, 419914246162041071241548267520000


a(n) = 1 if n is a triangular number else 0.
1, 1, 0, 1, 0, 0, 1, 0, 0, 0, 1, 0, 0, 0, 0, 1, 0, 0, 0, 0, 0, 1, 0, 0, 0, 0, 0, 0, 1, 0, 0, 0, 0, 0, 0, 0, 1, 0, 0, 0, 0, 0, 0, 0, 0, 1, 0, 0, 0, 0, 0, 0, 0, 0, 0, 1, 0, 0, 0, 0, 0, 0, 0, 0, 0, 0, 1, 0, 0, 0, 0, 0, 0, 0, 0, 0, 0, 0, 1, 0, 0, 0, 0, 0, 0, 0, 0, 0, 0, 0, 0, 1, 0, 0, 0, 0, 0, 0, 0, 0, 0, 0, 0, 0, 0


1 if n is a prime power p^k (k &gt;= 0), otherwise 0.
1, 1, 1, 1, 1, 0, 1, 1, 1, 0, 1, 0, 1, 0, 0, 1, 1, 0, 1, 0, 0, 0, 1, 0, 1, 0, 1, 0, 1, 0, 1, 1, 0, 0, 0, 0, 1, 0, 0, 0, 1, 0, 1, 0, 0, 0, 1, 0, 1, 0, 0, 0, 1, 0, 0, 0, 0, 0, 1, 0, 1, 0, 0, 1, 0, 0, 1, 0, 0, 0, 1, 0, 1, 0, 0, 0, 0, 0, 1, 0


Characteristic function of Fibonacci numbers: a(n) = 1 if n is a Fibonacci number, otherwise 0.
1, 1, 1, 1, 0, 1, 0, 0, 1, 0, 0, 0, 0, 1, 0, 0, 0, 0, 0, 0, 0, 1, 0, 0, 0, 0, 0, 0, 0, 0, 0, 0, 0, 0, 1, 0, 0, 0, 0, 0, 0, 0, 0, 0, 0, 0, 0, 0, 0, 0, 0, 0, 0, 0, 0, 1, 0, 0, 0, 0, 0, 0, 0, 0, 0, 0, 0, 0, 0, 0, 0, 0, 0, 0, 0, 0, 0, 0, 0, 0, 0


a(n) = 1 if n is a cube, else 0.
1, 1, 0, 0, 0, 0, 0, 0, 1, 0, 0, 0, 0, 0, 0, 0, 0, 0, 0, 0, 0, 0, 0, 0, 0, 0, 0, 1, 0, 0, 0, 0, 0, 0, 0, 0, 0, 0, 0, 0, 0, 0, 0, 0, 0, 0, 0, 0, 0, 0, 0, 0, 0, 0, 0, 0, 0, 0, 0, 0, 0, 0, 0, 0, 1, 0, 0, 0, 0, 0, 0, 0, 0, 0, 0, 0, 0, 0, 0, 0, 0


1 if n is a Catalan number else 0.
0, 1, 1, 0, 0, 1, 0, 0, 0, 0, 0, 0, 0, 0, 1, 0, 0, 0, 0, 0, 0, 0, 0, 0, 0, 0, 0, 0, 0, 0, 0, 0, 0, 0, 0, 0, 0, 0, 0, 0, 0, 0, 1, 0, 0, 0, 0, 0, 0, 0, 0, 0, 0, 0, 0, 0, 0, 0, 0, 0, 0, 0, 0, 0, 0, 0, 0, 0, 0, 0, 0, 0, 0, 0, 0, 0, 0, 0, 0, 0, 0


Another version of the Thue-Morse sequence: let A_k denote the first 2^k terms; then A_0 = 1 and for k &gt;= 0, A_{k+1} = A_k B_k, where B_k is obtained from A_k by interchanging 0's and 1's.
1, 0, 0, 1, 0, 1, 1, 0, 0, 1, 1, 0, 1, 0, 0, 1, 0, 1, 1, 0, 1, 0, 0, 1, 1, 0, 0, 1, 0, 1, 1, 0, 0, 1, 1, 0, 1, 0, 0, 1, 1, 0, 0, 1, 0, 1, 1, 0, 1, 0, 0, 1, 0, 1, 1, 0, 0, 1, 1, 0, 1, 0, 0, 1, 0, 1, 1, 0, 1, 0, 0, 1, 1, 0, 0, 1, 0, 1, 1, 0, 1, 0, 0, 1, 0, 1, 1, 0, 0, 1, 1, 0, 1, 0, 0, 1, 1, 0, 0, 1, 0, 1, 1, 0, 0


Thue-Morse sequence: let A_k denote the first 2^k terms; then A_0 = 0 and for k &gt;= 0, A_{k+1} = A_k B_k, where B_k is obtained from A_k by interchanging 0's and 1's.
0, 1, 1, 0, 1, 0, 0, 1, 1, 0, 0, 1, 0, 1, 1, 0, 1, 0, 0, 1, 0, 1, 1, 0, 0, 1, 1, 0, 1, 0, 0, 1, 1, 0, 0, 1, 0, 1, 1, 0, 0, 1, 1, 0, 1, 0, 0, 1, 0, 1, 1, 0, 1, 0, 0, 1, 1, 0, 0, 1, 0, 1, 1, 0, 1, 0, 0, 1, 0, 1, 1, 0, 0, 1, 1, 0, 1, 0, 0, 1, 0, 1, 1, 0, 1, 0, 0, 1, 1, 0, 0, 1, 0, 1, 1, 0, 0, 1, 1, 0, 1, 0, 0, 1, 1


Binary self or Colombian numbers: numbers that cannot be expressed as the sum of distinct terms of the form 2^k+1 (k&gt;=0), or equivalently, numbers not of form m + sum of binary digits of m.
1, 4, 6, 13, 15, 18, 21, 23, 30, 32, 37, 39, 46, 48, 51, 54, 56, 63, 71, 78, 80, 83, 86, 88, 95, 97, 102, 104, 111, 113, 116, 119, 121, 128, 130, 133, 135, 142, 144, 147, 150, 152, 159, 161, 166, 168, 175, 177, 180, 183, 185, 192, 200, 207, 209, 212, 215, 217


a(0)=1; thereafter a(n+1) = a(n) + number of 1's in binary representation of a(n).
1, 2, 3, 5, 7, 10, 12, 14, 17, 19, 22, 25, 28, 31, 36, 38, 41, 44, 47, 52, 55, 60, 64, 65, 67, 70, 73, 76, 79, 84, 87, 92, 96, 98, 101, 105, 109, 114, 118, 123, 129, 131, 134, 137, 140, 143, 148, 151, 156, 160, 162, 165, 169, 173, 178, 182, 187, 193, 196, 199, 204


a(n+1) = a(n) + sum of digits in base 3 representation of a(n), with a(0) = 1.
1, 2, 4, 6, 8, 12, 14, 18, 20, 24, 28, 30, 32, 36, 38, 42, 46, 50, 56, 60, 64, 68, 74, 80, 88, 92, 96, 100, 104, 110, 114, 118, 122, 128, 134, 142, 148, 154, 160, 168, 172, 176, 182, 188, 196, 202, 208, 214, 222, 228, 234, 240, 248, 252, 254, 258


Base 4 self or Colombian numbers (not of form n + sum of base 4 digits of n).
1, 3, 8, 13, 18, 20, 25, 30, 35, 37, 42, 47, 52, 54, 59, 64, 73, 78, 83, 85, 90, 95, 100, 102, 107, 112, 117, 119, 124, 129, 138, 143, 148, 150, 155, 160, 165, 167, 172, 177, 182, 184, 189, 194, 203, 208, 213, 215, 220, 225, 230, 232, 237, 242, 247, 249, 254


a(n+1) = a(n) + sum of digits in base 4 representation of a(n), with a(0) = 1.
1, 2, 4, 5, 7, 11, 16, 17, 19, 23, 28, 32, 34, 38, 43, 50, 55, 62, 70, 74, 79, 86, 91, 98, 103, 110, 118, 125, 133, 137, 142, 149, 154, 161, 166, 173, 181, 188, 196, 200, 205, 212, 217, 224, 229, 236, 244, 251, 262, 266, 271, 278, 283, 290, 295


a(n+1) = a(n) + sum of digits in base 5 representation of a(n).
1, 2, 4, 8, 12, 16, 20, 24, 32, 36, 40, 44, 52, 56, 60, 64, 72, 80, 84, 92, 100, 104, 112, 120, 128, 132, 136, 140, 144, 152, 156, 160, 164, 172, 180, 184, 192, 200, 204, 212, 220, 228, 236, 244, 256, 260, 264, 272, 280, 284, 292, 300, 304, 312


Base 6 self or Colombian numbers (not of form n + sum of base 6 digits of n).
1, 3, 5, 12, 19, 26, 33, 40, 42, 49, 56, 63, 70, 77, 79, 86, 93, 100, 107, 114, 116, 123, 130, 137, 144, 151, 153, 160, 167, 174, 181, 188, 190, 197, 204, 211, 218, 229, 236, 243, 250, 257, 259


a(n+1) = a(n) + sum of digits in base 6 representation of a(n).
1, 2, 4, 8, 11, 17, 24, 28, 36, 37, 39, 43, 46, 52, 59, 68, 76, 82, 89, 98, 106, 117, 124, 133, 141, 152, 159, 168, 176, 187, 194, 203, 216, 217, 219, 223, 226, 232, 239, 248, 256, 262, 269, 278, 286, 297, 304, 313, 321, 332, 339, 348, 356, 367


a(n+1) = a(n) + sum of digits in base 7 representation of a(n).
1, 2, 4, 8, 10, 14, 16, 20, 28, 32, 40, 50, 52, 56, 58, 62, 70, 74, 82, 92, 100, 104, 112, 116, 124, 134, 142, 152, 160, 170, 178, 188, 202, 212, 220, 230, 244, 260, 268, 278, 292, 308, 316, 326, 340, 356, 364, 368, 376, 386, 394, 398, 406, 410


Base 8 self or Colombian numbers (not of form n + sum of base 8 digits of n).
1, 3, 5, 7, 16, 25, 34, 43, 52, 61, 70, 72, 81, 90, 99, 108, 117, 126, 135, 137, 146, 155, 164, 173, 182, 191, 200, 202, 211, 220, 229, 238, 247, 256, 265, 267, 276, 285, 294, 303, 312, 321, 330


a(n+1) = a(n) + sum of digits in base 8 representation of a(n).
1, 2, 4, 8, 9, 11, 15, 23, 32, 36, 44, 53, 64, 65, 67, 71, 79, 88, 92, 100, 109, 120, 128, 130, 134, 142, 151, 162, 170, 179, 190, 205, 214, 225, 233, 242, 253, 268, 277, 288, 296, 305, 316, 331, 340, 351, 366, 382, 400, 408, 417, 428, 443, 459


a(n+1) = a(n) + sum of digits in base 9 representation of a(n).
1, 2, 4, 8, 16, 24, 32, 40, 48, 56, 64, 72, 80, 96, 104, 112, 120, 128, 136, 144, 152, 168, 176, 184, 192, 200, 208, 216, 224, 240, 256, 264, 272, 280, 288, 296, 312, 328, 336, 344, 352, 360, 368, 384, 400, 416, 424, 432, 440, 456, 472, 488, 496


a(n) = sum of base-6 digits of a(n-1) + sum of base-6 digits of a(n-2); a(0)=0, a(1)=1.
0, 1, 1, 2, 3, 5, 8, 8, 6, 4, 5, 9, 9, 8, 7, 5, 7, 7, 4, 6, 5, 6, 6, 2, 3, 5, 8, 8, 6, 4, 5, 9, 9, 8, 7, 5, 7, 7, 4, 6, 5, 6, 6, 2, 3, 5, 8, 8, 6, 4, 5, 9, 9, 8, 7, 5, 7, 7, 4, 6, 5, 6, 6, 2, 3, 5, 8, 8, 6, 4, 5, 9, 9, 8, 7, 5, 7, 7, 4, 6, 5, 6, 6


a(n) = sum of base-7 digits of a(n-1) + sum of base-7 digits of a(n-2).
0, 1, 1, 2, 3, 5, 8, 7, 3, 4, 7, 5, 6, 11, 11, 10, 9, 7, 4, 5, 9, 8, 5, 7, 6, 7, 7, 2, 3, 5, 8, 7, 3, 4, 7, 5, 6, 11, 11, 10, 9, 7, 4, 5, 9, 8, 5, 7, 6, 7, 7, 2, 3, 5, 8, 7, 3, 4, 7, 5, 6, 11, 11, 10, 9, 7, 4, 5, 9, 8, 5, 7, 6, 7, 7


a(n) = sum of base-8 digits of a(n-1) + sum of base-8 digits of a(n-2).
0, 1, 1, 2, 3, 5, 8, 6, 7, 13, 13, 12, 11, 9, 6, 8, 7, 8, 8, 2, 3, 5, 8, 6, 7, 13, 13, 12, 11, 9, 6, 8, 7, 8, 8, 2, 3, 5, 8, 6, 7, 13, 13, 12, 11, 9, 6, 8, 7, 8, 8, 2, 3, 5, 8, 6, 7, 13, 13, 12, 11, 9, 6, 8, 7, 8, 8, 2, 3, 5, 8, 6, 7, 13, 13, 12, 11, 9, 6, 8, 7, 8, 8, 2, 3, 5, 8, 6, 7, 13, 13, 12, 11, 9, 6, 8


a(n) = sum of base-9 digits of a(n-1) + sum of base-9 digits of a(n-2).
0, 1, 1, 2, 3, 5, 8, 13, 13, 10, 7, 9, 8, 9, 9, 2, 3, 5, 8, 13, 13, 10, 7, 9, 8, 9, 9, 2, 3, 5, 8, 13, 13, 10, 7, 9, 8, 9, 9, 2, 3, 5, 8, 13, 13, 10, 7, 9, 8, 9, 9, 2, 3, 5, 8, 13, 13, 10, 7, 9, 8, 9, 9, 2, 3, 5, 8, 13, 13, 10, 7, 9, 8, 9, 9


a(n) = sum of digits of a(n-1) + sum of digits of a(n-2); a(0) = 0, a(1) = 1.
0, 1, 1, 2, 3, 5, 8, 13, 12, 7, 10, 8, 9, 17, 17, 16, 15, 13, 10, 5, 6, 11, 8, 10, 9, 10, 10, 2, 3, 5, 8, 13, 12, 7, 10, 8, 9, 17, 17, 16, 15, 13, 10, 5, 6, 11, 8, 10, 9, 10, 10, 2, 3, 5, 8, 13, 12, 7, 10, 8, 9, 17, 17, 16, 15, 13, 10, 5, 6, 11, 8, 10, 9, 10, 10


Shortest representation of -n in 2's-complement format.
1, 2, 5, 4, 11, 10, 9, 8, 23, 22, 21, 20, 19, 18, 17, 16, 47, 46, 45, 44, 43, 42, 41, 40, 39, 38, 37, 36, 35, 34, 33, 32, 95, 94, 93, 92, 91, 90, 89, 88, 87, 86, 85, 84, 83, 82, 81, 80, 79, 78, 77, 76, 75, 74, 73, 72, 71, 70, 69, 68, 67, 66, 65, 64, 191, 190, 189


Coordination sequence for net formed by holes in D_4 lattice.
1, 16, 104, 344, 792, 1528, 2632, 4152, 6200, 8792, 12072, 16024, 20824, 26424, 33032, 40568, 49272, 59032, 70120, 82392, 96152, 111224, 127944, 146104, 166072, 187608, 211112, 236312, 263640, 292792, 324232, 357624, 393464, 431384, 471912, 514648, 560152


Weight distribution of [16,11,4] extended Hamming code of length 16.
1, 0, 140, 448, 870, 448, 140, 0, 1


Weight distribution of extended Hamming code of length 32 (or 3rd order Reed-Muller code).
1, 0, 1240, 27776, 330460, 2011776, 7063784, 14721280, 18796230, 14721280, 7063784, 2011776, 330460, 27776, 1240, 0, 1


Weight distribution of extended Hamming code of length 64.
1, 0, 10416, 1166592, 69194232, 2366570752, 51316746768, 747741998592, 7633243745820, 56276359749120, 306558278858160, 1255428754917120, 3916392495228360, 9399341113166592, 17480786291963792


Weight distribution of [128,120,4] extended Hamming code of length 128. This is also the Reed-Muller code RM(5,7).
1, 0, 85344, 42330624, 11170182384, 1772228014592, 185359804775712, 13586256544975872, 729242357526446712, 29627257927486958592, 934817955092922629344, 23382589365749366429184


Weight distribution of extended Hamming code of length 256.
1, 0, 690880, 1439241216, 1600259436000, 1089164637414400, 497302797675880000, 162011412870006528000, 39370123446823781449200, 7379968237981419286272000, 1095459180086149609599422400


Weight distribution of [15,11,3] Hamming code of length 15 and minimal distance 3.
1, 0, 0, 35, 105, 168, 280, 435, 435, 280, 168, 105, 35, 0, 0, 1


Weight distribution of d=3 Hamming code of length 31.
1, 0, 0, 155, 1085, 5208, 22568, 82615, 247845, 628680, 1383096, 2648919, 4414865, 6440560, 8280720, 9398115, 9398115, 8280720, 6440560, 4414865, 2648919, 1383096, 628680, 247845, 82615, 22568


Weight distribution of d=3 Hamming code of length 63.
1, 0, 0, 651, 9765, 109368, 1057224, 8649279, 60544953, 369776680, 1996794072, 9621890019, 41694856749, 163568562192, 584173436400, 1908310936455, 5724932809365, 15827726179440, 40448633569680


Weight distribution of d=3 Hamming code of length 127.
1, 0, 0, 2667, 82677, 1984248, 40346376, 698136399, 10472045985, 138455313640, 1633772700952, 17377481697723, 167982323077989, 1485996809606736, 12100259735369136, 91155294690805839


Weight distribution of [255,247,3] Hamming code of length 255.
1, 0, 0, 10795, 680085, 33732216, 1405509000, 50008107375, 1550251328625, 42545493649000, 1046619143765400, 23311068641056875, 473991729034823125, 8859999141328482000, 153151413728678046000


Weight distribution of d=4 Hamming code of length 15.
1, 0, 105, 280, 435, 168, 35


Weight distribution of d=4 Hamming code of length 31.
1, 0, 1085, 22568, 247845, 1383096, 4414865, 8280720, 9398115, 6440560, 2648919, 628680, 82615, 5208, 155


Weight distribution of d=4 Hamming code of length 63.
1, 0, 9765, 1057224, 60544953, 1996794072, 41694856749, 584173436400, 5724932809365, 40448633569680, 210758816714985, 823875120414360, 2447745309517725, 5580858785942664, 9832942289229633, 13449656041565856


Weight distribution of d=4 Hamming code of length 127.
1, 0, 82677, 40346376, 10472045985, 1633772700952, 167982323077989, 12100259735369136, 638087062835640873, 25460924781434105040, 788752649609653468509, 19363706818511194074168


Triangle of Euler-Bernoulli or Entringer numbers.
1, 1, 1, 1, 2, 2, 1, 5, 5, 4, 2, 16, 16, 14, 10, 5, 61, 61, 56, 46, 32, 16, 272, 272, 256, 224, 178, 122, 61, 1385, 1385, 1324, 1202, 1024, 800, 544, 272, 7936, 7936, 7664, 7120, 6320, 5296, 4094, 2770, 1385, 50521, 50521, 49136, 46366, 42272, 36976, 30656, 23536, 15872, 7936, 353792


Weight distribution of d=4 Hamming code of length 255.
1, 0, 680085, 1405509000, 1550251328625, 1046619143765400, 473991729034823125, 153151413728678046000, 36909490731397295108625, 6861064221248350742706000, 1009876431641919171349467525


log2*(n) (version 1): number of times int(log2(x)) is used in int(log2(int(log2(.....(int(log2(n))).....)))) = 0.
1, 2, 2, 3, 3, 3, 3, 3, 3, 3, 3, 3, 3, 3, 3, 4, 4, 4, 4, 4, 4, 4, 4, 4, 4, 4, 4, 4, 4, 4, 4, 4, 4, 4, 4, 4, 4, 4, 4, 4, 4, 4, 4, 4, 4, 4, 4, 4, 4, 4, 4, 4, 4, 4, 4, 4, 4, 4, 4, 4, 4, 4, 4, 4, 4, 4, 4, 4, 4, 4, 4, 4, 4, 4, 4, 4, 4, 4, 4


Prefix (or Levenshtein) codes for natural numbers.
0, 2, 12, 13, 112, 113, 114, 115, 232, 233, 234, 235, 236, 237, 238, 239, 3840, 3841, 3842, 3843, 3844, 3845, 3846, 3847, 3848, 3849, 3850, 3851, 3852, 3853, 3854, 3855, 7712, 7713, 7714, 7715


a(n) = a(n-1)*a(n-2) with a(0)=1, a(1)=3.
1, 3, 3, 9, 27, 243, 6561, 1594323, 10460353203, 16677181699666569, 174449211009120179071170507, 2909321189362570808630465826492242446680483, 507528786056415600719754159741696356908742250191663887263627442114881


a(n) = a(n-1)*a(n-2) with a(0)=1, a(1)=4.
1, 4, 4, 16, 64, 1024, 65536, 67108864, 4398046511104, 295147905179352825856, 1298074214633706907132624082305024, 383123885216472214589586756787577295904684780545900544


a(n) = a(n-1)*a(n-2) with a(0)=1, a(1)=10.
1, 10, 10, 100, 1000, 100000, 100000000, 10000000000000, 1000000000000000000000, 10000000000000000000000000000000000, 10000000000000000000000000000000000000000000000000000000


Maximal size of binary code of length n and asymmetric distance 2.
1, 2, 2, 4, 6, 12, 18, 36, 62


Spontaneous magnetization coefficients for square lattice spin 1 Ising model.
1, 0, 0, 0, -1, 0, 0, -4, 3, 0, -30, 48, -52, -120, 368, -612, -254, 2524, -6216, 4040, 11805, -49400, 68268, 14928, -332511, 734508, -568038, -1641320, 6202774, -9239676, -2503162, 42749908, -99021392, 72255812, 215763902


Spontaneous magnetization coefficients for square lattice spin 2 Ising model.
2, 0, 0, 0, 0, 0, 0, 0, -1, 0, 0, 0, 0, 0, 0, -4, 3, 0, 0, 0, 0, 0, -30, 48, -19, 0, 0, 0, -36, -136, 468, -408, 111, 0, -150, -180, -135, 3240, -5340, 3128, -1105, -612, 696, 1956, 15717, -51368, 52988, -25648, 5696, 8344, 12336, 48372


Spontaneous magnetization coefficients for square lattice spin 3 Ising model.
3, 0, 0, 0, 0, 0, 0, 0, 0, 0, 0, 0, -1, 0, 0, 0, 0, 0, 0, 0, 0, 0, 0, -4, 3, 0, 0, 0, 0, 0, 0, 0, 0, 0, -30, 48, -19, 0, 0, 0, 0, 0, 0, 0, -36, -136, 468, -408, 111, 0, 0, 0, 0, 0, -150, -180, -135, 3240, -5340, 3260, -696, 0, 0, -132, -414, -612, 696, 1932, 16158


Spontaneous magnetization coefficients for square lattice spin 3/2 Ising model.
2, 0, 0, 0, 0, 0, -1, 0, 0, 0, 0, -4, 3, 0, 0, 0, -30, 48, -19, 0, -36, -136, 468, -408, -35, -180, -115, 3108, -5694, 2648, -321, 1664, 14634, -51628, 54367, -18404, 16323, 46544, -371630, 662344, -459346, 222776, -55089, -2137044


Spontaneous magnetization coefficients for square lattice spin 5/2 Ising model.
2, 0, 0, 0, 0, 0, 0, 0, 0, 0, -1, 0, 0, 0, 0, 0, 0, 0, 0, -4, 3, 0, 0, 0, 0, 0, 0, 0, -30, 48, -19, 0, 0, 0, 0, 0, -36, -136, 468, -408, 111, 0, 0, 0, -150, -180, -135, 3240, -5340, 3260, -696, -132, -414, -612, 696, 1932, 16158, -51004, 53919


Free energy coefficients for square lattice spin 1 Ising model.
1, 0, 0, 0, 1, 0, 0, 2, -1, 0, 10, -14, 13, 30, -85, 124, 50, -476, 1047, -642, -1949, 7220, -9547, -2690, 42625, -90224, 62414, 190074, -683506, 952260, 290296, -4276192, 9356547, -6406858, -20006212, 73731040, -103077077


Free energy coefficients for square lattice spin 2 Ising model.
1, 0, 0, 0, 0, 0, 0, 0, 1, 0, 0, 0, 0, 0, 0, 2, -1, 0, 0, 0, 0, 0, 10, -14, 5, 0, 0, 0, 9, 34, -105, 84, -21, 0, 30, 36, 36, -594, 911, -502, 174, 102, -86, -272, -2494, 7498, -7331, 3416, -679, -1044, -1766, -7042, 48799, -79886, 59347


Free energy coefficients for square lattice spin 5/2 Ising model.
1, 0, 0, 0, 0, 0, 0, 0, 0, 0, 1, 0, 0, 0, 0, 0, 0, 0, 0, 2, -1, 0, 0, 0, 0, 0, 0, 0, 10, -14, 5, 0, 0, 0, 0, 0, 9, 34, -105, 84, -21, 0, 0, 0, 30, 36, 36, -594, 911, -524, 106, 22, 69, 102, -86, -268, -2557, 7446, -7464, 3418, -361, 50, -158, -1142, -1850, -7216


Free energy coefficients for square lattice spin 3/2 Ising model.
1, 0, 0, 0, 0, 0, 1, 0, 0, 0, 0, 2, -1, 0, 0, 0, 10, -14, 5, 0, 9, 34, -105, 84, 8, 36, 32, -572, 970, -422, 66, -232, -2340, 7546, -7487, 2482, -2260, -6788, 47860, -80554, 53467, -26496, 3532, 247154, -689752, 753092, -423754


Specific heat coefficients for square lattice spin 1 Ising model.
16, 0, 0, 98, -96, 0, 1000, -1936, 2064, 5070, -19012, 31950, 9024, -152014, 383616, -298186, -832320, 3575922, -5486624, -1012506, 27088992, -65115000, 53200524, 147217176, -608004040, 947874280, 189048900


Specific heat coefficients for square lattice spin 2 Ising model.
64, 0, 0, 0, 0, 0, 0, 450, -384, 0, 0, 0, 0, 0, 4840, -8464, 3648, 0, 0, 0, 7056, 28594, -105300, 98022, -28416, 0, 34680, 44100, 34992, -887112, 1542192, -958230, 331520, 171462, -204624, -602774, -5091680, 17319150


Specific heat coefficients for square lattice spin 3/2 Ising model.
36, 0, 0, 0, 0, 242, -216, 0, 0, 0, 2560, -4624, 2052, 0, 3600, 14994, -56628, 53958, 720, 22500, 15548, -456354, 883568, -462550, 63180, -274846, -2531328, 9342168, -10495324, 3917550, -3243240, -9207894, 76731272


Specific heat coefficients for square lattice spin 5/2 Ising model.
100, 0, 0, 0, 0, 0, 0, 0, 0, 722, -600, 0, 0, 0, 0, 0, 0, 0, 7840, -13456, 5700, 0, 0, 0, 0, 0, 11664, 46546, -168948, 155142, -44400, 0, 0, 0, 58080, 72900, 57132, -1431432, 2460672, -1565452, 348000, 57222, 186576


Magnetic susceptibility coefficients for square lattice spin 1 Ising model.
1, 0, 0, 8, -6, 0, 90, -144, 192, 480, -1372, 2676, 1703, -11952, 33316, -18900, -64201, 304580, -401068, -97928, 2390637, -5130048, 4264858, 13518716, -49117798, 76725752, 29308994, -381566684, 915306452


Magnetic susceptibility coefficients for square lattice spin 2 Ising model.
1, 0, 0, 0, 0, 0, 0, 8, -6, 0, 0, 0, 0, 0, 90, -144, 57, 0, 0, 0, 144, 544, -1872, 1632, -444, 0, 750, 900, 675, -16200, 26700, -15508, 5939, 3672, -4176, -11736, -93861, 308572, -316556, 154084, -35093, -57624, -85248, -336492


Magnetic susceptibility coefficients for square lattice spin 3 Ising model.
1, 0, 0, 0, 0, 0, 0, 0, 0, 0, 0, 8, -6, 0, 0, 0, 0, 0, 0, 0, 0, 0, 90, -144, 57, 0, 0, 0, 0, 0, 0, 0, 144, 544, -1872, 1632, -444, 0, 0, 0, 0, 0, 750, 900, 675, -16200, 26700, -16300, 3480, 0, 0, 792, 2484, 3672, -4176, -11592


Magnetic susceptibility coefficients for square lattice spin 3/2 Ising model.
1, 0, 0, 0, 0, 8, -6, 0, 0, 0, 90, -144, 57, 0, 144, 544, -1872, 1632, 290, 900, 575, -15408, 28824, -12628, 1511, -9620, -86400, 311016, -325177, 105560, -105806, -320884, 2600298, -4633132, 3170734, -1578000, 428357


Magnetic susceptibility coefficients for square lattice spin 5/2 Ising model.
1, 0, 0, 0, 0, 0, 0, 0, 0, 8, -6, 0, 0, 0, 0, 0, 0, 0, 90, -144, 57, 0, 0, 0, 0, 0, 144, 544, -1872, 1632, -444, 0, 0, 0, 750, 900, 675, -16200, 26700, -16300, 3480, 792, 2484, 3672, -4176, -11592, -96948, 306024, -323073


Smallest start for a '3x+1' sequence containing 2^n.
1, 2, 3, 3, 3, 21, 21, 75, 75, 151, 151, 1365, 1365, 5461, 5461, 14563, 14563, 87381, 87381, 184111, 184111, 932067, 932067, 5592405, 5592405, 13256071, 13256071, 26512143, 26512143, 357913941, 357913941, 1431655765, 1431655765, 3817748707


Continued fraction for sqrt(7).
2, 1, 1, 1, 4, 1, 1, 1, 4, 1, 1, 1, 4, 1, 1, 1, 4, 1, 1, 1, 4, 1, 1, 1, 4, 1, 1, 1, 4, 1, 1, 1, 4, 1, 1, 1, 4, 1, 1, 1, 4, 1, 1, 1, 4, 1, 1, 1, 4, 1, 1, 1, 4, 1, 1, 1, 4, 1, 1, 1, 4, 1, 1, 1, 4, 1, 1, 1, 4, 1, 1, 1, 4, 1, 1, 1, 4, 1, 1, 1, 4


Continued fraction for sqrt(13).
3, 1, 1, 1, 1, 6, 1, 1, 1, 1, 6, 1, 1, 1, 1, 6, 1, 1, 1, 1, 6, 1, 1, 1, 1, 6, 1, 1, 1, 1, 6, 1, 1, 1, 1, 6, 1, 1, 1, 1, 6, 1, 1, 1, 1, 6, 1, 1, 1, 1, 6, 1, 1, 1, 1, 6, 1, 1, 1, 1, 6, 1, 1, 1, 1, 6, 1, 1, 1, 1, 6, 1, 1, 1, 1, 6, 1, 1, 1, 1, 6


Continued fraction for sqrt(14).
3, 1, 2, 1, 6, 1, 2, 1, 6, 1, 2, 1, 6, 1, 2, 1, 6, 1, 2, 1, 6, 1, 2, 1, 6, 1, 2, 1, 6, 1, 2, 1, 6, 1, 2, 1, 6, 1, 2, 1, 6, 1, 2, 1, 6, 1, 2, 1, 6, 1, 2, 1, 6, 1, 2, 1, 6, 1, 2, 1, 6, 1, 2, 1, 6, 1, 2, 1, 6, 1, 2, 1, 6, 1, 2, 1, 6, 1, 2, 1, 6


Continued fraction for sqrt(19).
4, 2, 1, 3, 1, 2, 8, 2, 1, 3, 1, 2, 8, 2, 1, 3, 1, 2, 8, 2, 1, 3, 1, 2, 8, 2, 1, 3, 1, 2, 8, 2, 1, 3, 1, 2, 8, 2, 1, 3, 1, 2, 8, 2, 1, 3, 1, 2, 8, 2, 1, 3, 1, 2, 8, 2, 1, 3, 1, 2, 8, 2, 1, 3, 1, 2, 8, 2, 1, 3, 1, 2, 8, 2, 1, 3, 1, 2, 8, 2, 1


Continued fraction for sqrt(21).
4, 1, 1, 2, 1, 1, 8, 1, 1, 2, 1, 1, 8, 1, 1, 2, 1, 1, 8, 1, 1, 2, 1, 1, 8, 1, 1, 2, 1, 1, 8, 1, 1, 2, 1, 1, 8, 1, 1, 2, 1, 1, 8, 1, 1, 2, 1, 1, 8, 1, 1, 2, 1, 1, 8, 1, 1, 2, 1, 1, 8, 1, 1, 2, 1, 1, 8, 1, 1, 2, 1, 1, 8, 1, 1, 2, 1, 1, 8, 1, 1


Continued fraction for sqrt(22).
4, 1, 2, 4, 2, 1, 8, 1, 2, 4, 2, 1, 8, 1, 2, 4, 2, 1, 8, 1, 2, 4, 2, 1, 8, 1, 2, 4, 2, 1, 8, 1, 2, 4, 2, 1, 8, 1, 2, 4, 2, 1, 8, 1, 2, 4, 2, 1, 8, 1, 2, 4, 2, 1, 8, 1, 2, 4, 2, 1, 8, 1, 2, 4, 2, 1, 8, 1, 2, 4, 2, 1, 8, 1, 2, 4, 2, 1, 8, 1, 2


Continued fraction for sqrt(23).
4, 1, 3, 1, 8, 1, 3, 1, 8, 1, 3, 1, 8, 1, 3, 1, 8, 1, 3, 1, 8, 1, 3, 1, 8, 1, 3, 1, 8, 1, 3, 1, 8, 1, 3, 1, 8, 1, 3, 1, 8, 1, 3, 1, 8, 1, 3, 1, 8, 1, 3, 1, 8, 1, 3, 1, 8, 1, 3, 1, 8, 1, 3, 1, 8, 1, 3, 1, 8, 1, 3, 1, 8, 1, 3, 1, 8, 1, 3, 1, 8


Continued fraction for sqrt(29).
5, 2, 1, 1, 2, 10, 2, 1, 1, 2, 10, 2, 1, 1, 2, 10, 2, 1, 1, 2, 10, 2, 1, 1, 2, 10, 2, 1, 1, 2, 10, 2, 1, 1, 2, 10, 2, 1, 1, 2, 10, 2, 1, 1, 2, 10, 2, 1, 1, 2, 10, 2, 1, 1, 2, 10, 2, 1, 1, 2, 10, 2, 1, 1, 2, 10, 2, 1, 1, 2, 10, 2, 1, 1, 2, 10, 2, 1, 1, 2, 10


Continued fraction for sqrt(31).
5, 1, 1, 3, 5, 3, 1, 1, 10, 1, 1, 3, 5, 3, 1, 1, 10, 1, 1, 3, 5, 3, 1, 1, 10, 1, 1, 3, 5, 3, 1, 1, 10, 1, 1, 3, 5, 3, 1, 1, 10, 1, 1, 3, 5, 3, 1, 1, 10, 1, 1, 3, 5, 3, 1, 1, 10, 1, 1, 3, 5, 3, 1, 1, 10, 1, 1, 3, 5, 3, 1, 1, 10, 1, 1, 3, 5, 3


Continued fraction for sqrt(32).
5, 1, 1, 1, 10, 1, 1, 1, 10, 1, 1, 1, 10, 1, 1, 1, 10, 1, 1, 1, 10, 1, 1, 1, 10, 1, 1, 1, 10, 1, 1, 1, 10, 1, 1, 1, 10, 1, 1, 1, 10, 1, 1, 1, 10, 1, 1, 1, 10, 1, 1, 1, 10, 1, 1, 1, 10, 1, 1, 1, 10, 1, 1, 1, 10, 1, 1, 1, 10, 1, 1, 1, 10


Continued fraction for sqrt(33).
5, 1, 2, 1, 10, 1, 2, 1, 10, 1, 2, 1, 10, 1, 2, 1, 10, 1, 2, 1, 10, 1, 2, 1, 10, 1, 2, 1, 10, 1, 2, 1, 10, 1, 2, 1, 10, 1, 2, 1, 10, 1, 2, 1, 10, 1, 2, 1, 10, 1, 2, 1, 10, 1, 2, 1, 10, 1, 2, 1, 10, 1, 2, 1, 10, 1, 2, 1, 10, 1, 2, 1, 10


Continued fraction for sqrt(34).
5, 1, 4, 1, 10, 1, 4, 1, 10, 1, 4, 1, 10, 1, 4, 1, 10, 1, 4, 1, 10, 1, 4, 1, 10, 1, 4, 1, 10, 1, 4, 1, 10, 1, 4, 1, 10, 1, 4, 1, 10, 1, 4, 1, 10, 1, 4, 1, 10, 1, 4, 1, 10, 1, 4, 1, 10, 1, 4, 1, 10, 1, 4, 1, 10, 1, 4, 1, 10, 1, 4, 1, 10


Continued fraction for sqrt(41).
6, 2, 2, 12, 2, 2, 12, 2, 2, 12, 2, 2, 12, 2, 2, 12, 2, 2, 12, 2, 2, 12, 2, 2, 12, 2, 2, 12, 2, 2, 12, 2, 2, 12, 2, 2, 12, 2, 2, 12, 2, 2, 12, 2, 2, 12, 2, 2, 12, 2, 2, 12, 2, 2, 12, 2, 2, 12, 2, 2, 12, 2, 2, 12, 2, 2, 12, 2, 2, 12


Continued fraction for sqrt(43).
6, 1, 1, 3, 1, 5, 1, 3, 1, 1, 12, 1, 1, 3, 1, 5, 1, 3, 1, 1, 12, 1, 1, 3, 1, 5, 1, 3, 1, 1, 12, 1, 1, 3, 1, 5, 1, 3, 1, 1, 12, 1, 1, 3, 1, 5, 1, 3, 1, 1, 12, 1, 1, 3, 1, 5, 1, 3, 1, 1, 12, 1, 1, 3, 1, 5, 1, 3, 1, 1, 12, 1, 1, 3, 1, 5, 1, 3


Continued fraction for sqrt(45).
6, 1, 2, 2, 2, 1, 12, 1, 2, 2, 2, 1, 12, 1, 2, 2, 2, 1, 12, 1, 2, 2, 2, 1, 12, 1, 2, 2, 2, 1, 12, 1, 2, 2, 2, 1, 12, 1, 2, 2, 2, 1, 12, 1, 2, 2, 2, 1, 12, 1, 2, 2, 2, 1, 12, 1, 2, 2, 2, 1, 12, 1, 2, 2, 2, 1, 12, 1, 2, 2, 2, 1, 12, 1, 2


Continued fraction for sqrt(46).
6, 1, 3, 1, 1, 2, 6, 2, 1, 1, 3, 1, 12, 1, 3, 1, 1, 2, 6, 2, 1, 1, 3, 1, 12, 1, 3, 1, 1, 2, 6, 2, 1, 1, 3, 1, 12, 1, 3, 1, 1, 2, 6, 2, 1, 1, 3, 1, 12, 1, 3, 1, 1, 2, 6, 2, 1, 1, 3, 1, 12, 1, 3, 1, 1, 2, 6, 2, 1, 1, 3, 1, 12, 1, 3, 1, 1, 2


Continued fraction for sqrt(47).
6, 1, 5, 1, 12, 1, 5, 1, 12, 1, 5, 1, 12, 1, 5, 1, 12, 1, 5, 1, 12, 1, 5, 1, 12, 1, 5, 1, 12, 1, 5, 1, 12, 1, 5, 1, 12, 1, 5, 1, 12, 1, 5, 1, 12, 1, 5, 1, 12, 1, 5, 1, 12, 1, 5, 1, 12, 1, 5, 1, 12, 1, 5, 1, 12, 1, 5, 1, 12, 1, 5, 1, 12


Continued fraction for sqrt(52).
7, 4, 1, 2, 1, 4, 14, 4, 1, 2, 1, 4, 14, 4, 1, 2, 1, 4, 14, 4, 1, 2, 1, 4, 14, 4, 1, 2, 1, 4, 14, 4, 1, 2, 1, 4, 14, 4, 1, 2, 1, 4, 14, 4, 1, 2, 1, 4, 14, 4, 1, 2, 1, 4, 14, 4, 1, 2, 1, 4, 14, 4, 1, 2, 1, 4, 14, 4, 1, 2, 1, 4, 14, 4, 1


Continued fraction for sqrt(53).
7, 3, 1, 1, 3, 14, 3, 1, 1, 3, 14, 3, 1, 1, 3, 14, 3, 1, 1, 3, 14, 3, 1, 1, 3, 14, 3, 1, 1, 3, 14, 3, 1, 1, 3, 14, 3, 1, 1, 3, 14, 3, 1, 1, 3, 14, 3, 1, 1, 3, 14, 3, 1, 1, 3, 14, 3, 1, 1, 3, 14, 3, 1, 1, 3, 14, 3, 1, 1, 3, 14, 3, 1, 1, 3


Continued fraction for sqrt(54).
7, 2, 1, 6, 1, 2, 14, 2, 1, 6, 1, 2, 14, 2, 1, 6, 1, 2, 14, 2, 1, 6, 1, 2, 14, 2, 1, 6, 1, 2, 14, 2, 1, 6, 1, 2, 14, 2, 1, 6, 1, 2, 14, 2, 1, 6, 1, 2, 14, 2, 1, 6, 1, 2, 14, 2, 1, 6, 1, 2, 14, 2, 1, 6, 1, 2, 14, 2, 1, 6, 1, 2, 14, 2, 1


Continued fraction for sqrt(55).
7, 2, 2, 2, 14, 2, 2, 2, 14, 2, 2, 2, 14, 2, 2, 2, 14, 2, 2, 2, 14, 2, 2, 2, 14, 2, 2, 2, 14, 2, 2, 2, 14, 2, 2, 2, 14, 2, 2, 2, 14, 2, 2, 2, 14, 2, 2, 2, 14, 2, 2, 2, 14, 2, 2, 2, 14, 2, 2, 2, 14, 2, 2, 2, 14, 2, 2, 2, 14, 2, 2, 2, 14


Continued fraction for sqrt(57).
7, 1, 1, 4, 1, 1, 14, 1, 1, 4, 1, 1, 14, 1, 1, 4, 1, 1, 14, 1, 1, 4, 1, 1, 14, 1, 1, 4, 1, 1, 14, 1, 1, 4, 1, 1, 14, 1, 1, 4, 1, 1, 14, 1, 1, 4, 1, 1, 14, 1, 1, 4, 1, 1, 14, 1, 1, 4, 1, 1, 14, 1, 1, 4, 1, 1, 14, 1, 1, 4, 1, 1, 14, 1, 1


Continued fraction for sqrt(58).
7, 1, 1, 1, 1, 1, 1, 14, 1, 1, 1, 1, 1, 1, 14, 1, 1, 1, 1, 1, 1, 14, 1, 1, 1, 1, 1, 1, 14, 1, 1, 1, 1, 1, 1, 14, 1, 1, 1, 1, 1, 1, 14, 1, 1, 1, 1, 1, 1, 14, 1, 1, 1, 1, 1, 1, 14, 1, 1, 1, 1, 1, 1, 14, 1, 1, 1, 1, 1, 1, 14, 1, 1, 1, 1, 1, 1


Continued fraction for sqrt(59).
7, 1, 2, 7, 2, 1, 14, 1, 2, 7, 2, 1, 14, 1, 2, 7, 2, 1, 14, 1, 2, 7, 2, 1, 14, 1, 2, 7, 2, 1, 14, 1, 2, 7, 2, 1, 14, 1, 2, 7, 2, 1, 14, 1, 2, 7, 2, 1, 14, 1, 2, 7, 2, 1, 14, 1, 2, 7, 2, 1, 14, 1, 2, 7, 2, 1, 14, 1, 2, 7, 2, 1, 14, 1, 2


Continued fraction for sqrt(61).
7, 1, 4, 3, 1, 2, 2, 1, 3, 4, 1, 14, 1, 4, 3, 1, 2, 2, 1, 3, 4, 1, 14, 1, 4, 3, 1, 2, 2, 1, 3, 4, 1, 14, 1, 4, 3, 1, 2, 2, 1, 3, 4, 1, 14, 1, 4, 3, 1, 2, 2, 1, 3, 4, 1, 14, 1, 4, 3, 1, 2, 2, 1, 3, 4, 1, 14, 1, 4, 3, 1, 2, 2, 1, 3, 4, 1, 14


Continued fraction for sqrt(62).
7, 1, 6, 1, 14, 1, 6, 1, 14, 1, 6, 1, 14, 1, 6, 1, 14, 1, 6, 1, 14, 1, 6, 1, 14, 1, 6, 1, 14, 1, 6, 1, 14, 1, 6, 1, 14, 1, 6, 1, 14, 1, 6, 1, 14, 1, 6, 1, 14, 1, 6, 1, 14, 1, 6, 1, 14, 1, 6, 1, 14, 1, 6, 1, 14, 1, 6, 1, 14, 1, 6, 1, 14


Continued fraction for sqrt(67).
8, 5, 2, 1, 1, 7, 1, 1, 2, 5, 16, 5, 2, 1, 1, 7, 1, 1, 2, 5, 16, 5, 2, 1, 1, 7, 1, 1, 2, 5, 16, 5, 2, 1, 1, 7, 1, 1, 2, 5, 16, 5, 2, 1, 1, 7, 1, 1, 2, 5, 16, 5, 2, 1, 1, 7, 1, 1, 2, 5, 16, 5, 2, 1, 1, 7, 1, 1, 2, 5, 16, 5, 2, 1, 1, 7, 1, 1


Continued fraction for sqrt(69).
8, 3, 3, 1, 4, 1, 3, 3, 16, 3, 3, 1, 4, 1, 3, 3, 16, 3, 3, 1, 4, 1, 3, 3, 16, 3, 3, 1, 4, 1, 3, 3, 16, 3, 3, 1, 4, 1, 3, 3, 16, 3, 3, 1, 4, 1, 3, 3, 16, 3, 3, 1, 4, 1, 3, 3, 16, 3, 3, 1, 4, 1, 3, 3, 16, 3, 3, 1, 4, 1, 3, 3, 16, 3, 3, 1, 4, 1


Continued fraction for sqrt(70).
8, 2, 1, 2, 1, 2, 16, 2, 1, 2, 1, 2, 16, 2, 1, 2, 1, 2, 16, 2, 1, 2, 1, 2, 16, 2, 1, 2, 1, 2, 16, 2, 1, 2, 1, 2, 16, 2, 1, 2, 1, 2, 16, 2, 1, 2, 1, 2, 16, 2, 1, 2, 1, 2, 16, 2, 1, 2, 1, 2, 16, 2, 1, 2, 1, 2, 16, 2, 1, 2, 1, 2, 16, 2, 1


Continued fraction for sqrt(71).
8, 2, 2, 1, 7, 1, 2, 2, 16, 2, 2, 1, 7, 1, 2, 2, 16, 2, 2, 1, 7, 1, 2, 2, 16, 2, 2, 1, 7, 1, 2, 2, 16, 2, 2, 1, 7, 1, 2, 2, 16, 2, 2, 1, 7, 1, 2, 2, 16, 2, 2, 1, 7, 1, 2, 2, 16, 2, 2, 1, 7, 1, 2, 2, 16, 2, 2, 1, 7, 1, 2, 2, 16, 2, 2, 1, 7, 1


Continued fraction for sqrt(73).
8, 1, 1, 5, 5, 1, 1, 16, 1, 1, 5, 5, 1, 1, 16, 1, 1, 5, 5, 1, 1, 16, 1, 1, 5, 5, 1, 1, 16, 1, 1, 5, 5, 1, 1, 16, 1, 1, 5, 5, 1, 1, 16, 1, 1, 5, 5, 1, 1, 16, 1, 1, 5, 5, 1, 1, 16, 1, 1, 5, 5, 1, 1, 16, 1, 1, 5, 5, 1, 1, 16, 1, 1, 5, 5, 1, 1


Continued fraction for sqrt(74).
8, 1, 1, 1, 1, 16, 1, 1, 1, 1, 16, 1, 1, 1, 1, 16, 1, 1, 1, 1, 16, 1, 1, 1, 1, 16, 1, 1, 1, 1, 16, 1, 1, 1, 1, 16, 1, 1, 1, 1, 16, 1, 1, 1, 1, 16, 1, 1, 1, 1, 16, 1, 1, 1, 1, 16, 1, 1, 1, 1, 16, 1, 1, 1, 1, 16, 1, 1, 1, 1, 16, 1, 1, 1, 1


Continued fraction for sqrt(75) (or 5*sqrt(5)).
8, 1, 1, 1, 16, 1, 1, 1, 16, 1, 1, 1, 16, 1, 1, 1, 16, 1, 1, 1, 16, 1, 1, 1, 16, 1, 1, 1, 16, 1, 1, 1, 16, 1, 1, 1, 16, 1, 1, 1, 16, 1, 1, 1, 16, 1, 1, 1, 16, 1, 1, 1, 16, 1, 1, 1, 16, 1, 1, 1, 16, 1, 1, 1, 16, 1, 1, 1, 16, 1, 1, 1, 16


Continued fraction for sqrt(76).
8, 1, 2, 1, 1, 5, 4, 5, 1, 1, 2, 1, 16, 1, 2, 1, 1, 5, 4, 5, 1, 1, 2, 1, 16, 1, 2, 1, 1, 5, 4, 5, 1, 1, 2, 1, 16, 1, 2, 1, 1, 5, 4, 5, 1, 1, 2, 1, 16, 1, 2, 1, 1, 5, 4, 5, 1, 1, 2, 1, 16, 1, 2, 1, 1, 5, 4, 5, 1, 1, 2, 1, 16, 1, 2, 1, 1, 5


Continued fraction for sqrt(77).
8, 1, 3, 2, 3, 1, 16, 1, 3, 2, 3, 1, 16, 1, 3, 2, 3, 1, 16, 1, 3, 2, 3, 1, 16, 1, 3, 2, 3, 1, 16, 1, 3, 2, 3, 1, 16, 1, 3, 2, 3, 1, 16, 1, 3, 2, 3, 1, 16, 1, 3, 2, 3, 1, 16, 1, 3, 2, 3, 1, 16, 1, 3, 2, 3, 1, 16, 1, 3, 2, 3, 1, 16, 1, 3


Continued fraction for sqrt(78).
8, 1, 4, 1, 16, 1, 4, 1, 16, 1, 4, 1, 16, 1, 4, 1, 16, 1, 4, 1, 16, 1, 4, 1, 16, 1, 4, 1, 16, 1, 4, 1, 16, 1, 4, 1, 16, 1, 4, 1, 16, 1, 4, 1, 16, 1, 4, 1, 16, 1, 4, 1, 16, 1, 4, 1, 16, 1, 4, 1, 16, 1, 4, 1, 16, 1, 4, 1, 16, 1, 4, 1, 16


Continued fraction for sqrt(79).
8, 1, 7, 1, 16, 1, 7, 1, 16, 1, 7, 1, 16, 1, 7, 1, 16, 1, 7, 1, 16, 1, 7, 1, 16, 1, 7, 1, 16, 1, 7, 1, 16, 1, 7, 1, 16, 1, 7, 1, 16, 1, 7, 1, 16, 1, 7, 1, 16, 1, 7, 1, 16, 1, 7, 1, 16, 1, 7, 1, 16, 1, 7, 1, 16, 1, 7, 1, 16, 1, 7, 1, 16


Continued fraction for sqrt(85).
9, 4, 1, 1, 4, 18, 4, 1, 1, 4, 18, 4, 1, 1, 4, 18, 4, 1, 1, 4, 18, 4, 1, 1, 4, 18, 4, 1, 1, 4, 18, 4, 1, 1, 4, 18, 4, 1, 1, 4, 18, 4, 1, 1, 4, 18, 4, 1, 1, 4, 18, 4, 1, 1, 4, 18, 4, 1, 1, 4, 18, 4, 1, 1, 4, 18, 4, 1, 1, 4, 18, 4, 1, 1, 4


Continued fraction for sqrt(86).
9, 3, 1, 1, 1, 8, 1, 1, 1, 3, 18, 3, 1, 1, 1, 8, 1, 1, 1, 3, 18, 3, 1, 1, 1, 8, 1, 1, 1, 3, 18, 3, 1, 1, 1, 8, 1, 1, 1, 3, 18, 3, 1, 1, 1, 8, 1, 1, 1, 3, 18, 3, 1, 1, 1, 8, 1, 1, 1, 3, 18, 3, 1, 1, 1, 8, 1, 1, 1, 3, 18, 3, 1, 1, 1, 8, 1, 1


Continued fraction for sqrt(88).
9, 2, 1, 1, 1, 2, 18, 2, 1, 1, 1, 2, 18, 2, 1, 1, 1, 2, 18, 2, 1, 1, 1, 2, 18, 2, 1, 1, 1, 2, 18, 2, 1, 1, 1, 2, 18, 2, 1, 1, 1, 2, 18, 2, 1, 1, 1, 2, 18, 2, 1, 1, 1, 2, 18, 2, 1, 1, 1, 2, 18, 2, 1, 1, 1, 2, 18, 2, 1, 1, 1, 2, 18, 2, 1


Continued fraction for sqrt(89).
9, 2, 3, 3, 2, 18, 2, 3, 3, 2, 18, 2, 3, 3, 2, 18, 2, 3, 3, 2, 18, 2, 3, 3, 2, 18, 2, 3, 3, 2, 18, 2, 3, 3, 2, 18, 2, 3, 3, 2, 18, 2, 3, 3, 2, 18, 2, 3, 3, 2, 18, 2, 3, 3, 2, 18, 2, 3, 3, 2, 18, 2, 3, 3, 2, 18, 2, 3, 3, 2, 18, 2, 3, 3, 2


Continued fraction for sqrt(91).
9, 1, 1, 5, 1, 5, 1, 1, 18, 1, 1, 5, 1, 5, 1, 1, 18, 1, 1, 5, 1, 5, 1, 1, 18, 1, 1, 5, 1, 5, 1, 1, 18, 1, 1, 5, 1, 5, 1, 1, 18, 1, 1, 5, 1, 5, 1, 1, 18, 1, 1, 5, 1, 5, 1, 1, 18, 1, 1, 5, 1, 5, 1, 1, 18, 1, 1, 5, 1, 5, 1, 1, 18, 1, 1, 5, 1, 5


Continued fraction for sqrt(92).
9, 1, 1, 2, 4, 2, 1, 1, 18, 1, 1, 2, 4, 2, 1, 1, 18, 1, 1, 2, 4, 2, 1, 1, 18, 1, 1, 2, 4, 2, 1, 1, 18, 1, 1, 2, 4, 2, 1, 1, 18, 1, 1, 2, 4, 2, 1, 1, 18, 1, 1, 2, 4, 2, 1, 1, 18, 1, 1, 2, 4, 2, 1, 1, 18, 1, 1, 2, 4, 2, 1, 1, 18, 1, 1, 2, 4, 2


Continued fraction for sqrt(93).
9, 1, 1, 1, 4, 6, 4, 1, 1, 1, 18, 1, 1, 1, 4, 6, 4, 1, 1, 1, 18, 1, 1, 1, 4, 6, 4, 1, 1, 1, 18, 1, 1, 1, 4, 6, 4, 1, 1, 1, 18, 1, 1, 1, 4, 6, 4, 1, 1, 1, 18, 1, 1, 1, 4, 6, 4, 1, 1, 1, 18, 1, 1, 1, 4, 6, 4, 1, 1, 1, 18, 1, 1, 1, 4, 6, 4, 1


Continued fraction for sqrt(94).
9, 1, 2, 3, 1, 1, 5, 1, 8, 1, 5, 1, 1, 3, 2, 1, 18, 1, 2, 3, 1, 1, 5, 1, 8, 1, 5, 1, 1, 3, 2, 1, 18, 1, 2, 3, 1, 1, 5, 1, 8, 1, 5, 1, 1, 3, 2, 1, 18, 1, 2, 3, 1, 1, 5, 1, 8, 1, 5, 1, 1, 3, 2, 1, 18, 1, 2, 3, 1, 1, 5, 1, 8, 1, 5, 1, 1, 3, 2, 1


Continued fraction for sqrt(95).
9, 1, 2, 1, 18, 1, 2, 1, 18, 1, 2, 1, 18, 1, 2, 1, 18, 1, 2, 1, 18, 1, 2, 1, 18, 1, 2, 1, 18, 1, 2, 1, 18, 1, 2, 1, 18, 1, 2, 1, 18, 1, 2, 1, 18, 1, 2, 1, 18, 1, 2, 1, 18, 1, 2, 1, 18, 1, 2, 1, 18, 1, 2, 1, 18, 1, 2, 1, 18, 1, 2, 1, 18


Continued fraction for sqrt(96).
9, 1, 3, 1, 18, 1, 3, 1, 18, 1, 3, 1, 18, 1, 3, 1, 18, 1, 3, 1, 18, 1, 3, 1, 18, 1, 3, 1, 18, 1, 3, 1, 18, 1, 3, 1, 18, 1, 3, 1, 18, 1, 3, 1, 18, 1, 3, 1, 18, 1, 3, 1, 18, 1, 3, 1, 18, 1, 3, 1, 18, 1, 3, 1, 18, 1, 3, 1, 18, 1, 3, 1, 18


Continued fraction for sqrt(97).
9, 1, 5, 1, 1, 1, 1, 1, 1, 5, 1, 18, 1, 5, 1, 1, 1, 1, 1, 1, 5, 1, 18, 1, 5, 1, 1, 1, 1, 1, 1, 5, 1, 18, 1, 5, 1, 1, 1, 1, 1, 1, 5, 1, 18, 1, 5, 1, 1, 1, 1, 1, 1, 5, 1, 18, 1, 5, 1, 1, 1, 1, 1, 1, 5, 1, 18, 1, 5, 1, 1, 1, 1, 1, 1, 5, 1, 18


Continued fraction for sqrt(98).
9, 1, 8, 1, 18, 1, 8, 1, 18, 1, 8, 1, 18, 1, 8, 1, 18, 1, 8, 1, 18, 1, 8, 1, 18, 1, 8, 1, 18, 1, 8, 1, 18, 1, 8, 1, 18, 1, 8, 1, 18, 1, 8, 1, 18, 1, 8, 1, 18, 1, 8, 1, 18, 1, 8, 1, 18, 1, 8, 1, 18, 1, 8, 1, 18, 1, 8, 1, 18, 1, 8, 1, 18


Continued fraction for sqrt(99).
9, 1, 18, 1, 18, 1, 18, 1, 18, 1, 18, 1, 18, 1, 18, 1, 18, 1, 18, 1, 18, 1, 18, 1, 18, 1, 18, 1, 18, 1, 18, 1, 18, 1, 18, 1, 18, 1, 18, 1, 18, 1, 18, 1, 18, 1, 18, 1, 18, 1, 18, 1, 18, 1, 18, 1, 18, 1, 18, 1, 18, 1, 18, 1, 18, 1


Continued fraction for sqrt(103).
10, 6, 1, 2, 1, 1, 9, 1, 1, 2, 1, 6, 20, 6, 1, 2, 1, 1, 9, 1, 1, 2, 1, 6, 20, 6, 1, 2, 1, 1, 9, 1, 1, 2, 1, 6, 20, 6, 1, 2, 1, 1, 9, 1, 1, 2, 1, 6, 20, 6, 1, 2, 1, 1, 9, 1, 1, 2, 1, 6, 20, 6, 1, 2, 1, 1, 9, 1, 1, 2, 1, 6, 20, 6, 1, 2, 1, 1


Continued fraction for sqrt(106).
10, 3, 2, 1, 1, 1, 1, 2, 3, 20, 3, 2, 1, 1, 1, 1, 2, 3, 20, 3, 2, 1, 1, 1, 1, 2, 3, 20, 3, 2, 1, 1, 1, 1, 2, 3, 20, 3, 2, 1, 1, 1, 1, 2, 3, 20, 3, 2, 1, 1, 1, 1, 2, 3, 20, 3, 2, 1, 1, 1, 1, 2, 3, 20, 3, 2, 1, 1, 1, 1, 2, 3, 20, 3, 2, 1, 1, 1


Continued fraction for sqrt(107).
10, 2, 1, 9, 1, 2, 20, 2, 1, 9, 1, 2, 20, 2, 1, 9, 1, 2, 20, 2, 1, 9, 1, 2, 20, 2, 1, 9, 1, 2, 20, 2, 1, 9, 1, 2, 20, 2, 1, 9, 1, 2, 20, 2, 1, 9, 1, 2, 20, 2, 1, 9, 1, 2, 20, 2, 1, 9, 1, 2, 20, 2, 1, 9, 1, 2, 20, 2, 1, 9, 1, 2, 20, 2, 1


Continued fraction for sqrt(108).
10, 2, 1, 1, 4, 1, 1, 2, 20, 2, 1, 1, 4, 1, 1, 2, 20, 2, 1, 1, 4, 1, 1, 2, 20, 2, 1, 1, 4, 1, 1, 2, 20, 2, 1, 1, 4, 1, 1, 2, 20, 2, 1, 1, 4, 1, 1, 2, 20, 2, 1, 1, 4, 1, 1, 2, 20, 2, 1, 1, 4, 1, 1, 2, 20, 2, 1, 1, 4, 1, 1, 2, 20, 2, 1, 1, 4


Continued fraction for sqrt(109).
10, 2, 3, 1, 2, 4, 1, 6, 6, 1, 4, 2, 1, 3, 2, 20, 2, 3, 1, 2, 4, 1, 6, 6, 1, 4, 2, 1, 3, 2, 20, 2, 3, 1, 2, 4, 1, 6, 6, 1, 4, 2, 1, 3, 2, 20, 2, 3, 1, 2, 4, 1, 6, 6, 1, 4, 2, 1, 3, 2, 20, 2, 3, 1, 2, 4, 1, 6, 6, 1, 4, 2, 1, 3, 2, 20, 2, 3


Continued fraction for sqrt(111).
10, 1, 1, 6, 1, 1, 20, 1, 1, 6, 1, 1, 20, 1, 1, 6, 1, 1, 20, 1, 1, 6, 1, 1, 20, 1, 1, 6, 1, 1, 20, 1, 1, 6, 1, 1, 20, 1, 1, 6, 1, 1, 20, 1, 1, 6, 1, 1, 20, 1, 1, 6, 1, 1, 20, 1, 1, 6, 1, 1, 20, 1, 1, 6, 1, 1, 20, 1, 1, 6, 1, 1, 20, 1, 1


Continued fraction for sqrt(112).
10, 1, 1, 2, 1, 1, 20, 1, 1, 2, 1, 1, 20, 1, 1, 2, 1, 1, 20, 1, 1, 2, 1, 1, 20, 1, 1, 2, 1, 1, 20, 1, 1, 2, 1, 1, 20, 1, 1, 2, 1, 1, 20, 1, 1, 2, 1, 1, 20, 1, 1, 2, 1, 1, 20, 1, 1, 2, 1, 1, 20, 1, 1, 2, 1, 1, 20, 1, 1, 2, 1, 1, 20, 1, 1


Continued fraction for sqrt(113).
10, 1, 1, 1, 2, 2, 1, 1, 1, 20, 1, 1, 1, 2, 2, 1, 1, 1, 20, 1, 1, 1, 2, 2, 1, 1, 1, 20, 1, 1, 1, 2, 2, 1, 1, 1, 20, 1, 1, 1, 2, 2, 1, 1, 1, 20, 1, 1, 1, 2, 2, 1, 1, 1, 20, 1, 1, 1, 2, 2, 1, 1, 1, 20, 1, 1, 1, 2, 2, 1, 1, 1, 20, 1, 1, 1, 2, 2


Continued fraction for sqrt(114).
10, 1, 2, 10, 2, 1, 20, 1, 2, 10, 2, 1, 20, 1, 2, 10, 2, 1, 20, 1, 2, 10, 2, 1, 20, 1, 2, 10, 2, 1, 20, 1, 2, 10, 2, 1, 20, 1, 2, 10, 2, 1, 20, 1, 2, 10, 2, 1, 20, 1, 2, 10, 2, 1, 20, 1, 2, 10, 2, 1, 20, 1, 2, 10, 2, 1, 20, 1, 2, 10


Continued fraction for sqrt(115).
10, 1, 2, 1, 1, 1, 1, 1, 2, 1, 20, 1, 2, 1, 1, 1, 1, 1, 2, 1, 20, 1, 2, 1, 1, 1, 1, 1, 2, 1, 20, 1, 2, 1, 1, 1, 1, 1, 2, 1, 20, 1, 2, 1, 1, 1, 1, 1, 2, 1, 20, 1, 2, 1, 1, 1, 1, 1, 2, 1, 20, 1, 2, 1, 1, 1, 1, 1, 2, 1, 20, 1, 2, 1, 1, 1, 1, 1


Continued fraction for sqrt(116).
10, 1, 3, 2, 1, 4, 1, 2, 3, 1, 20, 1, 3, 2, 1, 4, 1, 2, 3, 1, 20, 1, 3, 2, 1, 4, 1, 2, 3, 1, 20, 1, 3, 2, 1, 4, 1, 2, 3, 1, 20, 1, 3, 2, 1, 4, 1, 2, 3, 1, 20, 1, 3, 2, 1, 4, 1, 2, 3, 1, 20, 1, 3, 2, 1, 4, 1, 2, 3, 1, 20, 1, 3, 2, 1, 4, 1, 2


Continued fraction for sqrt(117).
10, 1, 4, 2, 4, 1, 20, 1, 4, 2, 4, 1, 20, 1, 4, 2, 4, 1, 20, 1, 4, 2, 4, 1, 20, 1, 4, 2, 4, 1, 20, 1, 4, 2, 4, 1, 20, 1, 4, 2, 4, 1, 20, 1, 4, 2, 4, 1, 20, 1, 4, 2, 4, 1, 20, 1, 4, 2, 4, 1, 20, 1, 4, 2, 4, 1, 20, 1, 4, 2, 4, 1, 20, 1, 4


Continued fraction for sqrt(118).
10, 1, 6, 3, 2, 10, 2, 3, 6, 1, 20, 1, 6, 3, 2, 10, 2, 3, 6, 1, 20, 1, 6, 3, 2, 10, 2, 3, 6, 1, 20, 1, 6, 3, 2, 10, 2, 3, 6, 1, 20, 1, 6, 3, 2, 10, 2, 3, 6, 1, 20, 1, 6, 3, 2, 10, 2, 3, 6, 1, 20, 1, 6, 3, 2, 10, 2, 3, 6, 1, 20, 1, 6, 3, 2


Continued fraction for sqrt(119).
10, 1, 9, 1, 20, 1, 9, 1, 20, 1, 9, 1, 20, 1, 9, 1, 20, 1, 9, 1, 20, 1, 9, 1, 20, 1, 9, 1, 20, 1, 9, 1, 20, 1, 9, 1, 20, 1, 9, 1, 20, 1, 9, 1, 20, 1, 9, 1, 20, 1, 9, 1, 20, 1, 9, 1, 20, 1, 9, 1, 20, 1, 9, 1, 20, 1, 9, 1, 20, 1, 9, 1


Continued fraction for sqrt(124).
11, 7, 2, 1, 1, 1, 3, 1, 4, 1, 3, 1, 1, 1, 2, 7, 22, 7, 2, 1, 1, 1, 3, 1, 4, 1, 3, 1, 1, 1, 2, 7, 22, 7, 2, 1, 1, 1, 3, 1, 4, 1, 3, 1, 1, 1, 2, 7, 22, 7, 2, 1, 1, 1, 3, 1, 4, 1, 3, 1, 1, 1, 2, 7, 22, 7, 2, 1, 1, 1, 3, 1, 4, 1, 3, 1, 1, 1, 2


Continued fraction for sqrt(125).
11, 5, 1, 1, 5, 22, 5, 1, 1, 5, 22, 5, 1, 1, 5, 22, 5, 1, 1, 5, 22, 5, 1, 1, 5, 22, 5, 1, 1, 5, 22, 5, 1, 1, 5, 22, 5, 1, 1, 5, 22, 5, 1, 1, 5, 22, 5, 1, 1, 5, 22, 5, 1, 1, 5, 22, 5, 1, 1, 5, 22, 5, 1, 1, 5, 22, 5, 1, 1, 5, 22, 5, 1, 1, 5


Continued fraction for sqrt(126).
11, 4, 2, 4, 22, 4, 2, 4, 22, 4, 2, 4, 22, 4, 2, 4, 22, 4, 2, 4, 22, 4, 2, 4, 22, 4, 2, 4, 22, 4, 2, 4, 22, 4, 2, 4, 22, 4, 2, 4, 22, 4, 2, 4, 22, 4, 2, 4, 22, 4, 2, 4, 22, 4, 2, 4, 22, 4, 2, 4, 22, 4, 2, 4, 22, 4, 2, 4, 22, 4, 2, 4


Continued fraction for sqrt(127).
11, 3, 1, 2, 2, 7, 11, 7, 2, 2, 1, 3, 22, 3, 1, 2, 2, 7, 11, 7, 2, 2, 1, 3, 22, 3, 1, 2, 2, 7, 11, 7, 2, 2, 1, 3, 22, 3, 1, 2, 2, 7, 11, 7, 2, 2, 1, 3, 22, 3, 1, 2, 2, 7, 11, 7, 2, 2, 1, 3, 22, 3, 1, 2, 2, 7, 11, 7, 2, 2, 1, 3, 22, 3, 1


Continued fraction for sqrt(128).
11, 3, 5, 3, 22, 3, 5, 3, 22, 3, 5, 3, 22, 3, 5, 3, 22, 3, 5, 3, 22, 3, 5, 3, 22, 3, 5, 3, 22, 3, 5, 3, 22, 3, 5, 3, 22, 3, 5, 3, 22, 3, 5, 3, 22, 3, 5, 3, 22, 3, 5, 3, 22, 3, 5, 3, 22, 3, 5, 3, 22, 3, 5, 3, 22, 3, 5, 3, 22, 3, 5, 3


Continued fraction for sqrt(129).
11, 2, 1, 3, 1, 6, 1, 3, 1, 2, 22, 2, 1, 3, 1, 6, 1, 3, 1, 2, 22, 2, 1, 3, 1, 6, 1, 3, 1, 2, 22, 2, 1, 3, 1, 6, 1, 3, 1, 2, 22, 2, 1, 3, 1, 6, 1, 3, 1, 2, 22, 2, 1, 3, 1, 6, 1, 3, 1, 2, 22, 2, 1, 3, 1, 6, 1, 3, 1, 2, 22, 2, 1, 3, 1, 6, 1, 3


Continued fraction for sqrt(131).
11, 2, 4, 11, 4, 2, 22, 2, 4, 11, 4, 2, 22, 2, 4, 11, 4, 2, 22, 2, 4, 11, 4, 2, 22, 2, 4, 11, 4, 2, 22, 2, 4, 11, 4, 2, 22, 2, 4, 11, 4, 2, 22, 2, 4, 11, 4, 2, 22, 2, 4, 11, 4, 2, 22, 2, 4, 11, 4, 2, 22, 2, 4, 11, 4, 2, 22, 2, 4, 11


Continued fraction for sqrt(133).
11, 1, 1, 7, 5, 1, 1, 1, 2, 1, 1, 1, 5, 7, 1, 1, 22, 1, 1, 7, 5, 1, 1, 1, 2, 1, 1, 1, 5, 7, 1, 1, 22, 1, 1, 7, 5, 1, 1, 1, 2, 1, 1, 1, 5, 7, 1, 1, 22, 1, 1, 7, 5, 1, 1, 1, 2, 1, 1, 1, 5, 7, 1, 1, 22, 1, 1, 7, 5, 1, 1, 1, 2, 1, 1, 1, 5, 7, 1


Continued fraction for sqrt(134).
11, 1, 1, 2, 1, 3, 1, 10, 1, 3, 1, 2, 1, 1, 22, 1, 1, 2, 1, 3, 1, 10, 1, 3, 1, 2, 1, 1, 22, 1, 1, 2, 1, 3, 1, 10, 1, 3, 1, 2, 1, 1, 22, 1, 1, 2, 1, 3, 1, 10, 1, 3, 1, 2, 1, 1, 22, 1, 1, 2, 1, 3, 1, 10, 1, 3, 1, 2, 1, 1, 22, 1, 1, 2, 1, 3


Continued fraction for sqrt(135).
11, 1, 1, 1, 1, 1, 1, 1, 22, 1, 1, 1, 1, 1, 1, 1, 22, 1, 1, 1, 1, 1, 1, 1, 22, 1, 1, 1, 1, 1, 1, 1, 22, 1, 1, 1, 1, 1, 1, 1, 22, 1, 1, 1, 1, 1, 1, 1, 22, 1, 1, 1, 1, 1, 1, 1, 22, 1, 1, 1, 1, 1, 1, 1, 22, 1, 1, 1, 1, 1, 1, 1, 22, 1, 1, 1, 1


Continued fraction for sqrt(136).
11, 1, 1, 1, 22, 1, 1, 1, 22, 1, 1, 1, 22, 1, 1, 1, 22, 1, 1, 1, 22, 1, 1, 1, 22, 1, 1, 1, 22, 1, 1, 1, 22, 1, 1, 1, 22, 1, 1, 1, 22, 1, 1, 1, 22, 1, 1, 1, 22, 1, 1, 1, 22, 1, 1, 1, 22, 1, 1, 1, 22, 1, 1, 1, 22, 1, 1, 1, 22, 1, 1, 1


Continued fraction for sqrt(137).
11, 1, 2, 2, 1, 1, 2, 2, 1, 22, 1, 2, 2, 1, 1, 2, 2, 1, 22, 1, 2, 2, 1, 1, 2, 2, 1, 22, 1, 2, 2, 1, 1, 2, 2, 1, 22, 1, 2, 2, 1, 1, 2, 2, 1, 22, 1, 2, 2, 1, 1, 2, 2, 1, 22, 1, 2, 2, 1, 1, 2, 2, 1, 22, 1, 2, 2, 1, 1, 2, 2, 1, 22, 1, 2, 2, 1, 1


Continued fraction for sqrt(138).
11, 1, 2, 1, 22, 1, 2, 1, 22, 1, 2, 1, 22, 1, 2, 1, 22, 1, 2, 1, 22, 1, 2, 1, 22, 1, 2, 1, 22, 1, 2, 1, 22, 1, 2, 1, 22, 1, 2, 1, 22, 1, 2, 1, 22, 1, 2, 1, 22, 1, 2, 1, 22, 1, 2, 1, 22, 1, 2, 1, 22, 1, 2, 1, 22, 1, 2, 1, 22, 1, 2, 1


Continued fraction for sqrt(139).
11, 1, 3, 1, 3, 7, 1, 1, 2, 11, 2, 1, 1, 7, 3, 1, 3, 1, 22, 1, 3, 1, 3, 7, 1, 1, 2, 11, 2, 1, 1, 7, 3, 1, 3, 1, 22, 1, 3, 1, 3, 7, 1, 1, 2, 11, 2, 1, 1, 7, 3, 1, 3, 1, 22, 1, 3, 1, 3, 7, 1, 1, 2, 11, 2, 1, 1, 7, 3, 1, 3, 1, 22, 1, 3, 1, 3, 7


Continued fraction for sqrt(140).
11, 1, 4, 1, 22, 1, 4, 1, 22, 1, 4, 1, 22, 1, 4, 1, 22, 1, 4, 1, 22, 1, 4, 1, 22, 1, 4, 1, 22, 1, 4, 1, 22, 1, 4, 1, 22, 1, 4, 1, 22, 1, 4, 1, 22, 1, 4, 1, 22, 1, 4, 1, 22, 1, 4, 1, 22, 1, 4, 1, 22, 1, 4, 1, 22, 1, 4, 1, 22, 1, 4, 1


Continued fraction for sqrt(141).
11, 1, 6, 1, 22, 1, 6, 1, 22, 1, 6, 1, 22, 1, 6, 1, 22, 1, 6, 1, 22, 1, 6, 1, 22, 1, 6, 1, 22, 1, 6, 1, 22, 1, 6, 1, 22, 1, 6, 1, 22, 1, 6, 1, 22, 1, 6, 1, 22, 1, 6, 1, 22, 1, 6, 1, 22, 1, 6, 1, 22, 1, 6, 1, 22, 1, 6, 1, 22, 1, 6, 1


Continued fraction for sqrt(142).
11, 1, 10, 1, 22, 1, 10, 1, 22, 1, 10, 1, 22, 1, 10, 1, 22, 1, 10, 1, 22, 1, 10, 1, 22, 1, 10, 1, 22, 1, 10, 1, 22, 1, 10, 1, 22, 1, 10, 1, 22, 1, 10, 1, 22, 1, 10, 1, 22, 1, 10, 1, 22, 1, 10, 1, 22, 1, 10, 1, 22, 1, 10, 1, 22, 1


Continued fraction for sqrt(149).
12, 4, 1, 5, 3, 3, 5, 1, 4, 24, 4, 1, 5, 3, 3, 5, 1, 4, 24, 4, 1, 5, 3, 3, 5, 1, 4, 24, 4, 1, 5, 3, 3, 5, 1, 4, 24, 4, 1, 5, 3, 3, 5, 1, 4, 24, 4, 1, 5, 3, 3, 5, 1, 4, 24, 4, 1, 5, 3, 3, 5, 1, 4, 24, 4, 1, 5, 3, 3, 5, 1, 4, 24, 4, 1, 5, 3, 3


Continued fraction for sqrt(151).
12, 3, 2, 7, 1, 3, 4, 1, 1, 1, 11, 1, 1, 1, 4, 3, 1, 7, 2, 3, 24, 3, 2, 7, 1, 3, 4, 1, 1, 1, 11, 1, 1, 1, 4, 3, 1, 7, 2, 3, 24, 3, 2, 7, 1, 3, 4, 1, 1, 1, 11, 1, 1, 1, 4, 3, 1, 7, 2, 3, 24, 3, 2, 7, 1, 3, 4, 1, 1, 1, 11, 1, 1, 1, 4, 3, 1, 7


Continued fraction for sqrt(153).
12, 2, 1, 2, 2, 2, 1, 2, 24, 2, 1, 2, 2, 2, 1, 2, 24, 2, 1, 2, 2, 2, 1, 2, 24, 2, 1, 2, 2, 2, 1, 2, 24, 2, 1, 2, 2, 2, 1, 2, 24, 2, 1, 2, 2, 2, 1, 2, 24, 2, 1, 2, 2, 2, 1, 2, 24, 2, 1, 2, 2, 2, 1, 2, 24, 2, 1, 2, 2, 2, 1, 2, 24, 2, 1, 2, 2


Continued fraction for sqrt(154).
12, 2, 2, 3, 1, 2, 1, 3, 2, 2, 24, 2, 2, 3, 1, 2, 1, 3, 2, 2, 24, 2, 2, 3, 1, 2, 1, 3, 2, 2, 24, 2, 2, 3, 1, 2, 1, 3, 2, 2, 24, 2, 2, 3, 1, 2, 1, 3, 2, 2, 24, 2, 2, 3, 1, 2, 1, 3, 2, 2, 24, 2, 2, 3, 1, 2, 1, 3, 2, 2, 24, 2, 2, 3, 1, 2, 1, 3


Continued fraction for sqrt(157).
12, 1, 1, 7, 1, 5, 2, 1, 1, 1, 1, 2, 5, 1, 7, 1, 1, 24, 1, 1, 7, 1, 5, 2, 1, 1, 1, 1, 2, 5, 1, 7, 1, 1, 24, 1, 1, 7, 1, 5, 2, 1, 1, 1, 1, 2, 5, 1, 7, 1, 1, 24, 1, 1, 7, 1, 5, 2, 1, 1, 1, 1, 2, 5, 1, 7, 1, 1, 24, 1, 1, 7, 1, 5, 2, 1, 1, 1, 1


Continued fraction for sqrt(158).
12, 1, 1, 3, 12, 3, 1, 1, 24, 1, 1, 3, 12, 3, 1, 1, 24, 1, 1, 3, 12, 3, 1, 1, 24, 1, 1, 3, 12, 3, 1, 1, 24, 1, 1, 3, 12, 3, 1, 1, 24, 1, 1, 3, 12, 3, 1, 1, 24, 1, 1, 3, 12, 3, 1, 1, 24, 1, 1, 3, 12, 3, 1, 1, 24, 1, 1, 3, 12, 3, 1, 1


Continued fraction for sqrt(159).
12, 1, 1, 1, 1, 3, 1, 1, 1, 1, 24, 1, 1, 1, 1, 3, 1, 1, 1, 1, 24, 1, 1, 1, 1, 3, 1, 1, 1, 1, 24, 1, 1, 1, 1, 3, 1, 1, 1, 1, 24, 1, 1, 1, 1, 3, 1, 1, 1, 1, 24, 1, 1, 1, 1, 3, 1, 1, 1, 1, 24, 1, 1, 1, 1, 3, 1, 1, 1, 1, 24, 1, 1, 1, 1, 3, 1, 1


Continued fraction for sqrt(160).
12, 1, 1, 1, 5, 1, 1, 1, 24, 1, 1, 1, 5, 1, 1, 1, 24, 1, 1, 1, 5, 1, 1, 1, 24, 1, 1, 1, 5, 1, 1, 1, 24, 1, 1, 1, 5, 1, 1, 1, 24, 1, 1, 1, 5, 1, 1, 1, 24, 1, 1, 1, 5, 1, 1, 1, 24, 1, 1, 1, 5, 1, 1, 1, 24, 1, 1, 1, 5, 1, 1, 1, 24, 1, 1, 1, 5


Continued fraction for sqrt(161).
12, 1, 2, 4, 1, 2, 1, 4, 2, 1, 24, 1, 2, 4, 1, 2, 1, 4, 2, 1, 24, 1, 2, 4, 1, 2, 1, 4, 2, 1, 24, 1, 2, 4, 1, 2, 1, 4, 2, 1, 24, 1, 2, 4, 1, 2, 1, 4, 2, 1, 24, 1, 2, 4, 1, 2, 1, 4, 2, 1, 24, 1, 2, 4, 1, 2, 1, 4, 2, 1, 24, 1, 2, 4, 1, 2, 1, 4


Continued fraction for sqrt(162).
12, 1, 2, 1, 2, 12, 2, 1, 2, 1, 24, 1, 2, 1, 2, 12, 2, 1, 2, 1, 24, 1, 2, 1, 2, 12, 2, 1, 2, 1, 24, 1, 2, 1, 2, 12, 2, 1, 2, 1, 24, 1, 2, 1, 2, 12, 2, 1, 2, 1, 24, 1, 2, 1, 2, 12, 2, 1, 2, 1, 24, 1, 2, 1, 2, 12, 2, 1, 2, 1, 24, 1, 2, 1, 2


Continued fraction for sqrt(163).
12, 1, 3, 3, 2, 1, 1, 7, 1, 11, 1, 7, 1, 1, 2, 3, 3, 1, 24, 1, 3, 3, 2, 1, 1, 7, 1, 11, 1, 7, 1, 1, 2, 3, 3, 1, 24, 1, 3, 3, 2, 1, 1, 7, 1, 11, 1, 7, 1, 1, 2, 3, 3, 1, 24, 1, 3, 3, 2, 1, 1, 7, 1, 11, 1, 7, 1, 1, 2, 3, 3, 1, 24, 1, 3, 3, 2, 1


Continued fraction for sqrt(165).
12, 1, 5, 2, 5, 1, 24, 1, 5, 2, 5, 1, 24, 1, 5, 2, 5, 1, 24, 1, 5, 2, 5, 1, 24, 1, 5, 2, 5, 1, 24, 1, 5, 2, 5, 1, 24, 1, 5, 2, 5, 1, 24, 1, 5, 2, 5, 1, 24, 1, 5, 2, 5, 1, 24, 1, 5, 2, 5, 1, 24, 1, 5, 2, 5, 1, 24, 1, 5, 2, 5, 1, 24, 1, 5


Continued fraction for sqrt(166).
12, 1, 7, 1, 1, 1, 2, 4, 1, 3, 2, 12, 2, 3, 1, 4, 2, 1, 1, 1, 7, 1, 24, 1, 7, 1, 1, 1, 2, 4, 1, 3, 2, 12, 2, 3, 1, 4, 2, 1, 1, 1, 7, 1, 24, 1, 7, 1, 1, 1, 2, 4, 1, 3, 2, 12, 2, 3, 1, 4, 2, 1, 1, 1, 7, 1, 24, 1, 7, 1, 1, 1, 2, 4, 1, 3, 2, 12


Continued fraction for sqrt(167).
12, 1, 11, 1, 24, 1, 11, 1, 24, 1, 11, 1, 24, 1, 11, 1, 24, 1, 11, 1, 24, 1, 11, 1, 24, 1, 11, 1, 24, 1, 11, 1, 24, 1, 11, 1, 24, 1, 11, 1, 24, 1, 11, 1, 24, 1, 11, 1, 24, 1, 11, 1, 24, 1, 11, 1, 24, 1, 11, 1, 24, 1, 11, 1, 24, 1


Continued fraction for sqrt(172).
13, 8, 1, 2, 2, 1, 1, 3, 6, 3, 1, 1, 2, 2, 1, 8, 26, 8, 1, 2, 2, 1, 1, 3, 6, 3, 1, 1, 2, 2, 1, 8, 26, 8, 1, 2, 2, 1, 1, 3, 6, 3, 1, 1, 2, 2, 1, 8, 26, 8, 1, 2, 2, 1, 1, 3, 6, 3, 1, 1, 2, 2, 1, 8, 26, 8, 1, 2, 2, 1, 1, 3, 6, 3, 1, 1, 2, 2, 1


Continued fraction for sqrt(173).
13, 6, 1, 1, 6, 26, 6, 1, 1, 6, 26, 6, 1, 1, 6, 26, 6, 1, 1, 6, 26, 6, 1, 1, 6, 26, 6, 1, 1, 6, 26, 6, 1, 1, 6, 26, 6, 1, 1, 6, 26, 6, 1, 1, 6, 26, 6, 1, 1, 6, 26, 6, 1, 1, 6, 26, 6, 1, 1, 6, 26, 6, 1, 1, 6, 26, 6, 1, 1, 6, 26, 6, 1, 1, 6


Continued fraction for sqrt(174).
13, 5, 4, 5, 26, 5, 4, 5, 26, 5, 4, 5, 26, 5, 4, 5, 26, 5, 4, 5, 26, 5, 4, 5, 26, 5, 4, 5, 26, 5, 4, 5, 26, 5, 4, 5, 26, 5, 4, 5, 26, 5, 4, 5, 26, 5, 4, 5, 26, 5, 4, 5, 26, 5, 4, 5, 26, 5, 4, 5, 26, 5, 4, 5, 26, 5, 4, 5, 26, 5, 4, 5


Continued fraction for sqrt(175).
13, 4, 2, 1, 2, 4, 26, 4, 2, 1, 2, 4, 26, 4, 2, 1, 2, 4, 26, 4, 2, 1, 2, 4, 26, 4, 2, 1, 2, 4, 26, 4, 2, 1, 2, 4, 26, 4, 2, 1, 2, 4, 26, 4, 2, 1, 2, 4, 26, 4, 2, 1, 2, 4, 26, 4, 2, 1, 2, 4, 26, 4, 2, 1, 2, 4, 26, 4, 2, 1, 2, 4, 26, 4, 2


Continued fraction for sqrt(176).
13, 3, 1, 3, 26, 3, 1, 3, 26, 3, 1, 3, 26, 3, 1, 3, 26, 3, 1, 3, 26, 3, 1, 3, 26, 3, 1, 3, 26, 3, 1, 3, 26, 3, 1, 3, 26, 3, 1, 3, 26, 3, 1, 3, 26, 3, 1, 3, 26, 3, 1, 3, 26, 3, 1, 3, 26, 3, 1, 3, 26, 3, 1, 3, 26, 3, 1, 3, 26, 3, 1, 3


Continued fraction for sqrt(177).
13, 3, 3, 2, 8, 2, 3, 3, 26, 3, 3, 2, 8, 2, 3, 3, 26, 3, 3, 2, 8, 2, 3, 3, 26, 3, 3, 2, 8, 2, 3, 3, 26, 3, 3, 2, 8, 2, 3, 3, 26, 3, 3, 2, 8, 2, 3, 3, 26, 3, 3, 2, 8, 2, 3, 3, 26, 3, 3, 2, 8, 2, 3, 3, 26, 3, 3, 2, 8, 2, 3, 3, 26, 3, 3, 2, 8


Continued fraction for sqrt(178).
13, 2, 1, 12, 1, 2, 26, 2, 1, 12, 1, 2, 26, 2, 1, 12, 1, 2, 26, 2, 1, 12, 1, 2, 26, 2, 1, 12, 1, 2, 26, 2, 1, 12, 1, 2, 26, 2, 1, 12, 1, 2, 26, 2, 1, 12, 1, 2, 26, 2, 1, 12, 1, 2, 26, 2, 1, 12, 1, 2, 26, 2, 1, 12, 1, 2, 26, 2, 1, 12


Continued fraction for sqrt(179).
13, 2, 1, 1, 1, 3, 5, 13, 5, 3, 1, 1, 1, 2, 26, 2, 1, 1, 1, 3, 5, 13, 5, 3, 1, 1, 1, 2, 26, 2, 1, 1, 1, 3, 5, 13, 5, 3, 1, 1, 1, 2, 26, 2, 1, 1, 1, 3, 5, 13, 5, 3, 1, 1, 1, 2, 26, 2, 1, 1, 1, 3, 5, 13, 5, 3, 1, 1, 1, 2, 26, 2, 1, 1, 1, 3


Continued fraction for sqrt(181).
13, 2, 4, 1, 8, 6, 1, 1, 1, 1, 2, 2, 1, 1, 1, 1, 6, 8, 1, 4, 2, 26, 2, 4, 1, 8, 6, 1, 1, 1, 1, 2, 2, 1, 1, 1, 1, 6, 8, 1, 4, 2, 26, 2, 4, 1, 8, 6, 1, 1, 1, 1, 2, 2, 1, 1, 1, 1, 6, 8, 1, 4, 2, 26, 2, 4, 1, 8, 6, 1, 1, 1, 1, 2, 2, 1, 1, 1, 1, 6


Continued fraction for sqrt(183).
13, 1, 1, 8, 1, 1, 26, 1, 1, 8, 1, 1, 26, 1, 1, 8, 1, 1, 26, 1, 1, 8, 1, 1, 26, 1, 1, 8, 1, 1, 26, 1, 1, 8, 1, 1, 26, 1, 1, 8, 1, 1, 26, 1, 1, 8, 1, 1, 26, 1, 1, 8, 1, 1, 26, 1, 1, 8, 1, 1, 26, 1, 1, 8, 1, 1, 26, 1, 1, 8, 1, 1, 26, 1, 1


Continued fraction for sqrt(184).
13, 1, 1, 3, 2, 1, 2, 1, 2, 3, 1, 1, 26, 1, 1, 3, 2, 1, 2, 1, 2, 3, 1, 1, 26, 1, 1, 3, 2, 1, 2, 1, 2, 3, 1, 1, 26, 1, 1, 3, 2, 1, 2, 1, 2, 3, 1, 1, 26, 1, 1, 3, 2, 1, 2, 1, 2, 3, 1, 1, 26, 1, 1, 3, 2, 1, 2, 1, 2, 3, 1, 1, 26, 1, 1, 3, 2, 1


Continued fraction for sqrt(185).
13, 1, 1, 1, 1, 26, 1, 1, 1, 1, 26, 1, 1, 1, 1, 26, 1, 1, 1, 1, 26, 1, 1, 1, 1, 26, 1, 1, 1, 1, 26, 1, 1, 1, 1, 26, 1, 1, 1, 1, 26, 1, 1, 1, 1, 26, 1, 1, 1, 1, 26, 1, 1, 1, 1, 26, 1, 1, 1, 1, 26, 1, 1, 1, 1, 26, 1, 1, 1, 1, 26, 1, 1, 1, 1


Continued fraction for sqrt(186).
13, 1, 1, 1, 3, 4, 3, 1, 1, 1, 26, 1, 1, 1, 3, 4, 3, 1, 1, 1, 26, 1, 1, 1, 3, 4, 3, 1, 1, 1, 26, 1, 1, 1, 3, 4, 3, 1, 1, 1, 26, 1, 1, 1, 3, 4, 3, 1, 1, 1, 26, 1, 1, 1, 3, 4, 3, 1, 1, 1, 26, 1, 1, 1, 3, 4, 3, 1, 1, 1, 26, 1, 1, 1, 3, 4, 3, 1


Continued fraction for sqrt(187).
13, 1, 2, 13, 2, 1, 26, 1, 2, 13, 2, 1, 26, 1, 2, 13, 2, 1, 26, 1, 2, 13, 2, 1, 26, 1, 2, 13, 2, 1, 26, 1, 2, 13, 2, 1, 26, 1, 2, 13, 2, 1, 26, 1, 2, 13, 2, 1, 26, 1, 2, 13, 2, 1, 26, 1, 2, 13, 2, 1, 26, 1, 2, 13, 2, 1, 26, 1, 2, 13


Continued fraction for sqrt(188).
13, 1, 2, 2, 6, 2, 2, 1, 26, 1, 2, 2, 6, 2, 2, 1, 26, 1, 2, 2, 6, 2, 2, 1, 26, 1, 2, 2, 6, 2, 2, 1, 26, 1, 2, 2, 6, 2, 2, 1, 26, 1, 2, 2, 6, 2, 2, 1, 26, 1, 2, 2, 6, 2, 2, 1, 26, 1, 2, 2, 6, 2, 2, 1, 26, 1, 2, 2, 6, 2, 2, 1, 26, 1, 2, 2, 6


Continued fraction for sqrt(189).
13, 1, 2, 1, 26, 1, 2, 1, 26, 1, 2, 1, 26, 1, 2, 1, 26, 1, 2, 1, 26, 1, 2, 1, 26, 1, 2, 1, 26, 1, 2, 1, 26, 1, 2, 1, 26, 1, 2, 1, 26, 1, 2, 1, 26, 1, 2, 1, 26, 1, 2, 1, 26, 1, 2, 1, 26, 1, 2, 1, 26, 1, 2, 1, 26, 1, 2, 1, 26, 1, 2, 1


Continued fraction for sqrt(190).
13, 1, 3, 1, 1, 1, 2, 2, 2, 1, 1, 1, 3, 1, 26, 1, 3, 1, 1, 1, 2, 2, 2, 1, 1, 1, 3, 1, 26, 1, 3, 1, 1, 1, 2, 2, 2, 1, 1, 1, 3, 1, 26, 1, 3, 1, 1, 1, 2, 2, 2, 1, 1, 1, 3, 1, 26, 1, 3, 1, 1, 1, 2, 2, 2, 1, 1, 1, 3, 1, 26, 1, 3, 1, 1, 1, 2, 2


Continued fraction for sqrt(191).
13, 1, 4, 1, 1, 3, 2, 2, 13, 2, 2, 3, 1, 1, 4, 1, 26, 1, 4, 1, 1, 3, 2, 2, 13, 2, 2, 3, 1, 1, 4, 1, 26, 1, 4, 1, 1, 3, 2, 2, 13, 2, 2, 3, 1, 1, 4, 1, 26, 1, 4, 1, 1, 3, 2, 2, 13, 2, 2, 3, 1, 1, 4, 1, 26, 1, 4, 1, 1, 3, 2, 2, 13, 2, 2, 3, 1


Continued fraction for sqrt(192).
13, 1, 5, 1, 26, 1, 5, 1, 26, 1, 5, 1, 26, 1, 5, 1, 26, 1, 5, 1, 26, 1, 5, 1, 26, 1, 5, 1, 26, 1, 5, 1, 26, 1, 5, 1, 26, 1, 5, 1, 26, 1, 5, 1, 26, 1, 5, 1, 26, 1, 5, 1, 26, 1, 5, 1, 26, 1, 5, 1, 26, 1, 5, 1, 26, 1, 5, 1, 26, 1, 5, 1


Continued fraction for sqrt(193).
13, 1, 8, 3, 2, 1, 3, 3, 1, 2, 3, 8, 1, 26, 1, 8, 3, 2, 1, 3, 3, 1, 2, 3, 8, 1, 26, 1, 8, 3, 2, 1, 3, 3, 1, 2, 3, 8, 1, 26, 1, 8, 3, 2, 1, 3, 3, 1, 2, 3, 8, 1, 26, 1, 8, 3, 2, 1, 3, 3, 1, 2, 3, 8, 1, 26, 1, 8, 3, 2, 1, 3, 3, 1, 2, 3, 8, 1


Continued fraction for sqrt(194).
13, 1, 12, 1, 26, 1, 12, 1, 26, 1, 12, 1, 26, 1, 12, 1, 26, 1, 12, 1, 26, 1, 12, 1, 26, 1, 12, 1, 26, 1, 12, 1, 26, 1, 12, 1, 26, 1, 12, 1, 26, 1, 12, 1, 26, 1, 12, 1, 26, 1, 12, 1, 26, 1, 12, 1, 26, 1, 12, 1, 26, 1, 12, 1, 26, 1


Continued fraction for sqrt(199).
14, 9, 2, 1, 2, 2, 5, 4, 1, 1, 13, 1, 1, 4, 5, 2, 2, 1, 2, 9, 28, 9, 2, 1, 2, 2, 5, 4, 1, 1, 13, 1, 1, 4, 5, 2, 2, 1, 2, 9, 28, 9, 2, 1, 2, 2, 5, 4, 1, 1, 13, 1, 1, 4, 5, 2, 2, 1, 2, 9, 28, 9, 2, 1, 2, 2, 5, 4, 1, 1, 13, 1, 1, 4, 5, 2, 2, 1


Maximal size of binary code of length n and asymmetric distance 3.
1, 1, 2, 2, 2, 4, 4, 7, 12, 18


Continued fraction for cube root of 9.
2, 12, 2, 18, 1, 1, 1, 1, 4, 1, 1, 24, 1, 9, 1, 2, 19, 1, 2, 2, 12, 3, 2, 1, 3, 1, 2, 1, 2, 1, 1, 1, 2, 2, 2, 3, 12, 2, 1, 1, 22, 2, 1, 6, 1, 3, 2, 2, 1, 2, 5, 1, 1, 1, 1, 1, 1, 19, 4, 1, 9, 3, 1, 2, 2, 1, 1, 1, 46, 25, 2, 2, 2, 1, 1, 4, 4


Continued fraction for cube root of 10.
2, 6, 2, 9, 1, 1, 2, 4, 1, 12, 1, 1, 1, 1, 57, 4, 2, 16, 1, 1, 1, 1, 9, 6, 2, 3, 1, 1, 12, 1, 4, 6, 2, 2, 1001, 3, 2, 6, 9, 1, 15, 1, 2, 1, 1, 27, 2, 1, 1, 21, 1, 11, 9, 2, 18, 15, 2, 25, 1, 1, 1, 1, 35, 30, 2, 4, 3, 10, 1, 3, 3, 4, 1, 1


Continued fraction for cube root of 11.
2, 4, 2, 6, 1, 1, 2, 1, 2, 9, 88, 2, 1, 2, 1, 8, 1, 1, 3, 4, 1, 7, 1, 40, 1, 1, 36, 2, 3, 1, 29, 6, 3, 1, 2, 2, 5, 1, 4, 1, 10, 5, 1, 2, 1, 1, 1, 88, 4, 4, 3, 5, 3, 7, 1, 1, 17, 5, 4, 3, 4, 3, 5, 1, 5, 103, 1, 1, 1, 12, 4, 1, 1, 4, 1, 1


Continued fraction for cube root of 12.
2, 3, 2, 5, 15, 7, 3, 1, 1, 3, 1, 1, 96, 7, 2, 6, 3, 36, 1, 17, 25, 2, 4, 9, 24, 9, 1, 3, 2, 34, 1, 73, 1, 9, 1, 1, 17, 6, 2, 163, 2, 1, 1, 1, 2, 81, 3, 1, 1, 34, 3, 11, 1, 75, 12, 2, 2, 2, 1, 1, 3, 1, 19, 4, 1, 1, 2, 3, 6, 1, 234, 3, 1


Continued fraction for cube root of 13.
2, 2, 1, 5, 1, 1, 43, 3, 2, 1, 1, 3, 10, 7, 1, 12, 2, 20, 3, 1, 3, 9, 1, 6, 1, 1, 22, 1, 2, 2, 1, 3, 4, 2, 2, 43, 1, 1, 3, 4, 1, 22, 1, 6, 4, 1, 1, 2, 4, 11, 1, 1, 1, 42, 1, 1, 9, 1, 2, 2, 1, 1, 14, 3, 1, 195, 3, 1, 9, 2, 3, 2, 1, 55, 9


Continued fraction for cube root of 14.
2, 2, 2, 3, 1, 1, 5, 5, 9, 6, 21, 1, 1, 54, 1, 22, 1, 1, 3, 2, 1, 5, 3, 237, 2, 20, 1, 1, 3, 3, 9, 1, 16, 1, 1, 47, 2, 1, 7, 1, 5, 2, 2, 15, 1, 11, 1, 1, 1, 1, 1, 2, 2, 1, 4, 1, 3, 3, 2, 2, 2, 1, 9, 1, 4, 1, 7, 1, 1, 1, 13, 2, 2, 1, 1, 2, 1


Continued fraction for cube root of 15.
2, 2, 6, 1, 8, 1, 10, 8, 12, 1, 719, 4, 2, 5, 2, 2, 3, 3, 2, 1, 46, 4, 2, 11, 2, 1, 3, 11, 2, 1, 7, 1, 1, 3, 5, 1, 1, 2, 16, 1, 2, 2, 1, 3, 2, 1, 3, 1, 1, 1, 19, 10, 13, 1, 1, 1, 4, 1522, 2, 2, 11, 1, 2, 1, 9, 54, 3, 1, 8, 3, 1230, 2


Continued fraction for cube root of 16.
2, 1, 1, 12, 10, 18, 1, 6, 1, 21, 1, 2, 2, 24, 1, 6, 1, 2, 1, 1, 1, 1, 1, 3, 1, 28, 1, 1, 1, 5, 1, 31, 1, 1, 9, 267, 3, 1, 2, 3, 1, 60, 2, 1, 4, 2, 20, 1, 1, 2, 2, 1, 20, 3, 7, 3, 1, 2, 2, 1, 4, 9, 1, 1, 14, 3, 3, 2, 2, 1, 4, 7, 139, 2


Continued fraction for cube root of 17.
2, 1, 1, 3, 138, 1, 1, 3, 2, 3, 1, 1, 207, 1, 2, 2, 1, 1, 1, 1, 2, 4, 9, 1, 2, 4, 1, 1, 3, 4, 277, 2, 5, 3, 3, 3, 1, 1, 1, 1, 13, 2, 15, 20, 2, 1, 1, 1, 1, 1, 2, 1, 2, 18, 2, 4, 1, 22, 20, 51, 23, 2, 1, 3, 2, 204, 1, 2, 3, 1, 4, 1, 3, 76


Continued fraction for cube root of 18.
2, 1, 1, 1, 1, 1, 3, 22, 1, 2, 2, 2, 24, 64, 2, 2, 1, 2, 1, 2, 1, 4, 24, 1, 1, 1, 2, 2, 1, 16, 3, 2, 1, 2, 1, 5, 1, 3, 5, 2, 3, 1, 9, 1, 4, 1, 448, 2, 3, 26, 4, 3, 108, 1, 11, 1, 1, 2, 13, 4, 1, 2, 51, 1, 72, 1, 11, 1, 2, 7, 1, 16, 2


Continued fraction for cube root of 19.
2, 1, 2, 63, 1, 2, 2, 2, 1, 95, 2, 1, 1, 2, 7, 4, 2, 3, 1, 2, 3, 127, 1, 4, 1, 3, 1, 4, 4, 12, 2, 1, 1, 1, 5, 1, 18, 2, 3, 1, 1, 1, 1, 1, 2, 1, 1, 8, 1, 4, 1, 4, 8, 1, 1, 2, 1, 1, 11, 1, 12, 6, 1, 1, 3, 2, 3, 3, 1, 2, 8, 1, 3, 2, 1, 6, 2


Continued fraction for cube root of 20.
2, 1, 2, 1, 1, 154, 6, 1, 1, 1, 6, 231, 1, 15, 8, 3, 1, 10, 3, 2, 1, 1, 17, 1, 2, 77, 42, 1, 4, 8, 6, 2, 5, 2, 29, 5, 1, 2, 7, 12, 3, 18, 1, 13, 1, 1, 1, 60, 1, 1, 1, 1, 1, 15, 2, 1, 6, 2, 4, 2, 8, 1, 1, 1, 7, 1, 1, 3, 1, 1, 2, 1, 4, 1, 2


