Continued fraction for cube root of 21.
2, 1, 3, 6, 1, 3, 17, 1, 7, 3, 3, 11, 2, 92, 1, 3, 1, 3, 1, 2, 2, 26, 2, 1, 20, 1, 4, 2, 10, 43, 2, 1, 4, 2, 3, 1, 11, 2, 1, 1, 4, 1, 1, 1, 10, 1, 1, 1, 2, 1, 12, 35, 1, 1, 2, 1, 1, 5, 1, 3, 204, 4, 1, 1, 5, 2, 13, 3, 2, 5, 1, 6, 253, 3


Continued fraction for cube root of 22.
2, 1, 4, 19, 2, 2, 2, 2, 2, 29, 56, 35, 49, 39, 4, 2, 56, 1, 97, 2, 11, 1, 5, 1, 2, 1, 1, 1, 2, 1, 3, 2, 2, 1, 4, 29, 1, 2, 2, 9, 7, 2, 63, 1, 1, 3, 28, 1, 1, 3, 1, 44, 1, 2, 1, 6, 1, 1, 1, 3, 2, 1, 1, 1, 7, 3, 1, 2, 1, 2, 5, 1, 1, 3, 2, 1


Continued fraction for cube root of 23.
2, 1, 5, 2, 2, 7, 1, 16, 4, 1, 8, 10, 7, 1, 4, 5, 1, 2, 2, 3, 1, 1, 1, 1, 3, 7, 1, 12, 1, 1, 1, 4, 19, 18, 3, 1, 4, 3, 6, 1, 3, 17, 1, 2, 1, 1, 1, 1, 1, 8, 81, 5, 13, 1, 2, 2, 8, 1, 3, 6, 6, 2, 2, 5, 1, 1, 3, 1, 1, 1, 43, 91, 3, 4, 1, 6, 1


Continued fraction for cube root of 24.
2, 1, 7, 1, 1, 1, 12, 13, 1, 10, 4, 6, 1, 1, 1, 1, 1, 2, 1, 2, 1, 1, 1, 1, 1, 1, 1, 7, 1, 6, 2, 2, 2, 19, 1, 3, 1, 1, 1, 1, 1, 1, 2, 1, 1, 2, 1, 2, 1, 14, 1, 1, 3, 3, 6, 7, 1, 1, 3, 1, 1, 1, 14, 1, 2, 2, 1, 2, 1, 1, 1, 1, 22, 4, 2, 69, 1, 1


Continued fraction for cube root of 25.
2, 1, 12, 6, 4, 1, 2, 2, 2, 5, 1, 1, 4, 1, 2, 1, 3, 1, 2, 3, 3, 610, 3, 10, 1, 14, 1, 5, 1, 1, 2, 4, 4, 70, 2, 7, 1, 24, 2, 1, 1, 3, 8, 2, 2, 2, 167, 1, 10, 5, 16, 1, 2, 4, 1, 1, 1, 1, 1, 1, 1, 50, 9, 1, 2, 1, 9, 1, 1, 3, 1, 1, 94, 1, 1


Continued fraction for cube root of 26.
2, 1, 25, 1, 1, 1, 39, 12, 1, 1, 4, 4, 13, 93, 3, 17, 3, 1, 85, 1, 3, 5, 1, 1, 8, 1, 6, 1, 2, 1, 1, 3, 67, 20, 52, 1, 1, 1, 3, 1, 3, 5, 3, 18, 13, 1, 2, 1, 2, 8, 5, 23, 3, 4, 2, 1, 22, 2, 13, 3, 1, 1, 1, 10, 4, 1, 3, 6, 1, 1, 2, 95, 27


Continued fraction for cube root of 28.
3, 27, 3, 40, 1, 10, 1, 1, 21, 13, 1, 2, 2, 1, 7, 2, 2, 63, 1, 1, 2, 1, 5, 3, 3, 1, 1, 1, 11, 4, 1, 1, 1, 1, 4, 1, 1, 1, 3, 1, 1, 1, 3, 2, 1, 1, 2, 3, 5, 124, 17, 2, 1, 41, 4, 47, 1, 2, 1, 5, 1, 8, 1, 1, 32, 1, 4, 1, 6, 4, 2, 4, 1, 1, 3


Continued fraction for cube root of 29.
3, 13, 1, 4, 1, 4, 2, 2, 2, 3, 1, 1, 2, 1, 1, 4, 1, 3, 2, 3, 8, 7, 2, 2, 1, 2, 8, 1, 3, 12, 1, 2, 3, 1, 11, 1, 2, 1, 1, 170, 2, 1, 4, 1, 3, 2, 11, 1, 2, 1, 2, 2, 3, 5, 3, 53, 2, 10, 6, 1, 2, 5, 3, 2, 3, 2, 1, 3, 2, 12, 13, 5, 6, 4, 2, 6, 1


Continued fraction for cube root of 30.
3, 9, 3, 13, 1, 9, 1, 2, 5, 4, 1, 1, 3, 1, 18, 3, 2, 4, 5, 3, 4, 1, 2, 2, 22, 1, 3, 1, 3, 79, 6, 5, 1, 1, 10, 1, 1, 1, 26, 1, 4, 2, 2, 19, 26, 1, 3, 12, 27, 1, 1, 1, 19, 1, 1, 1, 7, 1, 4, 3, 1, 2, 5, 1, 1, 26, 1, 1, 1, 2, 10, 1, 1, 2, 1, 2


Continued fraction for cube root of 31.
3, 7, 13, 1, 2, 8, 1, 1, 12, 1, 7, 1, 4, 237, 1, 372, 1, 1, 1, 3, 2, 1, 3, 4, 3, 4, 4, 1, 1, 2, 1, 1, 279, 3, 6, 2, 15, 9, 1, 2, 2, 9, 17, 2, 2, 3, 5, 1, 1, 1, 9, 2, 2, 2, 1, 4, 3, 1, 4, 5, 2, 18, 1, 1, 2, 7, 1, 2, 2, 2, 2, 1, 3, 1, 25


Continued fraction for cube root of 32.
3, 5, 1, 2, 1, 1, 2, 1, 1, 2, 1, 1, 62, 1, 1, 1, 5, 4, 1, 1, 2, 1, 1, 1, 1, 3, 1, 14, 1, 6, 1, 2, 3, 3, 52, 1, 3, 15, 4, 1, 132, 1, 7, 1, 2, 1, 1, 1, 29, 1, 12, 1, 3, 1, 1, 2, 13, 1, 1, 1, 1, 9, 1, 10, 30, 1, 1, 1, 1, 1, 1, 4, 15, 1, 1, 3


Continued fraction for cube root of 33.
3, 4, 1, 4, 1, 1, 27, 5, 1, 1, 2, 2, 1, 3, 2, 1, 1, 6, 3, 1, 1, 1, 1, 50, 6, 3, 1, 5, 1, 3, 3, 1, 4, 1, 19, 1, 5, 1, 4, 17, 1, 4, 1, 3, 2, 1, 4, 5, 1, 8, 1, 1, 1, 1, 3, 1, 2, 1, 10, 6, 1, 2, 1, 6, 5, 1, 1, 13, 7, 2, 2, 9, 1, 1, 30, 1, 3, 1


Continued fraction for cube root of 34.
3, 4, 5, 1, 3, 3, 1, 1, 4, 2, 1, 1, 3, 6, 1, 1, 3, 1, 1, 20, 1, 4, 2, 1, 1, 4, 1, 160, 1, 1, 1, 1, 1, 2, 8, 1, 1, 1, 2, 1, 1, 2, 14, 4, 4, 2, 5, 2, 1, 2, 1, 1, 2, 1, 2, 26, 2, 42, 6, 2, 3, 5, 1, 2, 2, 158, 1, 2, 109, 4, 2, 2, 1, 41, 1, 28


Continued fraction for cube root of 35.
3, 3, 1, 2, 4, 1, 1, 1, 1, 2, 1, 2, 2, 46, 13, 4, 6, 1, 11, 4, 2, 1, 1, 2, 4, 1, 1, 11, 46, 1, 9, 8, 4, 1, 3, 52, 1, 13, 5, 1, 1, 1, 2, 3, 1, 1, 14, 1, 11, 11, 7, 3, 3, 13, 1, 16, 1, 7, 1, 3, 3, 1, 1, 1, 23, 4, 1, 1, 7, 1, 1, 12, 184, 1


Continued fraction for cube root of 36.
3, 3, 3, 4, 1, 7, 1, 83, 1, 36, 15, 3, 2, 3, 1, 3, 2, 2, 4, 1, 1, 4, 1, 1, 5, 1, 1, 1, 5, 1, 25, 1, 1, 9, 2, 1, 1, 8, 3, 1, 1, 1, 2, 6, 3, 2, 14, 1, 1, 2, 11, 2, 1, 4, 1, 4, 1, 3, 1, 1, 2, 1, 1, 1, 11, 1, 1, 1, 1, 15, 9, 1, 1, 20, 2, 3, 1, 2


Continued fraction for cube root of 37.
3, 3, 99, 1, 1, 1, 2, 1, 1, 1, 149, 3, 2, 3, 178, 5, 3, 1, 199, 7, 4, 7, 1, 1, 1, 1, 14, 4, 2, 1, 2, 1, 1, 5, 5, 2, 64, 1, 2, 1, 3, 7, 1, 4, 2, 4, 16, 4, 1, 1, 2, 3, 5, 2, 6, 1, 1, 6, 1, 5, 5, 2, 6, 4, 1, 25, 9, 4, 1, 2, 19, 1, 1, 32, 1, 90


Continued fraction for cube root of 38.
3, 2, 1, 3, 4, 1, 2, 2, 1, 2, 1, 1, 1, 3, 13, 2, 3, 1, 4, 1, 1, 1, 572, 1, 1, 1, 1, 10, 1, 1, 2, 1, 9, 1, 1, 1, 1, 1, 1, 2, 1, 1, 74, 4, 2, 1, 11, 2, 1, 2, 1, 2, 1, 6, 2, 1, 1, 1, 1, 1, 1, 3, 9, 1, 1, 8, 1, 1, 6, 6, 1, 1, 161, 1, 2, 2, 1, 2


Continued fraction for cube root of 39.
3, 2, 1, 1, 3, 1, 19, 1, 1, 3, 2, 1, 2, 1, 2, 3, 1, 1, 29, 1, 21, 1, 1, 1, 3, 9, 2, 2, 3, 2, 4, 4, 1, 5, 4, 1, 39, 1, 7, 1, 6, 1, 173, 3, 4, 7, 1, 1, 6, 2, 3, 1, 1, 2, 9, 1, 6, 1, 1, 79, 1, 7, 1, 24, 2, 1, 2, 1, 1, 1, 7, 5, 1, 2, 4, 1, 1, 1


Continued fraction for cube root of 40.
3, 2, 2, 1, 1, 1, 1, 1, 7, 1, 2, 3, 1, 1, 1, 1, 4, 1, 1, 8, 2, 7, 3, 1, 1525, 1, 4, 4, 2, 2, 7, 1, 2, 6, 1, 1, 2, 3, 27, 1, 83, 1, 1, 1, 1, 5, 1, 11, 1, 15, 7, 16, 1, 2, 4, 4, 1, 1, 4, 1, 2, 7, 1, 1, 5, 1, 1, 3, 1, 1, 4, 1, 1, 23, 1, 6, 7


Continued fraction for cube root of 41.
3, 2, 4, 3, 19, 1, 36, 2, 3, 3, 1, 4, 4, 3, 11, 1, 1, 3, 1, 2, 97, 1, 3, 1, 1, 1, 3, 1, 16, 2, 3, 7, 1, 6, 2, 2, 1, 4, 3, 1, 6, 1, 3, 11, 1, 1, 1, 15, 1, 2, 4, 4, 1, 4, 3, 1, 1, 1, 4, 2, 2, 3, 1, 2, 4, 3, 1, 1, 4, 1, 1, 2, 6, 1, 22, 1, 4, 4


Continued fraction for cube root of 42.
3, 2, 9, 1, 12, 1, 14, 1, 1, 1, 16, 1, 2, 1, 8, 1, 19, 1, 7, 1, 6, 2, 2, 2, 1, 8, 1, 40, 2, 807, 1, 26, 1, 1, 2, 1, 7, 2, 8, 9, 2, 5, 1, 5, 9, 41, 1, 4, 7, 4, 1, 2, 72, 2, 1, 2, 158, 1, 5, 2, 1, 4, 1, 1, 2, 1, 736, 1, 1, 3, 13, 6, 1, 1


Continued fraction for cube root of 43.
3, 1, 1, 73, 14, 110, 2, 1, 18, 5, 4, 1, 9, 147, 8, 1, 10, 1, 4, 3, 5, 1, 1, 1, 1, 1, 2, 3, 1, 45, 1, 1, 2, 1, 1, 9, 1, 7, 6, 1, 2, 1, 59, 3, 1, 5, 7, 1, 1, 1, 2, 2, 8, 2, 3, 9, 1, 8, 11, 1, 2, 5, 1, 1, 2, 249, 1, 2, 1, 5, 2, 3, 7, 1, 1


Continued fraction for cube root of 44.
3, 1, 1, 7, 1, 2, 1, 4, 3, 12, 1, 1, 1, 1, 3, 4, 1, 4, 1, 2, 2, 1, 17, 2, 18, 2, 16, 1, 2, 45, 1, 2, 6, 2, 3, 111, 16, 2, 1, 1, 3, 31, 1, 4, 1, 1, 1, 12, 1, 19, 1, 8, 3, 1, 1, 1, 1, 1, 2, 1, 2, 1, 8, 2, 1, 3, 7, 2, 20, 5, 2, 25, 1, 3, 22, 2


Continued fraction for cube root of 45.
3, 1, 1, 3, 1, 8, 2, 4, 1, 1, 2, 5, 1, 5, 1, 1, 1, 20, 1, 1, 1, 1, 1, 5, 1, 1, 1, 48, 4, 2, 1, 1, 2, 2, 3, 2, 1, 2, 1, 1, 1, 1, 1, 1, 187, 3, 1, 3, 6, 6, 1, 2, 10, 1, 1, 5, 2, 1, 1, 1, 13, 1, 61, 1, 4, 1, 1, 1, 1, 22, 2, 4, 3, 2, 1, 1, 1, 3, 52


Continued fraction for cube root of 46.
3, 1, 1, 2, 1, 1, 23, 1, 2, 1, 9, 7, 1, 1, 9, 1, 4, 3, 1, 1, 1, 1, 1, 2, 16, 1, 1, 1, 3, 8, 2, 4, 1, 2, 2, 9, 4, 11, 1, 11, 1, 9, 1, 1, 1, 7, 5, 14, 1, 1, 1, 8, 34, 4, 5, 1, 3, 1, 8, 1, 28, 16, 1, 1, 2, 1, 1, 6, 1, 14, 1, 1, 1, 27, 6, 1, 14


Continued fraction for cube root of 47.
3, 1, 1, 1, 1, 3, 1, 13, 1, 2, 2, 5, 1, 1, 1, 1, 10, 2, 5, 1, 5, 5, 3, 3, 1, 12, 1, 9, 1, 1, 1, 2, 2, 2, 9, 1, 3, 3, 1, 9, 60, 6, 2, 2, 2, 1, 2, 61, 3, 1, 1, 11, 12, 2, 1, 2, 1, 1, 10, 1, 2, 10, 2, 1, 1, 19, 1, 1, 1, 3, 1, 1, 4, 1, 10, 8, 1


Continued fraction for cube root of 48.
3, 1, 1, 1, 2, 1, 3, 6, 254, 2, 2, 1, 1, 2, 3, 6, 50, 3, 1, 1, 1, 1, 60, 2, 20, 79, 13, 5, 6, 2, 5, 3, 1, 1, 5, 180, 6, 3, 1, 1, 6, 1, 3, 2, 1, 37, 1, 8, 4, 1, 20, 7, 7, 2, 6, 1, 2, 3, 2, 1, 12, 1, 9, 32, 1, 4, 1, 13, 2, 1, 2, 2, 4, 7, 1


