sinh(log(x+1)-arctan(x)) = -1/2!*x^2 + 4/3!*x^3 - 6/4!*x^4 - 135/6!*x^6 + ...
-1, 4, -6, 0, -135, 1860, -10780, 48160, -697725, 11801700, -124517250, 1110252000, -17370227875, 346759094500, -5312388315000, 71055274680000, -1308651318365625, 30345122522578500, -607045975529938750


arcsinh(log(x+1)-arctan(x)) = -1/2!*x^2+4/3!*x^3-6/4!*x^4-105/6!*x^6...
0, 0, -1, 4, -6, 0, -105, 1020, 700, -48160, -37485, 3406500, 19389150, -509652000, -5641120485, 166841192700, -280062549000, -9498060561600, -532972346765625, 12591110742783300, 60674315564333250, -3333599851120344000, -38693586241760875425


tanh(log(x+1)-arctan(x))=-1/2!*x^2+4/3!*x^3-6/4!*x^4-90/6!*x^6...
-1, 4, -6, 0, -90, 600, 6440, -96320, 289800, -583200, 83754000, -1139424000, -2961758800, 128868376000, 1166569872000, -23158452096000, -763427813616000, 16657066415808000, 110377962138080000


arctanh(log(x+1)-arctan(x))=-1/2!*x^2+4/3!*x^3-6/4!*x^4-150/6!*x^6...
-1, 4, -6, 0, -150, 2280, -16520, 96320, -1053360, 17870400, -264765600, 3541824000, -51903131280, 904820280000, -17470217232000, 351612581299200, -7290584110742400, 157383219788121600


E.g.f.: cosh(log(x+1)-arctan(x))=1+3/4!*x^4-40/5!*x^5+250/6!*x^6-840/7!*x^7...
1, 0, 0, 0, 3, -40, 250, -840, 4725, -97200, 1188900, -7994800, 66364375, -1544127000, 26899674750, -278709795000, 3240888275625, -85063768972000, 1886327500213000, -26696356464492000, 405832799545216875


sec(log(x+1)-arctan(x))=1+3/4!*x^4-40/5!*x^5+250/6!*x^6-840/7!*x^7...
1, 0, 0, 0, 3, -40, 250, -840, 5145, -117360, 1667700, -15263600, 150117275, -2670166200, 50627578950, -785508087000, 12133753256625, -237020801836000, 5185811491549000, -108420617788236000


sech(log(x+1)-arctan(x))=1-3/4!*x^4+40/5!*x^5-250/6!*x^6+840/7!*x^7...
1, 0, 0, 0, -3, 40, -250, 840, -4095, 66960, -470700, -2908400, 57705725, 17230200, 273271050, -194550993000, 2844134918625, 11555861044000, -303831545875000, -10640259365580000, 157518220758868125


Expansion of e.g.f. sin(log(x+1)-sinh(x)).
0, 0, -1, 1, -6, 23, -105, 614, -3500, 23785, -160965, 1109414, -6628446, 14323385, 625668043, -19616745968, 448164492360, -9492285973399, 198428984155863, -4196829028100218, 90850331257510750, -2024626265649361787


arcsin(log(x+1)-sinh(x))=-1/2!*x^2+1/3!*x^3-6/4!*x^4+23/5!*x^5...
-1, 1, -6, 23, -135, 824, -6580, 56853, -574245, 6321434, -77709654, 1034820863, -15028496483, 234652617016, -3939397037160, 70561239939417, -1345864598250633, 27205562970320606, -581454141374015770


tan(log(x+1)-sinh(x))=-1/2!*x^2+1/3!*x^3-6/4!*x^4+23/5!*x^5...
-1, 1, -6, 23, -150, 929, -8120, 73387, -783720, 8979419, -114601608, 1572411917, -23422214816, 373361085733, -6370742969760, 115548671959175, -2223018007825536, 45175620448879391


arctan(log(x+1)-sinh(x))=-1/2!*x^2+1/3!*x^3-6/4!*x^4+23/5!*x^5...
-1, 1, -6, 23, -90, 509, -1960, 7251, 20160, -1028821, 16750008, -249844519, 3354647296, -42644099135, 506129014560, -4945670890617, 23557830350976, 694520543221487, -32533456838195320, 956551460942273757


E.g.f.: cos(log(x+1)-sinh(x))=1-3/4!*x^4+10/5!*x^5-100/6!*x^6+693/7!*x^7...
1, 0, 0, 0, -3, 10, -100, 693, -5803, 52092, -505734, 5365195, -61255579, 754182702, -9947852044, 140160046635, -2101501505751, 33422099566552, -562127778341242, 9970641912040443, -186034070549967727


sinh(log(x+1)-sinh(x))=-1/2!*x^2+1/3!*x^3-6/4!*x^4+23/5!*x^5...
-1, 1, -6, 23, -135, 824, -6580, 56853, -566685, 6182834, -74106054, 961908023, -13463412963, 201897294416, -3230214322920, 54911338071817, -988396711394553, 18779422653489278, -375588020724014010


arcsinh(log(x+1)-sinh(x))=-1/2!*x^2+1/3!*x^3-6/4!*x^4+23/5!*x^5...
0, 0, -1, 1, -6, 23, -105, 614, -3500, 23785, -168525, 1248014, -10232046, 87236225, -878874997, 11019659832, -176261549880, 3445590738361, -73605307413177, 1643075339474150, -37315705749869570, 854635215667984933


tanh(log(x+1)-sinh(x))=-1/2!*x^2+1/3!*x^3-6/4!*x^4+23/5!*x^5...
-1, 1, -6, 23, -90, 509, -1960, 7251, 27720, -1167421, 20353608, -322757359, 4828920096, -72221046535, 1088176720800, -16527535024457, 253611377594496, -3894220888850401, 59159990565014280


E.g.f.: arctanh(log(x+1)-sinh(x)) = -1/2!*x^2 + 1/3!*x^3 - 6/4!*x^4 + 23/5!*x^5 - ...
0, 0, -1, 1, -6, 23, -150, 929, -8120, 73387, -791280, 9118019, -118205208, 1645324757, -25017568576, 407175866733, -7122304020000, 132554586404695, -2623938745643136, 54936833779465199


cosh(log(x+1)-sinh(x))=1+3/4!*x^4-10/5!*x^5+100/6!*x^6-693/7!*x^7...
1, 0, 0, 0, 3, -10, 100, -693, 6013, -54612, 556134, -6130575, 73843539, -960445902, 13455039728, -201847162125, 3229894901881, -54909246089576, 988382345047626, -18779319891598203, 375587262559207119


sec(log(x+1)-sinh(x))=1+3/4!*x^4-10/5!*x^5+100/6!*x^6-693/7!*x^7...
1, 0, 0, 0, 3, -10, 100, -693, 6433, -59652, 656934, -7661335, 99643159, -1389188502, 20999144296, -338912370405, 5846415568641, -107035268122024, 2076101997603994, -42490682821565523


E.g.f.: sech(log(x+1)-sinh(x))=1-3/4!*x^4+10/5!*x^5-100/6!*x^6+693/7!*x^7...
1, 0, 0, 0, -3, 10, -100, 693, -5383, 47052, -404934, 3834435, -36703359, 357872502, -3463205876, 30476792955, -198853998991, -654085861096, 67344661591926, -2023504421641677, 49767870277602057


sin(log(x+1)-arcsinh(x)) = -1/2!*x^2 + 3/3!*x^3 - 6/4!*x^4 + 15/5!*x^5 - ...
-1, 3, -6, 15, -105, 630, -1260, -6615, -4725, 103950, 19022850, -387161775, 3887158275, -49945896000, 1286674389000, -26163490728375, 376381518888375, -6290132811212250, 161471805183438750


arcsin(log(x+1)-arcsinh(x))=-1/2!*x^2+3/3!*x^3-6/4!*x^4+15/5!*x^5...
-1, 3, -6, 15, -135, 1260, -8820, 65205, -730485, 9459450, -114448950, 1473647175, -22993085115, 390145555800, -6611360956200, 119388158314425, -2419208528762025, 51974244237865950


tan(log(x+1)-arcsinh(x))=-1/2!*x^2+3/3!*x^3-6/4!*x^4+15/5!*x^5...
0, 0, -1, 3, -6, 15, -150, 1575, -12600, 101115, -1096200, 14293125, -185862600, 2507429925, -38410772400, 647097325875, -11267340084000, 205801851630375, -4076456247864000, 86033963719328625


arctan(log(x+1)-arcsinh(x))=-1/2!*x^2+3/3!*x^3-6/4!*x^4+15/5!*x^5...
-1, 3, -6, 15, -90, 315, 2520, -42525, 332640, -3170475, 43659000, -387161775, -469188720, 61992505575, -1117425909600, 23419417796775, -552570387969600, 9277455340778625, -88132216543371000


E.g.f.: cos(log(x+1)-arcsinh(x))=1-3/4!*x^4+30/5!*x^5-180/6!*x^6+945/7!*x^7...
1, 0, 0, 0, -3, 30, -180, 945, -7035, 71820, -670950, 5665275, -60135075, 839188350, -10954043100, 127205953875, -1781461056375, 32362913583000, -545592285488250, 7972311855382875, -138305575427394375


E.g.f. sinh(log(x+1) - arcsinh(x)) = -1/2!*x^2 + 3/3!*x^3 - 6/4!*x^4 + 15/5!*x^5 + ...
0, 0, -1, 3, -6, 15, -135, 1260, -8820, 65205, -722925, 9043650, -101974950, 1197971775, -17665522875, 286053768000, -4408292889000, 70284304715625, -1307027554457625, 26160675737946750, -509941992726416250


arcsinh(log(x+1)-arcsinh(x))=-1/2!*x^2+3/3!*x^3-6/4!*x^4+15/5!*x^5...
-1, 3, -6, 15, -105, 630, -1260, -6615, -12285, 519750, 6548850, -111486375, -1379863485, 47789141400, -560415655800, 8675814972825, -266366151876825, 5553256188630150, -63668362865357250


tanh(log(x+1)-arcsinh(x))=-1/2!*x^2+3/3!*x^3-6/4!*x^4+15/5!*x^5...
0, 0, -1, 3, -6, 15, -90, 315, 2520, -42525, 340200, -3586275, 56133000, -662837175, 4767562800, -32564156625, 551675124000, -4287613955625, -143803315656000, 4293290973596625, -53086088130075000


arctanh(log(x+1)-arcsinh(x))=-1/2!*x^2+3/3!*x^3-6/4!*x^4+15/5!*x^5...
0, 0, -1, 3, -6, 15, -150, 1575, -12600, 101115, -1103760, 14708925, -198336600, 2783105325, -43768604880, 754367488875, -13648397162400, 262037979177975, -5424089927256000, 118958487086664225


cosh(log(x+1)-arcsinh(x))=1+3/4!*x^4-30/5!*x^5+180/6!*x^6-945/7!*x^7...
1, 0, 0, 0, 3, -30, 180, -945, 7245, -79380, 822150, -7952175, 92151675, -1325674350, 19070251200, -264982843125, 4134370865625, -74940979113000, 1376877670418250, -24833523534694875, 487380405271134375


sec(log(x+1)-arcsinh(x))=1+3/4!*x^4-30/5!*x^5+180/6!*x^6-945/7!*x^7...
1, 0, 0, 0, 3, -30, 180, -945, 7665, -94500, 1124550, -12525975, 156808575, -2347294950, 37345908600, -602685208125, 10429905110625, -198454585329000, 3981241066052250, -82461126798925875


sech(log(x+1)-arcsinh(x))=1-3/4!*x^4+30/5!*x^5-180/6!*x^6+945/7!*x^7...
1, 0, 0, 0, -3, 30, -180, 945, -6615, 56700, -368550, 1091475, 3274425, -85135050, 3235131900, -86199238125, 1340238524625, -15196606425000, 229968074085750, -4642248475990125, 57810007510880625


E.g.f.: sin(log(x+1)-tanh(x)) = -1/2!*x^2+4/3!*x^3-6/4!*x^4+8/5!*x^5...
-1, 4, -6, 8, -105, 572, 700, -18800, 50715, -903388, 31286574, -466481992, 5285891611, -81297834980, 1566498967800, -27364241296480, 457841251437399, -8635414723705660, 179513823574755490, -3746483398412176664, 79423193110930596543, -1794737225880978532228


arcsin(log(x+1)-tanh(x))=-1/2!*x^2+4/3!*x^3-6/4!*x^4+8/5!*x^5...
-1, 4, -6, 8, -135, 1412, -10780, 83568, -785925, 9561572, -136414674, 1991159480, -29164986851, 458554425604, -8138629332600, 159215259140448, -3271030693830729, 69435969035174084


tan(log(x+1)-tanh(x)) = -1/2!*x^2+4/3!*x^3-6/4!*x^4+8/5!*x^5... .
-1, 4, -6, 8, -150, 1832, -16520, 134752, -1207080, 15001952, -227853648, 3403403456, -49799942192, 785688306496, -14001828147840, 271414904202752, -5476099665426048, 114256690024953344, -2506464470623466240, 58420826002735436800, -1436588695545973880064


E.g.f.: arctan(log(x+1)-tanh(x)) = -1/2!*x^2 + 4/3!*x^3 - 6/4!*x^4 + 8/5!*x^5 - ...
-1, 4, -6, 8, -90, 152, 6440, -69984, 443520, -4264768, 46842048, -44493568, -8172692528, 163418763328, -2660756991360, 48794732729856, -721585374360192, 4596412549813760, 89745640000513280


cos(log(x+1)-tanh(x))=1-3/4!*x^4+40/5!*x^5-250/6!*x^6+1008/7!*x^7...
1, 0, 0, 0, -3, 40, -250, 1008, -6307, 77040, -742524, 5642560, -56921887, 809088696, -10450329838, 122609052720, -1712600698983, 28629942196960, -466274068556152, 7411488125575680, -130844029905109723


sinh(log(x+1)-tanh(x))=-1/2!*x^2+4/3!*x^3-6/4!*x^4+8/5!*x^5...
-1, 4, -6, 8, -135, 1412, -10780, 83568, -778365, 9007172, -116179074, 1502030840, -20018889891, 298432864004, -4913874359160, 84111227898208, -1492133395973049, 28208790397251716, -568110070842919230


arcsinh(log(x+1)-tanh(x))=-1/2!*x^2+4/3!*x^3-6/4!*x^4+8/5!*x^5...
-1, 4, -6, 8, -105, 572, 700, -18800, 43155, -348988, 11050974, 22646648, -3799664869, 70348059420, -1064959301640, 20100827554720, -347358967505721, 3994110465051908, -23620965746527550


tanh(log(x+1)-tanh(x))=-1/2!*x^2+4/3!*x^3-6/4!*x^4+8/5!*x^5...
-1, 4, -6, 8, -90, 152, 6440, -69984, 451080, -4819168, 67077648, -533622208, 882593712, 16010702528, -325947073920, 15149145074176, -402497641556352, 6097893929134592, -75930618112953600, 1338998058465717248


arctanh(log(x+1)-tanh(x))=-1/2!*x^2+4/3!*x^3-6/4!*x^4+8/5!*x^5...
-1, 4, -6, 8, -150, 1832, -16520, 134752, -1214640, 15556352, -248089248, 3892532096, -58976309392, 950047701696, -17523231473280, 360338416640512, -7742581556059008, 169950515543962112


cosh(log(x+1)-tanh(x))=1+3/4!*x^4-40/5!*x^5+250/6!*x^6-1008/7!*x^7...
1, 0, 0, 0, 3, -40, 250, -1008, 6517, -87120, 981924, -9387840, 103808727, -1434810936, 20930063102, -308368386480, 4838631496873, -82524970065824, 1497919608463368, -28494789851849472, 568078461069883755


Expansion of e.g.f.: sec(log(x+1)-tanh(x))=1+3/4!*x^4-40/5!*x^5+250/6!*x^6-1008/7!*x^7...
1, 0, 0, 0, 3, -40, 250, -1008, 6937, -107280, 1460724, -16878400, 198206107, -2751120216, 45257093830, -796023874800, 14139937791153, -259510939790752, 5134675490787400, -109869768885171456


E.g.f.: sech(log(x+1)-tanh(x))=1-3/4!*x^4+40/5!*x^5-250/6!*x^6+1008/7!*x^7...
1, 0, 0, 0, -3, 40, -250, 1008, -5887, 56880, -263724, -1848000, 36228093, -377490984, 7141572490, -132772794000, 1495810787297, -10978685025568, 115616765332680, -1113424428155904, -36631866029794659


sin(log(x+1)-arctanh(x))=-1/2!*x^2-6/4!*x^4-105/6!*x^6-3780/8!*x^8...
1, 6, 105, 3780, 231525, 21517650, 2810132325, 487540053000, 107478429683625, 28959878236038750, 9172717463134850625, 3251808972997572487500, 1181538736415476892578125


E.g.f.: -arcsin(log(x+1)-arctanh(x)) (even powers only).
0, 1, 6, 135, 6300, 503685, 61434450, 10620124515, 2471073204600, 744907219281225, 282494651079390750, 131664032748125452575, 73997676994079578439700, 49364071776588936300058125, 38571353476865946088188086250, 34900798662291878654547561226875


tan(arctanh(x)-log(x+1)) = 1/2!*x^2 + 6/4!*x^4 + 150/6!*x^6 + 7560/8!*x^8...
0, 1, 6, 150, 7560, 642600, 82328400, 14799985200, 3550699152000, 1095489931536000, 422416533258720000, 199001229578030880000, 112442434205652270720000, 75042084306026165328000000


-arctan(log(x+1)-arctanh(x))=1/2!*x^2+6/4!*x^4+90/6!*x^6+2520/8!*x^8...
0, 1, 6, 90, 2520, 120960, 9979200, 1377295920, 285145660800, 78922558915200, 27250976424672000, 11359413770434329600, 5628391828843104921600, 3284252230408078849920000, 2238997166752030045320960000


cos(log(x+1)-arctanh(x))=1-3/4!*x^4-90/6!*x^6-4515/8!*x^8...
1, 0, -3, -90, -4515, -359100, -42047775, -6839182350, -1478380278375, -410407616619000, -142401495047686875, -60416785362985301250, -30781865895322663996875, -18550414761518537710312500


-sinh(log(x+1)-arctanh(x)) = 1/2!*x^2 + 6/4!*x^4 + 135/6!*x^6 + 6300/8!*x^8 + ...
1, 6, 135, 6300, 496125, 58939650, 9833098275, 2191376187000, 628651043645625, 225615874552818750, 99022807341232149375, 52176017395434685252500, 32501310835906189355203125


-arcsinh(log(x+1)-arctanh(x))=1/2!*x^2+6/4!*x^4+105/6!*x^6+3780/8!*x^8...
0, 1, 6, 105, 3780, 239085, 24012450, 3536618085, 716383067400, 190018401197625, 63663766667250750, 26240058743733259425, 13041458355044952132300, 7692606854418016599193125


E.g.f.: arctanh(arctanh(x)-log(x+1)).
0, 1, 6, 150, 7560, 650160, 84823200, 15617281680, 3855823171200, 1229340262550400, 491641405006752000, 241000527467642342400, 142107676844443620710400, 99236357585615999548800000


E.g.f.: cosh(log(x+1)-arctanh(x)) (even powers only).
1, 0, 3, 90, 4725, 396900, 49116375, 8428369950, 1917454163625, 558800927685000, 203054287097536875, 90020733946574681250, 47828015945815128148125, 30001210002374944020187500


sec(log(x+1)-arctanh(x))=1+3/4!*x^4+90/6!*x^6+5145/8!*x^8...
1, 0, 3, 90, 5145, 472500, 63877275, 11947285350, 2955047720625, 934039255149000, 367306824871861875, 175873128591661751250, 100738594342264429175625, 68014527663768884135437500


sech(log(x+1)-arctanh(x))=1-3/4!*x^4-90/6!*x^6-4095/8!*x^8...
1, 0, -3, -90, -4095, -283500, -28534275, -4001347350, -754083705375, -185224922883000, -57754322803051875, -22343321962162451250, -10514758311176393649375, -5917397284663573271062500


Numerators of coefficients in Taylor series expansion of arccosh(exp(x)-sin(x)).
0, 1, 1, -1, -1, -5, 503, 521, -13, -827, -1812469, 44303839, 9150959, 17949817, -17645163013, -256103154817, 128934425819, 869866425977, 7718787745279031, -657691477236554437, -23770118746323659, 9983376979312685189, 15480320293784856319969, 240884767523727873137, -3694316464734123751573, -12325434071961822974423


arccosh(exp(x)-arcsin(x))=x-40/4!*x^4-24/6!*x^6-11/7!*x^7-978/8!*x^8...
1, 0, 0, -40, 0, -24, -11, -978, -1075, -65988, -114353, -1166448127, -16834798, -1029593400, -3261620542, -60027645728986, -815210141013, -54483621856324, -256160124601270, -18024847581999163


Numerator of [x^n] in the Taylor series arccosh(exp(x)-tan(x))= x-x^2/6 -x^3/72 -43*x^4/432 -221*x^5/10368 -89513*x^6/2177280-...
1, -1, -1, -43, -221, -89513, -149749, -1084711, -209435, -27633784271, -1480512386621, -7957100794591, -26770890495311, -8901132809862257, -397417885842749047, -4636876735719615641


Numerator of [x^n] of the Taylor series arccosh(exp(x)-arctan(x))= x+x^2/2 -x^3/8 -17*x^4/80 +109*x^5/1920 +299*x^6/2304 -813*x^7/25600 -...
1, 1, -1, -17, 109, 299, -813, -373177, 9417917, 133861013, -796664399, -229876317317, 593496669853, 693397771163639, -8404224858061139, -282791345633671703, 1818027079738117517, 978930433926331599667


Expansion of e.g.f.: exp(exp(x)-cos(x))=1+x+3/2!*x^2+8/3!*x^3+29/4!*x^4+112/5!*x^5...
1, 1, 3, 8, 29, 112, 489, 2326, 11937, 65856, 386561, 2406230, 15805473, 109131128, 789751577, 5972149246, 47079466913, 386051624736, 3286313327105, 28991306290278, 264621015301489, 2495440610319944


sin(exp(x)-cos(x))=x+2/2!*x^2-12/4!*x^4-68/5!*x^5-208/6!*x^6...
1, 2, 0, -12, -68, -208, -56, 3472, 26272, 119072, 234432, -1600896, -22177088, -159056896, -769693952, -1571891456, 16806915328, 276758503424, 2610810796032, 18627861722112, 94941413343232, 121510785658880


arcsin(exp(x)-cos(x))=x+2/2!*x^2+2/3!*x^3+12/4!*x^4+80/5!*x^5...
1, 2, 2, 12, 80, 512, 4832, 53872, 654320, 9264032, 147228512, 2559080832, 48910122560, 1017566317952, 22822627908992, 550081215323392, 14178080204748800, 388900281882678272, 11314716065658294272


tan(exp(x)-cos(x)) = x + 2/2!*x^2 + 3/3!*x^3 + 24/4!*x^4 + 157/5!*x^5...
0, 1, 2, 3, 24, 157, 962, 8575, 88816, 948025, 11551682, 158525499, 2329270152, 37012621141, 638280394754, 11767984017847, 230953513192672, 4823470878737521, 106685348433700994, 2489115873636707187


arctan(exp(x)-cos(x))=x+2/2!*x^2-1/3!*x^3-24/4!*x^4-115/5!*x^5...
1, 2, -1, -24, -115, 242, 9179, 65296, -366535, -14288158, -124059241, 1440362616, 57563571845, 541440703442, -11649746422861, -473630058916064, -4395343414984975, 168230486159471042


cos(exp(x)-cos(x))=1-1/2!*x^2-6/3!*x^3-15/4!*x^4+183/6!*x^6...
1, 0, -1, -6, -15, 0, 183, 1162, 4305, 4032, -75169, -720390, -4057119, -13316160, 17994039, 691795018, 6706003809, 45159313536, 210202685567, 247239745914, -8759676926319, -137896385117568, -1415069646671241


sinh(exp(x)-cos(x))=x+2/2!*x^2+2/3!*x^3+12/4!*x^4+72/5!*x^5...
1, 2, 2, 12, 72, 272, 968, 5488, 36144, 204512, 1135840, 7577856, 56287168, 406104064, 2933384704, 23084016896, 194919700480, 1664627753984, 14417113925632, 131148402111488, 1251412558922752, 12211894620549120


arcsinh(exp(x)-cos(x))=x+2/2!*x^2-12/4!*x^4-60/5!*x^5+32/6!*x^6...
1, 2, 0, -12, -60, 32, 3360, 26768, -70560, -4368928, -44014080, 286606848, 15535016640, 175871587712, -2270496184320, -116296341590272, -1366735787784960, 31677729930493952, 1572363556732784640


tanh(exp(x)-cos(x))=x+2/2!*x^2-1/3!*x^3-24/4!*x^4-123/5!*x^5...
1, 2, -1, -24, -123, 2, 5987, 54544, 66441, -4948798, -71261177, -226393992, 9534896269, 201964922434, 1166083278955, -34861258001632, -1052810665903343, -9456771887276926, 211545075206125327


arctanh(exp(x)-cos(x))=x+2/2!*x^2+3/3!*x^3+24/4!*x^4+165/5!*x^5...
0, 1, 2, 3, 24, 165, 1202, 12663, 149744, 1945065, 29307362, 489387723, 8915702664, 178036818765, 3852374482322, 89628609049983, 2235770536642784, 59498096957789265, 1681835781220294082


E.g.f.: cosh(exp(x)-cos(x))=1+1/2!*x^2+6/3!*x^3+17/4!*x^4+40/5!*x^5...
1, 0, 1, 6, 17, 40, 217, 1358, 6449, 29712, 182049, 1270390, 8227617, 52843960, 383647513, 3038764542, 23995450017, 191131924256, 1621685573121, 14574192364646, 133472613190001, 1244028051397192, 12068806481240601


sec(exp(x)-cos(x))=1+1/2!*x^2+6/3!*x^3+21/4!*x^4+120/5!*x^5...
1, 0, 1, 6, 21, 120, 1077, 8918, 83097, 952560, 11790649, 156839430, 2318954253, 37207496040, 637980683277, 11745733936022, 231142374081009, 4825295491430880, 106636356923768497, 2489165244414184326


E.g.f.: sech(exp(x)-cos(x)).
1, 0, -1, -6, -11, 80, 923, 3682, -26567, -585120, -3969849, 24427370, 948294477, 9793100720, -42570639997, -3129194240622, -45887540775759, 90022891149760, 18204741288946383, 363299569735984474


Golomb-type sequence over triangular numbers.
1, 3, 3, 3, 6, 6, 6, 10, 10, 10, 15, 15, 15, 15, 15, 15, 21, 21, 21, 21, 21, 21, 28, 28, 28, 28, 28, 28, 36, 36, 36, 36, 36, 36, 36, 36, 36, 36, 45, 45, 45, 45, 45, 45, 45, 45, 45, 45, 55, 55, 55, 55, 55, 55, 55, 55, 55, 55, 66, 66, 66, 66, 66, 66, 66, 66, 66, 66, 66, 66


Numerator of [x^n] in the Taylor series arccosh(exp(x)-arcsinh(x))= x+x^2/3 -x^3/18 -14*x^4/135 +47*x^5/3240 +3527*x^6/68040 -4787*x^7/680400-...
1, 1, -1, -14, 47, 3527, -4787, -6421, 11467, 523798423, -3983516101, -1424955853, 1543134469573, 2574843844561, -116899300585349, -130778050341326449, 86229762965796109, 597078237074537664671


Numerator of [x^n] of the Taylor series arccosh(exp(x)-tanh(x))= x+x^2/2 -x^3/8 -7*x^4/48 +3*x^5/128 +631*x^6/11520 +37*x^7/15360 -12731*x^8/645120 -...
1, 1, -1, -7, 3, 631, 37, -12731, -37481, 771163, 590381, -195597517, -8025539, -205204695149, 5456117628779, 3973785585851, -3056850228539, -168086791499223239


Numerator of [x^n] in the Taylor series arccosh(exp(x)-arctanh(x))= x-x^2/6-x^3/72 -359*x^4/2160 -1681*x^5/51840 -52981*x^6/435456 -...
1, -1, -1, -359, -1681, -52981, -1887113, -27492467, -3259141, -1194145112779, -55919619312049, -7462251938940527, -113201511292945547, -1055956853774285077, -44032898634010565651, -75833822693358307239889


Expansion of -(2*x^3-x^2+x-1)/(x^4-3*x^3+3*x^2-3*x+1).
1, 2, 4, 7, 14, 31, 68, 146, 313, 674, 1453, 3130, 6740, 14515, 31262, 67331, 145012, 312314, 672637, 1448674, 3120041, 6719698, 14472356, 31169423, 67130254, 144579863, 311384740, 670635970, 1444363025


Expansion of e.g.f.: exp(exp(x)-sec(x))=1+x+1/2!*x^2+2/3!*x^3+1/4!*x^4-8/5!*x^5...
1, 1, 1, 2, 1, -8, -83, -572, -3447, -21672, -123111, -737240, -3483619, -13031484, 70815357, 2064032844, 35771746481, 493920403632, 6641490804273, 85856649793936, 1103675761610485, 14215393325698588


E.g.f.: sin(exp(x)-sec(x))=x-4/4!*x^4-8/5!*x^5-56/7!*x^7+1136/8!*x^8...
1, 0, 0, -4, -8, 0, -56, 1136, -4976, 47040, -541728, 2460416, -51170624, 202185984, -5359238912, 20705351936, -673408564736, 2215089472512, -100278515381760, 202372883465216, -17008883052323840


arcsin(exp(x)-sec(x))=x+2/3!*x^3-4/4!*x^4+20/5!*x^5-120/6!*x^6...
1, 0, 2, -4, 20, -120, 632, -6704, 44480, -630240, 5566112, -91544704, 1063375040, -19258162560, 283305867392, -5578129589504, 99671066259200, -2135174387566080, 44678363702761472, -1044242762736047104


E.g.f.: tan(exp(x)-sec(x))=x+3/3!*x^3-4/4!*x^4+37/5!*x^5-180/6!*x^6...
0, 1, 0, 3, -4, 37, -180, 1015, -11464, 57961, -1001640, 6231819, -117917644, 1041455053, -18546221148, 232421139007, -3887058864784, 64390950162769, -1075269065795664, 21514220038798995, -383113444907091604


arctan(exp(x)-sec(x))=x-1/3!*x^3-4/4!*x^4+5/5!*x^5+60/6!*x^6...
1, 0, -1, -4, 5, 60, -61, -2504, -8695, 100920, 873479, -6889804, -142058995, -4843020, 19728547019, 98903242096, -3531831462895, -49401992303760, 493517141932559, 17048746833049196, -29344831492412395


cos(exp(x)-sec(x))=1-1/2!*x^2-3/4!*x^4+20/5!*x^5+3/6!*x^6...
1, 0, -1, 0, -3, 20, 3, 420, -343, 8424, -22249, 260040, -239547, 10498748, 94138107, -147119700, 19810696721, -201766341168, 3757708820591, -61124264974704, 781479753273933, -16996638107062684


sinh(exp(x)-sec(x)) = x + 2/3!*x^3 - 4/4!*x^4 + 12/5!*x^5 - 120/6!*x^6 + ...
0, 1, 0, 2, -4, 12, -120, 128, -4464, 6912, -206880, 776800, -12788224, 95713984, -1101528064, 13091780224, -133871961344, 2061579919104, -22144979338752, 381671021731840, -4690276122840064, 83860033272100864


arcsinh(exp(x)-sec(x))=x-4/4!*x^4-1104/8!*x^8-5040/9!*x^9...
1, 0, 0, -4, 0, 0, 0, -1104, -5040, 0, 184800, -1784704, -39948480, -201801600, 2969366400, 24788541696, -621491320320, -12903078988800, 20131497484800, 2944178363780096, 8434762785469440


tanh(exp(x)-sec(x))=x-1/3!*x^3-4/4!*x^4-3/5!*x^5+60/6!*x^6...
1, 0, -1, -4, -3, 60, 107, -264, -11175, -40200, 142903, 2392436, 8175637, -327277132, -3256146845, -19824913424, 184016913969, 1628105059824, -33266797736465, -1067099983418644, -14633634217342547


Expansion of e.g.f.: arctanh(exp(x)-sec(x))=x+3/3!*x^3-4/4!*x^4+45/5!*x^5-180/6!*x^6...
0, 1, 0, 3, -4, 45, -180, 1743, -13704, 135705, -1613160, 18065883, -276222604, 3655783365, -65652672540, 1034667581223, -20865280018704, 387014665823025, -8593188683674320, 184059142857923763


E.g.f.: cosh(exp(x)-sec(x))=1+1/2!*x^2+5/4!*x^4-20/5!*x^5+37/6!*x^6...
1, 0, 1, 0, 5, -20, 37, -700, 1017, -28584, 83769, -1514040, 9304605, -108745468, 1172343421, -11027747380, 169643707825, -1567659515472, 28786470143025, -295814371937904, 5793951884450549, -69644639946402276


sec(exp(x)-sec(x))=1+1/2!*x^2+9/4!*x^4-20/5!*x^5+177/6!*x^6...
1, 0, 1, 0, 9, -20, 177, -1260, 7105, -99144, 564049, -10278840, 77134761, -1412196188, 15082747617, -257693157540, 3771722331457, -62330454304272, 1150241027577697, -19671866661968880, 420212562193269513


sech(exp(x)-sec(x))=1-1/2!*x^2+1/4!*x^4+20/5!*x^5+23/6!*x^6...
1, 0, -1, 0, 1, 20, 23, -140, -975, -1656, 74751, 365640, 1284369, -26269412, -120532297, 1518753340, 37230940193, 312855107472, -1646816770497, -37424409392880, -167334452580383, 9798194248744356


arctanh(exp(x)-sech(x))=x+2/2!*x^2+3/3!*x^3+20/4!*x^4+165/5!*x^5...
0, 1, 2, 3, 20, 165, 1142, 10983, 136040, 1753545, 25376042, 422373963, 7641560060, 149590274925, 3195495898142, 73536613981743, 1808159717424080, 47465557573756305, 1324783497842287442


E.g.f.: exp(sin(x)-log(x+1)).
1, 0, 1, -3, 9, -53, 315, -2149, 17409, -156617, 1563219, -17208081, 206502945, -2684228909, 37580441899, -563709546373, 9019300106369, -153328265590929, 2759909907247651, -52438275521652889, 1048765530491448353, -22024076635965333173, 484529682070755145979


exp(sin(x)-arcsin(x))=1-2/3!*x^3-8/5!*x^5+40/6!*x^6-226/7!*x^7...
1, 0, 0, -2, 0, -8, 40, -226, 896, -13264, 62304, -1040866, 6528896, -128181272, 950205568, -21880956098, 189104984064, -4957876255136, 48968006626816, -1441276692392770, 16013733248841728, -522786344819213608


-sin(sin(x)-arcsin(x))=2/3!*x^3+8/5!*x^5+226/7!*x^7+8784/9!*x^9...
2, 8, 226, 8784, 745186, 87930776, 14731669954, 3284180017312, 942576417055042, 338316707471357480, 148485160867969449250, 78231095025601137037552, 48725086678004751268115746


tan(arcsin(x)-sin(x)) = 2/3!*x^3+8/5!*x^5+226/7!*x^7+15504/9!*x^9...
0, 2, 8, 226, 15504, 1188706, 148306520, 26128271170, 5977691158048, 1757745580960834, 644493123719650472, 287811224662750272034, 153933334239209991266992, 97140471618560380314609826


-arctan(sin(x)-arcsin(x))=2/3!*x^3+8/5!*x^5+226/7!*x^7+6544/9!*x^9...
2, 8, 226, 6544, 597346, 67805528, 12188457282, 2727880967200, 796141697431618, 286025228357713576, 126058973689765963298, 66521439788693954540976, 41531178576953648181886626


cos(sin(x)-arcsin(x))=1-40/6!*x^6-896/8!*x^8-62304/10!*x^10...
1, 0, 0, -40, -896, -62304, -6036096, -878453888, -172356091904, -44229410876928, -14356887611836416, -5752160769829099520, -2787961066322579554304, -1607823657408554342604800


-sinh(sin(x)-arcsin(x))=2/3!*x^3+8/5!*x^5+226/7!*x^7+13264/9!*x^9...
2, 8, 226, 13264, 1040866, 128181272, 21880956098, 4957876255136, 1441276692392770, 522786344819213608, 231464628933637009186, 122855468800105032574832, 77004928448834740386437666


cosh(sin(x)-arcsin(x))=1+40/6!*x^6+896/8!*x^8+62304/10!*x^10...
1, 0, 0, 40, 896, 62304, 6528896, 950205568, 189104984064, 48968006626816, 16013733248841728, 6455144284204947456, 3144635341624935219200, 1821357143607530260848640, 1237121524622739656337752064


sec(sin(x)-arcsin(x))=1+40/6!*x^6+896/8!*x^8+62304/10!*x^10...
1, 0, 0, 40, 896, 62304, 7514496, 1093708928, 222602768384, 59177065262592, 19661155936868352, 8041910306499811328, 3968598123713485832192, 2324068812945480395448320, 1594018675642134181026299904


sech(sin(x)-arcsin(x))=1-40/6!*x^6-896/8!*x^8-62304/10!*x^10...
1, 0, 0, -40, -896, -62304, -5050496, -734950528, -138858307584, -35484086513152, -11376927751841792, -4526992734620571648, -2178753470207843827712, -1249669173876982577029120


exp(sin(x)-tan(x))=1-3/3!*x^3-15/5!*x^5+90/6!*x^6-273/7!*x^7...
1, 0, 0, -3, 0, -15, 90, -273, 2520, -15495, 126630, -977493, 9727740, -88854675, 979548570, -10671316113, 129584342160, -1617243395055, 21655877754510, -303182522321133, 4450716903531780, -68820502388338635


sin(sin(x)-tan(x))=-3/3!*x^3-15/5!*x^5-273/7!*x^7-375/9!*x^9...
-3, -15, -273, -375, 269907, 44118165, 6182721087, 965945373105, 171088458444267, 34527329266886445, 7854770103731451447, 1982591879388402922185, 541911653216772177150627, 153897247606992030028136325, 41291644532130509317439445807


tan(tan(x)-sin(x)) = 3/3!*x^3 + 15/5!*x^5 + 273/7!*x^7 + 23055/9!*x^9...
0, 3, 15, 273, 23055, 1601193, 155341095, 24206437713, 4645592799135, 1094690215087833, 324803673636221175, 116133164181717551553, 48989776965837082135215, 24245825813770391843700873


arctan(sin(x)-tan(x))=-3/3!*x^3-15/5!*x^5-273/7!*x^7+7185/9!*x^9...
-3, -15, -273, 7185, 893607, 110604585, 6777315087, -405484606815, -441813428161833, -137423041821531015, -28797568231809153153, 2268330081740331047985, 6518378202627257740085127


cos(sin(x)-tan(x))=1-90/6!*x^6-2520/8!*x^8-126630/10!*x^10...
1, 0, 0, -90, -2520, -126630, -7232940, -525494970, -41497943760, -2901128941710, 81569169583020, 147991203194615550, 70007476191566027400, 29824424882002116303210


sinh(sin(x)-tan(x))=-3/3!*x^3-15/5!*x^5-273/7!*x^7-15495/9!*x^9...
3, 15, 273, 15495, 977493, 88854675, 10671316113, 1617243395055, 303182522321133, 68820502388338635, 18601481181446108553, 5903132077554100349415, 2173055397496643301830373


cosh(sin(x)-tan(x))=1+90/6!*x^6+2520/8!*x^8+126630/10!*x^10...
1, 0, 0, 90, 2520, 126630, 9727740, 979548570, 129584342160, 21655877754510, 4450716903531780, 1102163137590334050, 323261459451529176600, 110722946709029745152790, 43768619617333612645900620


sec(sin(x)-tan(x))=1+90/6!*x^6+2520/8!*x^8+126630/10!*x^10...
1, 0, 0, 90, 2520, 126630, 14717340, 1887655770, 305757138960, 67501799476110, 18267050784481380, 5925845719351577250, 2313597977247058464600, 1064286603125099115824790


sech(sin(x)-tan(x))=1-90/6!*x^6-2520/8!*x^8-126630/10!*x^10...
1, 0, 0, -90, -2520, -126630, -2243340, 382612230, 134674853040, 26271944587890, 4394379581092620, 324925984573170750, -181350289825568364600, -145875833202121504544790


Expansion of e.g.f.: exp(sin(x)-arctan(x))=1+1/3!*x^3-23/5!*x^5+10/6!*x^6+719/7!*x^7...
1, 0, 0, 1, 0, -23, 10, 719, -1288, -40039, 152934, 3522539, -21952084, -447600515, 4051623706, 77667878287, -956802094896, -17678180216111, 283850233488142, 5114563630418963, -103778358157367212


sin(sin(x)-arctan(x))=1/3!*x^3-23/5!*x^5+719/7!*x^7-40599/9!*x^9...
1, -23, 719, -40599, 3735059, -510402683, 96691506911, -24171783139087, 7694747756773355, -3036089243696854595, 1453467770211562096727, -829717294037701503696727, 556699159289263988695878179


tan(sin(x)-arctan(x))=1/3!*x^3-23/5!*x^5+719/7!*x^7-39759/9!*x^9...
1, -23, 719, -39759, 3416279, -416199431, 68177084975, -14464255598623, 3858701385264167, -1264194279838439447, 498983377122586500671, -233538587496361280678767, 127884277134966430982474999


arctan(sin(x)-arctan(x))=1/3!*x^3-23/5!*x^5+719/7!*x^7-40879/9!*x^9...
0, 1, -23, 719, -40879, 3841319, -541803767, 106235553423, -27468995761375, 9037325540918231, -3685351559546907751, 1824543182108925373567, -1078031616167494916871951, 749297439398817941026337799


E.g.f.: cos(sin(x)-arctan(x))=1-10/6!*x^6+1288/8!*x^8-152934/10!*x^10...
1, 0, 0, -10, 1288, -152934, 21982884, -4077409466, 972083601136, -292315200462606, 108645176948603484, -48996211090048870850, 26383142439992849750056, -16729383446320867555995350


sinh(sin(x)-arctan(x))=1/3!*x^3-23/5!*x^5+719/7!*x^7-40039/9!*x^9...
1, -23, 719, -40039, 3522539, -447600515, 77667878287, -17678180216111, 5114563630418963, -1833901052655286363, 798306636459002471063, -414704864473303294302407, 253396539072278830083000859


cosh(sin(x)-arctan(x))=1+10/6!*x^6-1288/8!*x^8+152934/10!*x^10...
1, 0, 0, 10, -1288, 152934, -21952084, 4051623706, -956802094896, 283850233488142, -103778358157367212, 45952155963779123106, -24267844868956822679176, 15082728649311299637576790


sec(sin(x)-arctan(x))=1+10/6!*x^6-1288/8!*x^8+152934/10!*x^10...
1, 0, 0, 10, -1288, 152934, -21890484, 4000052186, -926239082416, 266931734963214, -94074704256622668, 39914182012094267618, -20108103789380727679816, 11884006709783387983027670


sech(sin(x)-arctan(x))=1-10/6!*x^6+1288/8!*x^8-152934/10!*x^10...
1, 0, 0, -10, 1288, -152934, 22044484, -4128980986, 1002646613616, -309256569835534, 118408798212804028, -55134457643443006338, 30684616930799120314216, -20117431906536006109520470


exp(sin(x)-sinh(x))=1-2/3!*x^3+40/6!*x^6-2/7!*x^7-2240/9!*x^9...
1, 0, 0, -2, 0, 0, 40, -2, 0, -2240, 480, -2, 246400, -137280, 8320, -44844802, 51251200, -10325120, 12197916160, -24831206402, 11394406400, -4636033573760, 15296025241600, -13230894476802, 2348235343872000


sin(sin(x)-sinh(x))=-2/3!*x^3-2/7!*x^7+2240/9!*x^9-2/11!*x^11...
-2, 0, -2, 2240, -2, 137280, -44844802, 10325120, -24831206402, 4636033573760, -13230894476802, 11727021909179200, -1532148866787968002, 24717753365658325440


Expansion of tan(sinh(x)-sin(x)) = 2/3!*x^3 + 2/7!*x^7 + 4480/9!*x^9 + 2/11!*x^11 + ...
0, 2, 0, 2, 4480, 2, 274560, 717516802, 20650240, 397299302402, 1260764869707520, 211694311628802, 3189730834295158400, 12098583209553471488002, 6723227372694939050880


arctan(sin(x)-sinh(x)) = -2/3!*x^3 - 2/7!*x^7 + 4480/9!*x^9 - 2/11!*x^11 + ...
-2, 0, -2, 4480, -2, 274560, -1076275202, 20650240, -595948953602, 3337315890251520, -317541467443202, 8443404916271478400, -61468170244569234432002, 17796778320664208810880, -497337594356972616069888002, 4456181603844910120400213608960


cos(sin(x)-sinh(x))=1-40/6!*x^6-480/10!*x^10+246400/12!*x^12...
1, 0, 0, -40, 0, -480, 246400, -8320, 51251200, -12197916160, 11394406400, -15296025241600, 2348235343872000, -17026923803402240, 10977173716094976000, -1257676453660275015680


arcsinh(sin(x)-sinh(x))=-2/3!*x^3-2/7!*x^7+2240/9!*x^9-2/11!*x^11...
0, -2, 0, -2, 2240, -2, 137280, -403603202, 10325120, -223480857602, 1042911543845760, -119078050291202, 2638564062897339200, -16807721436490038912002, 5561493227350293205440


sec(sin(x)-sinh(x))=1+40/6!*x^6+480/10!*x^10+1232000/12!*x^12...
1, 0, 0, 40, 0, 480, 1232000, 8320, 256256000, 744065052160, 56972032000, 933057413785600, 3248379673651200000, 1038642349994762240, 15202354034221486080000, 62540998641516972945735680


exp(sin(x)-arcsinh(x)) = 1-8/5!*x^5+224/7!*x^7-11024/9!*x^9+8064/10!*x^10...
1, 0, 0, 0, 0, -8, 0, 224, 0, -11024, 8064, 893024, -1419264, -108056024, 262662400, 18196891712, -59455492096, -4073700728096, 16726941245440, 1171230240813632, -5792855942807552, -420783754605743528


sin(sin(x)-arcsinh(x)) = -8/5!*x^5+224/7!*x^7-11024/9!*x^9...
0, 0, -8, 224, -11024, 893024, -108056024, 18326044736, -4143959973152, 1203673701847616, -436556568694967720, 193325069835999174688, -102646741662885247765552, 64363759451798102692787104


cos(sin(x)-arcsinh(x))=1-8064/10!*x^10+1419264/12!*x^12...
1, 0, 0, 0, 0, -8064, 1419264, -262662400, 59455492096, -16726941245440, 5796860719775744, -2439524053684551680, 1228699611612771516416, -730845840019971307929600, 507327256430827248463380480


exp(sin(x)-tanh(x))=1+1/3!*x^3-15/5!*x^5+10/6!*x^6+271/7!*x^7...
1, 0, 0, 1, 0, -15, 10, 271, -840, -7655, 60870, 284491, -4949780, -9609795, 484684330, -382526689, -57168678320, 229639178065, 7957246947790, -65098408980269, -1270811040444460, 17837435546853925


Expansion of e.g.f. sin(sin(x) - tanh(x)), odd powers only.
1, -15, 271, -8215, 423091, -35126715, 4192844111, -652228720015, 125163350892331, -28804173376146115, 7819440342923915751, -2475114876516159269015, 904874211609774006906371, -378873316356391869172808715, 180284311084647508248207800191, -96800336889159425029828580541215


tan(sin(x)-tanh(x))=1/3!*x^3-15/5!*x^5+271/7!*x^7-7375/9!*x^9...
1, -15, 271, -7375, 215191, 3148665, -2649191089, 649131707105, -146075501268569, 33189954373043945, -7481610904728705249, 1478339075346879047185, -99742476113106129277129


arctan(sin(x)-tanh(x))=1/3!*x^3-15/5!*x^5+271/7!*x^7-8495/9!*x^9...
1, -15, 271, -8495, 492391, -47885175, 6512761711, -1126039513055, 241996705222231, -64384007995020135, 20971047413824897951, -8203471786087609654415, 3781059328242133245372871


cos(sin(x)-tanh(x))=1-10/6!*x^6+840/8!*x^8-60870/10!*x^10...
1, 0, 0, -10, 840, -60870, 4980580, -501501130, 63445348720, -10063325322190, 1976669210391260, -472760236462102450, 135256173623772004200, -45534410854433395672310, 17782334849654204122443540


sinh(sin(x)-tanh(x))=1/3!*x^3-15/5!*x^5+271/7!*x^7-7655/9!*x^9...
1, -15, 271, -7655, 284491, -9609795, -382526689, 229639178065, -65098408980269, 17837435546853925, -5217817960366272249, 1673172596073749841785, -591805818675678286322629


cosh(sin(x)-tanh(x))=1+10/6!*x^6-840/8!*x^8+60870/10!*x^10...
1, 0, 0, 10, -840, 60870, -4949780, 484684330, -57168678320, 7957246947790, -1270811040444460, 224172849477365650, -40867049294767840200, 6397467145495026664310, 40199264206917072158460


sec(sin(x)-tanh(x))=1+10/6!*x^6-840/8!*x^8+60870/10!*x^10...
1, 0, 0, 10, -840, 60870, -4888180, 451050730, -44615337520, 3756525622990, 121350724409140, -252176627984091950, 129656734144811047800, -57182907798391521511690, 24201188340561567892562460


sech(sin(x)-tanh(x))=1-10/6!*x^6+840/8!*x^8-60870/10!*x^10...
1, 0, 0, -10, 840, -60870, 5042180, -535134730, 75998689520, -14286917494990, 3407940125324860, -990760306939592050, 342314173738467052200, -138600427075503715528310, 65139256364305112582847540


exp(sin(x)-arctanh(x))=1-3/3!*x^3-23/5!*x^5+90/6!*x^6-721/7!*x^7...
1, 0, 0, -3, 0, -23, 90, -721, 3864, -47879, 326214, -4585141, 40991676, -647541971, 7059334282, -125142649633, 1612242903824, -31683946165871, 471247352116174, -10177278274781101, 171640057469660548


sin(sin(x)-arctanh(x))=-3/3!*x^3-23/5!*x^5-721/7!*x^7-32759/9!*x^9...
3, 23, 721, 32759, 2672461, 310461227, 49895013169, 10516703525327, 2811203923750741, 926105108276716115, 367211453075540071769, 171643737525955364628727, 92766252900694480314741821


tan(arctanh(x)-sin(x)) = 3/3!*x^3 + 23/5!*x^5 + 721/7!*x^7 + 55439/9!*x^9...
0, 3, 23, 721, 55439, 5541481, 816082343, 167874570865, 44930591850143, 15238326353365081, 6394194823965172727, 3248353545402758819489, 1964538978111655728427567, 1394689558266289975472153801


-arctan(sin(x)-arctanh(x))=3/3!*x^3+23/5!*x^5+721/7!*x^7+25199/9!*x^9...
0, 3, 23, 721, 25199, 1716121, 141920855, 20103619537, 4016386229855, 1241116799607721, 494609567396520071, 244232906612554953633, 140315440295583485315151, 92810530303082004433849401


cos(sin(x)-arctanh(x))=1-90/6!*x^6-3864/8!*x^8-326214/10!*x^10...
1, 0, 0, -90, -3864, -326214, -38496876, -6363118762, -1391451773264, -390207547318222, -136581823796686036, -58397588436566980370, -29960029691855345080504, -18169010205146250870789750


sinh(sin(x)-arctanh(x))=-3/3!*x^3-23/5!*x^5-721/7!*x^7-47879/9!*x^9...
3, 23, 721, 47879, 4585141, 647541971, 125142649633, 31683946165871, 10177278274781101, 4042622917874613323, 1945427918214115672569, 1115191589596355708429607, 750796364377542533286862341


cosh(sin(x)-arctanh(x))=1+90/6!*x^6+3864/8!*x^8+326214/10!*x^10...
1, 0, 0, 90, 3864, 326214, 40991676, 7059334282, 1612242903824, 471247352116174, 171640057469660548, 76238487501368295026, 40569187584659105627992, 25481546086075766773695990


sec(sin(x)-arctanh(x))=1+90/6!*x^6+3864/8!*x^8+326214/10!*x^10...
1, 0, 0, 90, 3864, 326214, 45981276, 8451765322, 2053825164944, 641663385808078, 249042559475513572, 117658592297847708338, 66515862023755958383768, 44326271307924691256260470


E.g.f.: sech(sin(x)-arctanh(x))=1-90/6!*x^6-3864/8!*x^8-326214/10!*x^10...
1, 0, 0, -90, -3864, -326214, -33507276, -4970687722, -949869512144, -236464361818318, -73751391110641012, -28454096973841135058, -13304169550531141566328, -7432891904926457008929270


exp(arcsin(x)-log(x+1))=1+1/2!*x^2-1/3!*x^3+9/4!*x^4-25/5!*x^5...
1, 0, 1, -1, 9, -25, 235, -1125, 12145, -83305, 1037475, -9280225, 132009625, -1456021125, 23378099875, -306453818125, 5493040502625, -83388492864625, 1652566180607875, -28500730684349625, 619275939126495625


exp(arcsin(x)-tan(x))=1-1/3!*x^3-7/5!*x^5+10/6!*x^6-47/7!*x^7...
1, 0, 0, -1, 0, -7, 10, -47, 392, 2809, 11814, 506893, -403612, 83115485, -231855494, 16349094305, -65488668048, 3986249084945, -19019872358258, 1200454846441429, -6285428416936228, 441567328473394021


arcsin(arcsin(x)-tan(x))=-1/3!*x^3-7/5!*x^5-47/7!*x^7+2809/9!*x^9...
-1, -7, -47, 2809, 506893, 83115485, 16337883105, 3980912553745, 1198885514196949, 441311715413932261, 196017910100566581641, 103733615818680354449241, 64634094120174715384992573


tan(arcsin(x)-tan(x))=-1/3!*x^3-7/5!*x^5-47/7!*x^7+2529/9!*x^9...
-1, -7, -47, 2529, 474553, 80543201, 16320858097, 4064194232641, 1239800275237225, 458973088380970433, 203990713313188606561, 107678055191713549688737, 66805939165628021795993113


arctan(arcsin(x)-tan(x)) = -1/3!*x^3 - 7/5!*x^5 - 47/7!*x^7 + 3649/9!*x^9...
-1, -7, -47, 3649, 603913, 90832337, 16338507729, 3707053126657, 1069079235975961, 387242954208151825, 172585239298528416545, 92608073317490225768001, 58719694732194364215549993


E.g.f.: cos(arcsin(x)-tan(x))=1-10/6!*x^6-392/8!*x^8-11814/10!*x^10...
1, 0, 0, -10, -392, -11814, 434412, 239703334, 66778596688, 19103113532274, 6219304575954900, 2372061571443015646, 1067602664492677013176, 566076503411492186181610, 351525681041566766571083772


arcsinh(arcsin(x)-tan(x))=-1/3!*x^3-7/5!*x^5-47/7!*x^7+3369/9!*x^9...
-1, -7, -47, 3369, 571573, 88260053, 16352313521, 3805010266353, 1114309660688557, 405568733333445837, 180263147441643275337, 96121395297143070311401, 60524878000846286453504453


cosh(arcsin(x)-tan(x))=1+10/6!*x^6+392/8!*x^8+11814/10!*x^10...
1, 0, 0, 10, 392, 11814, -403612, -231855494, -65488668048, -19019872358258, -6285428416936228, -2426795058770532798, -1100901702843643862296, -585586283280926607971690, -363295626691930416421332972


sec(arcsin(x)-tan(x))=1+10/6!*x^6+392/8!*x^8+11814/10!*x^10...
1, 0, 0, 10, 392, 11814, -342012, -216159814, -62908810768, -18841954586226, -6408550630546884, -2531899081824559102, -1166225397113477182936, -624827241398074401423850, -387664428610356715107061452


sech(arcsin(x)-tan(x))=1-10/6!*x^6-392/8!*x^8-11814/10!*x^10...
1, 0, 0, -10, -392, -11814, 496012, 255399014, 69358453968, 19258160456306, 6077931425640244, 2258231645186973342, 999755491596900217336, 527324363004530542073450, 328862882324660659119175452


E.g.f.: exp(arcsin(x)-arctan(x))=1+3/3!*x^3-15/5!*x^5+90/6!*x^6+945/7!*x^7...
1, 0, 0, 3, 0, -15, 90, 945, -2520, -21735, 368550, 3898125, -29313900, -200675475, 7122965850, 76834382625, -1133998866000, -6451321251375, 432213196164750, 4637298724183125, -115564330313932500


arcsin(arcsin(x)-arctan(x))=3/3!*x^3-15/5!*x^5+945/7!*x^7-21735/9!*x^9...
3, -15, 945, -21735, 3898125, -200675475, 79558704225, -7377590595375, 5270866955479125, -797301690038728875, 870299379257314631625, -199012078053904775034375, 299398813508124256529728125


tan(arcsin(x)-arctan(x))=3/3!*x^3-15/5!*x^5+945/7!*x^7-14175/9!*x^9...
3, -15, 945, -14175, 3274425, -30405375, 52996568625, 2290345682625, 2793516176075625, 471064785877310625, 385249723016564030625, 141236453715527936390625, 117605025896710529818265625


Coefficient of x^(2n+1)/(2n+1)! in arctan(arcsin(x)-arctan(x))=3/3!*x^3-15/5!*x^5+945/7!*x^7-44415/9!*x^9...
0, 3, -15, 945, -44415, 5769225, -711485775, 171504558225, -40549611477375, 15553976334521625, -6025672551378855375, 3368007502842396038625, -1937899053877871819109375, 1488068350680083972290115625


cos(arcsin(x)-arctan(x))=1-90/6!*x^6+2520/8!*x^8-368550/10!*x^10...
1, 0, 0, -90, 2520, -368550, 31808700, -7577019450, 1338322986000, -493346972868750, 147490229469082500, -78563939419056341250, 35612399584500073335000, -25974260672177759785593750


arcsinh(arcsin(x)-arctan(x))=3/3!*x^3-15/5!*x^5+945/7!*x^7-36855/9!*x^9...
3, -15, 945, -36855, 5145525, -541215675, 137450538225, -28334434503375, 11334312919054125, -3890960916187219875, 2248877246697095639625, -1162888838017333636584375, 916442062457996554007653125


cosh(arcsin(x)-arctan(x))=1+90/6!*x^6-2520/8!*x^8+368550/10!*x^10...
1, 0, 0, 90, -2520, 368550, -29313900, 7122965850, -1133998866000, 432213196164750, -115564330313932500, 64225795369647161250, -25965004352151980115000, 19884500689553832175593750


sec(arcsin(x)-arctan(x))=1+90/6!*x^6-2520/8!*x^8+368550/10!*x^10...
1, 0, 0, 90, -2520, 368550, -24324300, 6214858650, -725350626000, 318282066852750, -56464293738352500, 40214549353890161250, -9894502805503110795000, 10823754426851479957593750


sech(arcsin(x)-arctan(x))=1-90/6!*x^6+2520/8!*x^8-368550/10!*x^10...
1, 0, 0, -90, 2520, -368550, 36798300, -8485126650, 1746971226000, -623950950372750, 216093789514102500, -111905269600936061250, 58297381976449590975000, -41488228251938936311593750


Expansion of e.g.f.: exp(arcsin(x)-arcsinh(x))=1+2/3!*x^3+40/6!*x^6+450/7!*x^7+2240/9!*x^9...
1, 0, 0, 2, 0, 0, 40, 450, 0, 2240, 108000, 1786050, 246400, 30888000, 1647734400, 36567781250, 11531520000, 1356752592000, 85195294912000, 2380490964101250, 1210714801920000, 153377369153840000


arcsin(arcsin(x)-arcsinh(x))=2/3!*x^3+450/7!*x^7+2240/9!*x^9...
2, 0, 450, 2240, 1786050, 30888000, 36926539650, 1356752592000, 2425187135621250, 154415644664112000, 389167059569139101250, 38253175174710405000000, 129492439672113021377981250


tan(arcsin(x)-arcsinh(x)) = 2/3!*x^3+450/7!*x^7+4480/9!*x^9...
0, 2, 0, 450, 4480, 1786050, 61776000, 37240453250, 2713505184000, 2464296285701250, 308006231110240000, 397784819452992221250, 76036685958833418000000, 132964856302641623934781250


E.g.f.: cos(arcsin(x)-arcsinh(x))=1-40/6!*x^6-108000/10!*x^10+246400/12!*x^12...
1, 0, 0, -40, 0, -108000, 246400, -1647734400, 11531520000, -85195294912000, 1210714801920000, -11246246283767040000, 269211710490511360000, -3174485131400558976000000, 114873496767979282944000000


sec(arcsin(x)-arcsinh(x))=1+40/6!*x^6+108000/10!*x^10+1232000/12!*x^12...
1, 0, 0, 40, 0, 108000, 1232000, 1647734400, 57657600000, 85927162048000, 6053574009600000, 11452742596189440000, 1349295190949488640000, 3261229190521061760000000, 577775664177165642240000000


exp(arcsin(x)-tanh(x))=1+3/3!*x^3-7/5!*x^5+90/6!*x^6+497/7!*x^7...
1, 0, 0, 3, 0, -7, 90, 497, -1176, 10649, 185094, 955757, 530772, 167741741, 1636156522, 18092867249, 170829306928, 6069742560593, 60742435952974, 1368824205107477, 18173279227072940, 584561380993184597


E.g.f.: arcsin(arcsin(x)-tanh(x)) (odd coefficients only).
0, 3, -7, 497, 10649, 955757, 167741741, 20817188849, 5637483533393, 1653225944489237, 560689820639903957, 269465649695982142009, 138258119776900090716601, 87774869737967098700912797, 65239835100565334768577561149, 54460490625029012562328972397057


tan(arcsin(x)-tanh(x))=3/3!*x^3-7/5!*x^5+497/7!*x^7+18209/9!*x^9...
3, -7, 497, 18209, 664697, 249795713, 20788071761, 7484066815937, 2018810597689577, 693966952243632545, 344692722450514980225, 170245123653326940700257, 112403414827841060460901977


arctan(arcsin(x)-tanh(x))=3/3!*x^3-7/5!*x^5+497/7!*x^7-12031/9!*x^9...
3, -7, 497, -12031, 1828937, -78420175, 33163987313, -1847431936639, 1836279812106137, -90066800149588687, 250185010809212552449, -1037398294518312251519, 71571989564012181483901417


cos(arcsin(x)-tanh(x))=1-90/6!*x^6+1176/8!*x^8-185094/10!*x^10...
1, 0, 0, -90, 1176, -185094, 1964028, -1848048202, -75962374768, -67890529994062, -11941170933349628, -7295480526681684722, -2786657669471759954024, -1863106309893276602345910


arcsinh(arcsin(x)-tanh(x))=3/3!*x^3-7/5!*x^5+497/7!*x^7-4471/9!*x^9...
3, -7, 497, -4471, 1537877, 3633797, 25642985825, 1187863670705, 1419759682006637, 193121697188029661, 200696541857404028889, 55695588453425762984841, 60791734371206895835586277


cosh(arcsin(x)-tanh(x))=1+90/6!*x^6-1176/8!*x^8+185094/10!*x^10...
1, 0, 0, 90, -1176, 185094, 530772, 1636156522, 170829306928, 60742435952974, 18173279227072940, 7353969776707569554, 3655980234829231451912, 2065776616635942000462390, 1427955074795894359873706436, 1109745897830641117410245879226


sec(arcsin(x)-tanh(x))=1+90/6!*x^6-1176/8!*x^8+185094/10!*x^10...
1, 0, 0, 90, -1176, 185094, 5520372, 1212373162, 360563171248, 54782671966798, 28420007004983564, 9501613654091931218, 4976784878396711868488, 2978748297366502676647350


sech(arcsin(x)-tanh(x))=1-90/6!*x^6+1176/8!*x^8-185094/10!*x^10...
1, 0, 0, -90, 1176, -185094, 6953628, -2271831562, 113771489552, -90523142172238, 2740534463632996, -9209167403962507058, -464269042403340299048, -2066044589238157561264950


exp(arcsin(x)-arctanh(x))=1-1/3!*x^3-15/5!*x^5+10/6!*x^6-495/7!*x^7...
1, 0, 0, -1, 0, -15, 10, -495, 840, -29575, 87750, -2805075, 12340900, -387547875, 2304422250, -73485787375, 556725078000, -18311017515375, 169707184396750, -5801182757296875, 63859173696337500


E.g.f.: -arcsin(arcsin(x) - arctanh(x)) (odd powers only).
0, 1, 15, 495, 29575, 2805075, 387547875, 73496998575, 18322452939375, 5810121991600875, 2283796491396190875, 1089828106992320070375, 620645663306405750934375, 415796249727049685923771875, 323721378608985101109612121875, 289840773808099328924207553609375


tan(arctanh(x)-arcsin(x)) = 1/3!*x^3 + 15/5!*x^5 + 495/7!*x^7 + 29855/9!*x^9...
0, 1, 15, 495, 29855, 2874375, 404150175, 78074371375, 19828087485375, 6403087440228375, 2561659553274989375, 1243334307147747189375, 719656795107349242609375, 489659786386680109910734375


-arctan(arcsin(x)-arctanh(x))=1/3!*x^3+15/5!*x^5+495/7!*x^7+28735/9!*x^9...
0, 1, 15, 495, 28735, 2597175, 337740975, 59815330575, 13857008709375, 4071452200086375, 1480690661198331375, 653488912610356197375, 344332933648569891309375, 213657034023415650312084375


cos(arcsin(x)-arctanh(x))=1-10/6!*x^6-840/8!*x^8-87750/10!*x^10...
1, 0, 0, -10, -840, -87750, -12310100, -2287605450, -549013374000, -166031512396750, -61922192590147500, -27960041702488691250, -15045975711682274645000, -9519627048988069071093750


E.g.f.: -arcsinh(arcsin(x)-arctanh(x)) (odd powers only).
0, 15, 495, 29015, 2666475, 354343275, 64361872575, 15331195839375, 4639834754377875, 1739923436670397875, 792214640482949058375, 430673843640390204684375, 275621285783640234105646875, 205164378528197702536594546875, 175791115887829825909515376359375


cosh(arcsin(x)-arctanh(x))=1+10/6!*x^6+840/8!*x^8+87750/10!*x^10...
1, 0, 0, 10, 840, 87750, 12340900, 2304422250, 556725078000, 169707184396750, 63859173696337500, 29112458631692231250, 15824678904821697625000, 10117021949736621549093750, 7518098018091686976236812500


sec(arcsin(x)-arctanh(x))=1+10/6!*x^6+840/8!*x^8+87750/10!*x^10...
1, 0, 0, 10, 840, 87750, 12402500, 2338055850, 572148486000, 177069963820750, 67752690483757500, 31441329951467231250, 17409362545770168545000, 11342985795968641587093750, 8592815549188913685325312500


sech(arcsin(x)-arctanh(x))=1-10/6!*x^6-840/8!*x^8-87750/10!*x^10...
1, 0, 0, -10, -840, -87750, -12248500, -2253971850, -533589966000, -158691603820750, -58067784952807500, -25679245305449531250, -13515821293834796365000, -8355912675896675805093750


exp(tan(x)-log(x+1))=1+1/2!*x^2+9/4!*x^4-8/5!*x^5+225/6!*x^6...
1, 0, 1, 0, 9, -8, 225, -616, 11025, -57584, 901089, -7218288, 111426777, -1206961208, 19455493057, -263225301400, 4553837345057, -73099331076960, 1373357039852353, -25286525625615712, 517610171023053737


Expansion of e.g.f.: exp(tan(x)-arctan(x))=1+4/3!*x^3-8/5!*x^5+160/6!*x^6+992/7!*x^7...
1, 0, 0, 4, 0, -8, 160, 992, -1792, -14464, 484224, 3391232, -30840832, -175044608, 7718963200, 53080130560, -1315838558208, -6862446264320, 426971596029952, 2514483259473920, -136067874243248128


sin(tan(x)-arctan(x))=4/3!*x^3-8/5!*x^5+992/7!*x^7-50304/9!*x^9...
4, -8, 992, -50304, 4573952, -738222080, 127954033664, -34953731964928, 10769261343309824, -4380269574963986432, 2085941501322197073920, -1202553346613607891730432, 808239805736578791916961792


arcsin(tan(x)-arctan(x))=4/3!*x^3-8/5!*x^5+992/7!*x^7-14464/9!*x^9...
4, -8, 992, -14464, 3391232, -175044608, 64560399360, -8423762821120, 4197760943882240, -1054662864854450176, 677817013904397697024, -277456857021505605206016, 226696976060712490528407552


tan(tan(x)-arctan(x))=4/3!*x^3-8/5!*x^5+992/7!*x^7+3456/9!*x^9...
4, -8, 992, 3456, 2799872, 106544128, 37168683008, 4255728041984, 1543239875821568, 355403465489907712, 155864209273777553408, 58585654628727325196288, 32351390426329866422976512


cos(tan(x)-arctan(x))=1-160/6!*x^6+1792/8!*x^8-484224/10!*x^10...
1, 0, 0, -160, 1792, -484224, 38725632, -8292976640, 1743232565248, -521161362997248, 188842450602393600, -83511992640895975424, 44545415648776825077760, -27875257165637958804439040


tanh(tan(x)-arctan(x)) = 4/3!*x^3 - 8/5!*x^5 + 992/7!*x^7 - 68224/9!*x^9 + ...
4, -8, 992, -68224, 5165312, -1019810816, 186916489216, -51926843359232, 18052796043493376, -7489482677372846080, 3888725315407646818304, -2359682003031000489132032, 1689998575261701932163530752


cosh(tan(x)-arctan(x))=1+160/6!*x^6-1792/8!*x^8+484224/10!*x^10...
1, 0, 0, 160, -1792, 484224, -30840832, 7718963200, -1315838558208, 426971596029952, -136067874243248128, 61019499461102272512, -30246038986591439945728, 18590454932996390870056960


sec(tan(x)-arctan(x))=1+160/6!*x^6-1792/8!*x^8+484224/10!*x^10...
1, 0, 0, 160, -1792, 484224, -15071232, 6570936320, -461050544128, 285431558799360, -41198126773469184, 31834693166688370688, -8575650915562515595264, 7808988993818084822220800


sech(tan(x)-arctan(x))=1-160/6!*x^6+1792/8!*x^8-484224/10!*x^10...
1, 0, 0, -160, 1792, -484224, 54495232, -9441003520, 2598020579328, -756380393635840, 305071008569196544, -144297159065656885248, 81729693136918543335424, -55094722790449057575731200


exp(tan(x)-sinh(x))=1+1/3!*x^3+15/5!*x^5+10/6!*x^6+271/7!*x^7...
1, 0, 0, 1, 0, 15, 10, 271, 840, 8215, 60870, 423091, 4980580, 35126715, 501501130, 4192844111, 63445348720, 652228720015, 10063325322190, 125163350892331, 1976669210391260, 28804173376146115


exp(tan(x)-arcsinh(x)) = 1+3/3!*x^3+7/5!*x^5+90/6!*x^6+497/7!*x^7...
1, 0, 0, 3, 0, 7, 90, 497, 1176, 4471, 185094, 1537877, 1964028, -3633797, 1848048202, 22918664225, -75962374768, -1620122697905, 67890529994062, 1135357942624877, -11941170933349628, -252473078493886301


E.g.f.: exp(tan(x)-tanh(x))=1+4/3!*x^3+160/6!*x^6+544/7!*x^7+17920/9!*x^9...
1, 0, 0, 4, 0, 0, 160, 544, 0, 17920, 261120, 707584, 3942400, 149360640, 1538068480, 5242548224, 111522611200, 2782416732160, 25458261360640, 166243180478464, 5279051703910400, 109528131284500480


sin(tan(x)-tanh(x))=4/3!*x^3+544/7!*x^7-17920/9!*x^9+707584/11!*x^11...
4, 0, 544, -17920, 707584, -149360640, 5242548224, -2782416732160, 166243180478464, -109528131284500480, 13239205658628194304, -8328889253838297497600, 1938205426199431158431744


tan(tan(x)-tanh(x))=4/3!*x^3+544/7!*x^7+35840/9!*x^9+707584/11!*x^11...
0, 4, 0, 544, 35840, 707584, 298721280, 26768052224, 5564833464320, 1787224334270464, 379247341296680960, 181364573942845538304, 71776324876296729395200, 35085662010847230106271744


cos(tan(x)-tanh(x))=1-160/6!*x^6-261120/10!*x^10+3942400/12!*x^12...
1, 0, 0, -160, 0, -261120, 3942400, -1538068480, 111522611200, -25458261360640, 5279051703910400, -1021353507684352000, 440307608869404672000, -89935097031558126632960


sec(tan(x)-tanh(x))=1+160/6!*x^6+261120/10!*x^10+19712000/12!*x^12...
1, 0, 0, 160, 0, 261120, 19712000, 1538068480, 557613056000, 72297758064640, 26395258519552000, 9009548633571328000, 3030117499561574400000, 1720760994441294994472960, 838542041341593366036480000


Expansion of e.g.f.: exp(tan(x)-arctanh(x))=1-8/5!*x^5-448/7!*x^7-32384/9!*x^9+8064/10!*x^10...
1, 0, 0, 0, 0, -8, 0, -448, 0, -32384, 8064, -3275008, 2838528, -456633344, 863070208, -85339110400, 280413765632, -20783183790080, 103486230003712, -6429447050002432, 44250652523855872


sin(tan(x)-arctanh(x))=-8/5!*x^5-448/7!*x^7-32384/9!*x^9...
8, 448, 32384, 3275008, 456633344, 85209957376, 20642665299968, 6317122591227904, 2385636036677599232, 1090226048919008706560, 593123978260373222981632, 378879965375277796067115008


cos(tan(x)-arctanh(x))=1-8064/10!*x^10-2838528/12!*x^12...
1, 0, 0, 0, 0, -8064, -2838528, -863070208, -280413765632, -103486230003712, -44246647746887680, -22012763373859241984, -12714213783118211448832, -8481868824110022304727040, -6494340221977598984831631360


Expansion of e.g.f. exp(arctan(x) - log(x+1)).
1, 0, 1, -4, 9, -40, 385, -2700, 15505, -145360, 1886625, -19796500, 190881625, -2654379000, 44269902625, -625468889500, 8553276590625, -156119043652000, 3194978818578625, -57041478987070500


exp(arctan(x)-sinh(x))=1-3/3!*x^3+23/5!*x^5+90/6!*x^6-721/7!*x^7...
1, 0, 0, -3, 0, 23, 90, -721, -3864, 32759, 326214, -2672461, -38496876, 310461227, 6363118762, -49895013169, -1391451773264, 10516703525327, 390207547318222, -2811203923750741, -136581823796686036


Expansion of e.g.f. exp(arctan(x)-arcsinh(x)) = 1-1/3!*x^3+15/5!*x^5+10/6!*x^6-495/7!*x^7...
1, 0, 0, -1, 0, 15, 10, -495, -840, 29015, 87750, -2666475, -12310100, 354343275, 2287605450, -64350661375, -549013374000, 15319760415375, 166031512396750, -4630895520073875, -61922192590147500


Expansion of e.g.f.: exp(arctan(x)-arctanh(x))=1-4/3!*x^3+160/6!*x^6-1440/7!*x^7...
1, 0, 0, -4, 0, 0, 160, -1440, 0, -17920, 691200, -7257600, 3942400, -395366400, 14125363200, -175791616000, 295206912000, -24049778688000, 902471385088000, -13090802909184000, 43911376404480000


E.g.f.: sin(arctan(x) - arctanh(x)) (odd powers only).
0, -4, 0, -1440, 17920, -7257600, 395366400, -175791616000, 24049778688000, -13090802909184000, 3482386518507520000, -2338795470534082560000, 1043344639170183168000000, -855872901958901432320000000


arctan(arctan(x)-arctanh(x))=-4/3!*x^3-1440/7!*x^7+35840/9!*x^9...
0, -4, 0, -1440, 35840, -7257600, 790732800, -208797388800, 48099557376000, -19670079356928000, 7390762646372352000, -4427057815048028160000, 2474680614543006105600000, -2020995311309719496294400000


cos(arctan(x)-arctanh(x))=1-160/6!*x^6-691200/10!*x^10+3942400/12!*x^12...
1, 0, 0, -160, 0, -691200, 3942400, -14125363200, 295206912000, -902471385088000, 43911376404480000, -140627264197754880000, 12856220870209699840000, -45500991975079280640000000


sec(arctan(x)-arctanh(x))=1+160/6!*x^6+691200/10!*x^10+19712000/12!*x^12...
1, 0, 0, 160, 0, 691200, 19712000, 14125363200, 1476034560000, 949310881792000, 219556882022400000, 161772486589808640000, 65109683806263050240000, 58457850571785240576000000


-log(cos(x)-log(x+1))=1/2!*x^2+4/3!*x^3+7/4!*x^4+53/5!*x^5...
1, 4, 7, 53, 215, 1895, 12122, 132205, 1144627, 14912291, 164213696, 2477432371, 33228911417, 569758644845, 9014907260096, 173288317530505, 3159048447572983, 67337939660404735, 1389152842003647000


exp(cos(x)-exp(x))=1-x-1/2!*x^2+4/3!*x^3+5/4!*x^4-32/5!*x^5...
1, -1, -1, 4, 5, -32, -55, 390, 961, -6432, -22463, 134550, 649761, -3443208, -22456551, 105379838, 911433121, -3787776224, -42942180863, 157078439014, 2324211078513, -7384507525560, -143088139308519


exp(cos(x)-cosh(x))=1-2/2!*x^2+12/4!*x^4-122/6!*x^6+1792/8!*x^8...
1, -2, 12, -122, 1792, -35282, 889152, -27747722, 1045556992, -46640267042, 2424156352512, -144890071612442, 9849171061952512, -754330752297972722, 64566114865428283392


sin(cos(x)-cosh(x))=118/6!*x^6-25202/10!*x^10+7567558/14!*x^14...
118, -25202, 7567558, 2826256798, -14573118501482, -6535594068553682


arcsin(cos(x)-cosh(x))=-122/6!*x^6-277202/10!*x^10-3983059082/14!*x^14...
122, 277202, 3983059082, 200112585065762, 26008401336337737242, 7277388248057262118433522


tan(cos(x)-cosh(x))=-242/6!*x^6-493922/10!*x^10-4867022162/14!*x^14...
242, 493922, 4867022162, 146803464634562, 10586916198380287922, 1560405836504795306526242, 421594801591208996367201480722, 192759827198349576131799688610789762


arctan(cos(x)-cosh(x))=238/6!*x^6-715682/10!*x^10+12212600398/14!*x^14...
-2, 238, -715682, 12212600398, -693692750003522, 99086243037690160558, -29914788669101073817179362, 16957033980662331163451765544718, -16560275867709925788740349268459459202, 26102948307736145181548875145546574191456878


Expansion of cos(cos(x)-cosh(x)).
1, -12, 1568, -445632, 76844288, 278739068928, -467851397312512, -2679102291371999232, 13369295760767407751168, 198192229563606535497842688, -1400852802790123139561996419072, -65350779506647538962325382377766912


sinh(cos(x)-cosh(x))=-122/6!*x^6-35282/10!*x^10-27747722/14!*x^14...
2, 122, 35282, 27747722, 46640267042, 144890071612442, 754330752297972722, 6132809160585358346282


arcsinh(cos(x)-cosh(x))=118/6!*x^6-267122/10!*x^10+3801437638/14!*x^14...
118, -267122, 3801437638, -188997287445602, 24300893634392843158, -6725983870126469414416082


tanh(cos(x)-cosh(x))=238/6!*x^6-473762/10!*x^10+4544139598/14!*x^14...
238, -473762, 4544139598, -133366253033282, 9357776691549409198, -1341930712996828590536162


E.g.f. -arctanh(cos(x)-cosh(x)), coefficients of (4*i+2) only.
2, 242, 735842, 12696924242, 729261623797442, 105330801708282667442, 32155390653420235027326242, 18430773614710132775756232045842, 18200656974294045189446138614387578242, 29009142008847262758691664682458471045155442


cosh(cos(x)-cosh(x))=1+12/4!*x^4+1792/8!*x^8+889152/12!*x^12...
1, 12, 1792, 889152, 1045556992, 2424156352512, 9849171061952512, 64566114865428283392, 642433596401162586161152, 9255521545388420536885051392, 185972570219438391836588939149312, 5054977199391984218529977072942579712


sec(cos(x)-cosh(x)) = 1+12/4!*x^4+8512/8!*x^8+41692992/12!*x^12...
1, 12, 8512, 41692992, 748457181952, 35753146158600192, 3745546830245915840512, 756079630242293501892083712


sech(cos(x)-cosh(x)) = 1-12/4!*x^4+8288/8!*x^8-39475392/12!*x^12...
1, -12, 8288, -39475392, 689369608448, -32038788679636992, 3265606511334528831488, -641363922266872095050022912


exp(cos(x)-sech(x))=1-4/4!*x^4+60/6!*x^6-824/8!*x^8+120/10!*x^10...
1, 0, -4, 60, -824, 120, 1331156, -151389420, 15474229936, -1609208740560, 165275248217516, -13317787644945300, -752763454703346104, 1012558531283275284360, -490748297800639153012924


E.g.f.: sin(cos(x)-sech(x)) (even powers only).
0, 0, -4, 60, -1384, 50520, -2333164, 98460180, 2691348656, -2502877578960, 816953866876076, -250462447769994900, 80927047278922241096, -28429551522622456235640, 10951929595731882160395716


arcsin(cos(x)-sech(x))=-4/4!*x^4+60/6!*x^6-1384/8!*x^8+50520/10!*x^10...
-4, 60, -1384, 50520, -3072364, 300261780, -41474372944, 7312636929840, -1583769010071124, 419274242117870700, -135426142315445694904, 52712459533258432020360, -24241226489057470908932284


tan(cos(x)-sech(x))=-4/4!*x^4+60/6!*x^6-1384/8!*x^8+50520/10!*x^10...
-4, 60, -1384, 50520, -3441964, 401162580, -63557233744, 12220394184240, -2791952278560724, 763176800730283500, -250643745125452446904, 98116093958813794548360, -45044453508933100607756284


arctan(cos(x)-sech(x))=-4/4!*x^4+60/6!*x^6-1384/8!*x^8+50520/10!*x^10...
-4, 60, -1384, 50520, -1963564, -2440620, 24774209456, -7410634833360, 1946918835205676, -504022869697607700, 125734569960701153096, -25506896972028634763640, -308739978510619283180284


cos(cos(x)-sech(x))=1-560/8!*x^8+50400/10!*x^10-4403520/12!*x^12...
1, 0, 0, 0, -560, 50400, -4403520, 451651200, -55603258880, 8098495142400, -1364657183216640, 258905686980864000, -53203592135631564800, 11000355030582368256000, -1812425415209721012879360


Expansion of e.g.f.: exp(sinh(x)-log(x+1))=1+1/2!*x^2-1/3!*x^3+9/4!*x^4-33/5!*x^5...
1, 0, 1, -1, 9, -33, 235, -1517, 12593, -111465, 1122819, -12313409, 147949593, -1922353925, 26918452691, -403744456541, 6460109224801, -109820584161393, 1976779056442179, -37558742545087481


exp(sinh(x)-arcsinh(x))=1+2/3!*x^3-8/5!*x^5+40/6!*x^6+226/7!*x^7...
1, 0, 0, 2, 0, -8, 40, 226, -896, -8784, 62304, 745186, -6036096, -87930776, 878453888, 14731669954, -172356091904, -3284180017312, 44229410876928, 942576417055042, -14356887611836416, -338316707471357480


E.g.f.: exp(sinh(x)-tanh(x))=1+3/3!*x^3-15/5!*x^5+90/6!*x^6+273/7!*x^7...
1, 0, 0, 3, 0, -15, 90, 273, -2520, -375, 126630, -269907, -7232940, 44118165, 525494970, -6182721087, -41497943760, 965945373105, 2901128941710, -171088458444267, 81569169583020, 34527329266886445


exp(sinh(x)-arctanh(x))=1-1/3!*x^3-23/5!*x^5+10/6!*x^6-719/7!*x^7...
1, 0, 0, -1, 0, -23, 10, -719, 1288, -40599, 152934, -3735059, 21982884, -510402683, 4077409466, -96691506911, 972083601136, -24171783139087, 292315200462606, -7694747756773355, 108645176948603484


exp(arcsinh(x)-log(x+1)) = 1+1/2!*x^2-3/3!*x^3+9/4!*x^4-45/5!*x^5...
1, 0, 1, -3, 9, -45, 315, -2205, 16065, -144585, 1545075, -16995825, 194126625, -2523646125, 36735774075, -551036611125, 8542663754625, -145225283828625, 2683905224875875, -50994199272641625


exp(arcsinh(x)-tanh(x))=1+1/3!*x^3-7/5!*x^5+10/6!*x^6+47/7!*x^7...
1, 0, 0, 1, 0, -7, 10, 47, -392, 3369, 11814, -571573, 434412, 88260053, -239703334, -16363524721, 66778596688, 3810346797553, -19103113532274, -1115878992933037, 6219304575954900, 405808123338059597


exp(arcsinh(x)-arctanh(x)) = 1-3/3!*x^3-15/5!*x^5+90/6!*x^6-945/7!*x^7...
1, 0, 0, -3, 0, -15, 90, -945, 2520, -36855, 368550, -5145525, 31808700, -541215675, 7577019450, -134726216625, 1338322986000, -27408165159375, 493346972868750, -10700744687758125, 147490229469082500


Expansion of e.g.f.: exp(tanh(x)-log(x+1))=1+1/2!*x^2-4/3!*x^3+9/4!*x^4-48/5!*x^5...
1, 0, 1, -4, 9, -48, 385, -2420, 17297, -170688, 1760289, -18395012, 219987801, -2936841776, 40948952993, -606801250484, 9752505856033, -166636197964032, 2990053004436417, -56703580249101188


exp(tanh(x)-arctanh(x))=1-4/3!*x^3-8/5!*x^5+160/6!*x^6-992/7!*x^7...
1, 0, 0, -4, 0, -8, 160, -992, 1792, -50304, 484224, -4573952, 38725632, -738222080, 8292976640, -127954033664, 1743232565248, -34953731964928, 521161362997248, -10769261343309824, 188842450602393600


E.g.f. log(cosh(x)-log(x+1))= -x+1/2!*x^2+2/3!*x^3+5/4!*x^4-13/5!*x^5...
-1, 1, 2, 5, -13, -63, -453, 1822, 9683, 174325, -960133, -2767796, -180618579, 1333355779, -2799332651, 400791892784, -3944083024649, 32532084129049, -1656524167774985, 21382796711385164, -305269868753768647


Number of permutations in S_n with a certain property.
1, 0, 1, 3, 5, 12, 22, 50, 95, 210, 406, 882, 1722, 3696, 7260, 15444, 30459, 64350, 127270, 267410, 529958, 1108536, 2200276, 4585308, 9111830, 18929092, 37650172, 78004500, 155266100, 320932800, 639191160


a(n) = 2*n^n, n &gt;= 2, otherwise a(n) = 1.
1, 1, 8, 54, 512, 6250, 93312, 1647086, 33554432, 774840978, 20000000000, 570623341222, 17832200896512, 605750213184506, 22224013651116032, 875787780761718750, 36893488147419103232, 1654480523772673528354


Expansion of e.g.f.: log(sec(x)-log(x+1))=-1*x+1/2*x^2+1/3*x^3+3/8*x^4+7/120*x^5-1/240*x^6-593/5040*x^7-37/960*x^8+...
0, -1, 1, 2, 9, 7, -3, -593, -1554, -11125, 167725, 778307, 16757708, -89177255, -119165473, -33154669351, 100077477488, -2532930861593, 104388972197833, -390031832553017, 23726173002432588, -516211740521004739, 4636274532540279299, -240069627985237851811, 4178391586103026282384, -78940184342962927515381


