12^(3n+2).
144, 248832, 429981696, 743008370688, 1283918464548864, 2218611106740436992, 3833759992447475122176, 6624737266949237011120128, 11447545997288281555215581184


13^(3n+1).
13, 28561, 62748517, 137858491849, 302875106592253, 665416609183179841, 1461920290375446110677, 3211838877954855105157369, 7056410014866816666030739693


13^(3n+2).
169, 371293, 815730721, 1792160394037, 3937376385699289, 8650415919381337933, 19004963774880799438801, 41753905413413116367045797, 91733330193268616658399616009, 201538126434611150798503956371773, 442779263776840698304313192148785281, 972786042517719014174576083150881262357


14^(3n+1).
14, 38416, 105413504, 289254654976, 793714773254144, 2177953337809371136, 5976303958948914397184, 16398978063355821105872896, 44998795805848373114515226624, 123476695691247935826229781856256, 338820052976784335907174521413566464, 929722225368296217729286886758826377216


14^(3n+2).
196, 537824, 1475789056, 4049565169664, 11112006825558016, 30491346729331195904, 83668255425284801560576, 229585692886981495482220544, 629983141281877223603213172736, 1728673739677471101567216945987584, 4743480741674980702700443299789930496


15^(3n+1).
15, 50625, 170859375, 576650390625, 1946195068359375, 6568408355712890625, 22168378200531005859375, 74818276426792144775390625, 252511682940423488616943359375, 852226929923929274082183837890625, 2876265888493261300027370452880859375


15^(3n+2).
225, 759375, 2562890625, 8649755859375, 29192926025390625, 98526125335693359375, 332525673007965087890625, 1122274146401882171630859375, 3787675244106352329254150390625, 12783403948858939111232757568359375


a(n) = 16^(3n+1).
16, 65536, 268435456, 1099511627776, 4503599627370496, 18446744073709551616, 75557863725914323419136, 309485009821345068724781056, 1267650600228229401496703205376, 5192296858534827628530496329220096


16^(3n+2).
256, 1048576, 4294967296, 17592186044416, 72057594037927936, 295147905179352825856, 1208925819614629174706176, 4951760157141521099596496896


17^(3n+1).
17, 83521, 410338673, 2015993900449, 9904578032905937, 48661191875666868481, 239072435685151324847153, 1174562876521148458974062689


17^(3n+2).
289, 1419857, 6975757441, 34271896307633, 168377826559400929, 827240261886336764177, 4064231406647572522401601, 19967568900859523802559065713, 98100666009922840441972689847969, 481968572106750915091411825223071697


18^(3n+1).
18, 104976, 612220032, 3570467226624, 20822964865671168, 121439531096594251776, 708235345355337676357632, 4130428534112329328517709824, 24088659210943104643915283693568


18^(3n+2).
324, 1889568, 11019960576, 64268410079232, 374813367582081024, 2185911559738696531968, 12748236216396078174437376, 74347713614021927913318776832, 433595865796975883590475106484224


19^(3n+1).
19, 130321, 893871739, 6131066257801, 42052983462257059, 288441413567621167681, 1978419655660313589123979, 13569980418174090907801371961, 93076495688256089536609610280499


19^(3n+2).
361, 2476099, 16983563041, 116490258898219, 799006685782884121, 5480386857784802185939, 37589973457545958193355601, 257829627945307727248226067259, 1768453418076865701195582595329481


20^(3n+1).
20, 160000, 1280000000, 10240000000000, 81920000000000000, 655360000000000000000, 5242880000000000000000000, 41943040000000000000000000000, 335544320000000000000000000000000, 2684354560000000000000000000000000000


20^(3n+2).
400, 3200000, 25600000000, 204800000000000, 1638400000000000000, 13107200000000000000000, 104857600000000000000000000, 838860800000000000000000000000, 6710886400000000000000000000000000, 53687091200000000000000000000000000000


21^(3n+1).
21, 194481, 1801088541, 16679880978201, 154472377739119461, 1430568690241985328321, 13248496640331026125580781, 122694327386105632949003612841, 1136272165922724266740722458520501, 10523016528610349434285830688358359761


21^(3n+2).
441, 4084101, 37822859361, 350277500542221, 3243919932521508681, 30041942495081691894741, 278218429446951548637196401, 2576580875108218291929075869661, 23861715484377209601555171628930521, 220983347100817338120002444455525554981


22^(3n+1).
22, 234256, 2494357888, 26559922791424, 282810057883082752, 3011361496339065143296, 32064977213018365645815808, 341427877364219557396646723584, 3635524038174209847159494312722432, 38711059958478986452554295441868455936


22^(3n+2).
484, 5153632, 54875873536, 584318301411328, 6221821273427820544, 66249952919459433152512, 705429498686404044207947776, 7511413302012830262726227918848, 79981528839832616637508874879893504, 851643319086537701956194499721106030592


23^(3n+1).
23, 279841, 3404825447, 41426511213649, 504036361936467383, 6132610415680998648961, 74615470927590710561908487, 907846434775996175406740561329, 11045767571919545466173812409689943, 134393854047545109686936775588697536481


23^(3n+2).
529, 6436343, 78310985281, 952809757913927, 11592836324538749809, 141050039560662968926103, 1716155831334586342923895201, 20880467999847912034355032910567, 254052654154149545721997685422868689


24^(3n+1).
24, 331776, 4586471424, 63403380965376, 876488338465357824, 12116574790945106558976, 167499529910025153071284224, 2315513501476187716057433112576, 32009658644406818986777955348250624


24^(3n+2).
576, 7962624, 110075314176, 1521681143169024, 21035720123168587776, 290797794982682557415424, 4019988717840603673710821376, 55572324035428505185378394701824


a(n) = 2^(4n+1).
2, 32, 512, 8192, 131072, 2097152, 33554432, 536870912, 8589934592, 137438953472, 2199023255552, 35184372088832, 562949953421312, 9007199254740992, 144115188075855872, 2305843009213693952


2^(4n+3).
8, 128, 2048, 32768, 524288, 8388608, 134217728, 2147483648, 34359738368, 549755813888, 8796093022208, 140737488355328, 2251799813685248, 36028797018963968, 576460752303423488, 9223372036854775808


3^(4n+1).
3, 243, 19683, 1594323, 129140163, 10460353203, 847288609443, 68630377364883, 5559060566555523, 450283905890997363, 36472996377170786403, 2954312706550833698643, 239299329230617529590083, 19383245667680019896796723


3^(4n+3).
27, 2187, 177147, 14348907, 1162261467, 94143178827, 7625597484987, 617673396283947, 50031545098999707, 4052555153018976267, 328256967394537077627, 26588814358957503287787, 2153693963075557766310747


4^(4n+1).
4, 1024, 262144, 67108864, 17179869184, 4398046511104, 1125899906842624, 288230376151711744, 73786976294838206464, 18889465931478580854784, 4835703278458516698824704, 1237940039285380274899124224


4^(4n+3).
64, 16384, 4194304, 1073741824, 274877906944, 70368744177664, 18014398509481984, 4611686018427387904, 1180591620717411303424, 302231454903657293676544, 77371252455336267181195264, 19807040628566084398385987584


5^(4n+1).
5, 3125, 1953125, 1220703125, 762939453125, 476837158203125, 298023223876953125, 186264514923095703125, 116415321826934814453125, 72759576141834259033203125, 45474735088646411895751953125


5^(4n+3).
125, 78125, 48828125, 30517578125, 19073486328125, 11920928955078125, 7450580596923828125, 4656612873077392578125, 2910383045673370361328125, 1818989403545856475830078125, 1136868377216160297393798828125


6^(4n+1).
6, 7776, 10077696, 13060694016, 16926659444736, 21936950640377856, 28430288029929701376, 36845653286788892983296, 47751966659678405306351616, 61886548790943213277031694336, 80204967233062404407033075859456


a(n) = 6^(4n+3).
216, 279936, 362797056, 470184984576, 609359740010496, 789730223053602816, 1023490369077469249536, 1326443518324400147398656, 1719070799748422591028658176, 2227915756473955677973140996096, 2887378820390246558653190730940416


7^(4n+1).
7, 16807, 40353607, 96889010407, 232630513987207, 558545864083284007, 1341068619663964900807, 3219905755813179726837607, 7730993719707444524137094407, 18562115921017574302453163671207, 44567640326363195900190045974568007


7^(4n+3).
343, 823543, 1977326743, 4747561509943, 11398895185373143, 27368747340080916343, 65712362363534280139543, 157775382034845806615042743, 378818692265664781682717625943, 909543680129861140820205019889143, 2183814375991796599109312252753832343


8^(4n+1).
8, 32768, 134217728, 549755813888, 2251799813685248, 9223372036854775808, 37778931862957161709568, 154742504910672534362390528, 633825300114114700748351602688, 2596148429267413814265248164610048, 10633823966279326983230456482242756608


8^(4n+3).
512, 2097152, 8589934592, 35184372088832, 144115188075855872, 590295810358705651712, 2417851639229258349412352, 9903520314283042199192993792, 40564819207303340847894502572032, 166153499473114484112975882535043072


9^(4n+1).
9, 59049, 387420489, 2541865828329, 16677181699666569, 109418989131512359209, 717897987691852588770249, 4710128697246244834921603689, 30903154382632612361920641803529, 202755595904452569706561330872953769


9^(4n+3).
729, 4782969, 31381059609, 205891132094649, 1350851717672992089, 8862938119652501095929, 58149737003040059690390169, 381520424476945831628649898809, 2503155504993241601315571986085849, 16423203268260658146231467800709255289


10^(4n+1).
10, 100000, 1000000000, 10000000000000, 100000000000000000, 1000000000000000000000, 10000000000000000000000000, 100000000000000000000000000000, 1000000000000000000000000000000000, 10000000000000000000000000000000000000


10^(4n+3).
1000, 10000000, 100000000000, 1000000000000000, 10000000000000000000, 100000000000000000000000, 1000000000000000000000000000, 10000000000000000000000000000000, 100000000000000000000000000000000000


a(n) = 11^(4n+1).
11, 161051, 2357947691, 34522712143931, 505447028499293771, 7400249944258160101211, 108347059433883722041830251, 1586309297171491574414436704891, 23225154419887808141001767796309131, 340039485861577398992406882305761986971


a(n) = 11^(4*n+3).
1331, 19487171, 285311670611, 4177248169415651, 61159090448414546291, 895430243255237372246531, 13109994191499930367061460371, 191943424957750480504146841291811, 2810243684806424785061213903353404851


12^(4n+1).
12, 248832, 5159780352, 106993205379072, 2218611106740436992, 46005119909369701466112, 953962166440690129601298432, 19781359483314150527412524285952, 410186270246002225336426103593500672, 8505622499821102144576131684114829934592


12^(4n+3).
1728, 35831808, 743008370688, 15407021574586368, 319479999370622926848, 6624737266949237011120128, 137370551967459378662586974208, 2848515765597237675947403497177088, 59066822915424320448445358917464096768


13^(4n+1).
13, 371293, 10604499373, 302875106592253, 8650415919381337933, 247064529073450392704413, 7056410014866816666030739693, 201538126434611150798503956371773, 5756130429098929077956071497934208653


13^(4n+3).
2197, 62748517, 1792160394037, 51185893014090757, 1461920290375446110677, 41753905413413116367045797, 1192533292512492016559195008117, 34059943367449284484947168626829637, 972786042517719014174576083150881262357


14^(4n+1).
14, 537824, 20661046784, 793714773254144, 30491346729331195904, 1171355575953987221848064, 44998795805848373114515226624, 1728673739677471101567216945987584, 66408730383449729837806206197059026944


14^(4*n+3).
2744, 105413504, 4049565169664, 155568095557812224, 5976303958948914397184, 229585692886981495482220544, 8819763977946281130444984418304, 338820052976784335907174521413566464, 13016111155156147048210016414623569281024


15^(4*n+1).
15, 759375, 38443359375, 1946195068359375, 98526125335693359375, 4987885095119476318359375, 252511682940423488616943359375, 12783403948858939111232757568359375, 647159824910983792506158351898193359375


15^(4*n+3).
3375, 170859375, 8649755859375, 437893890380859375, 22168378200531005859375, 1122274146401882171630859375, 56815128661595284938812255859375, 2876265888493261300027370452880859375, 145610960604971353313885629177093505859375


16^(4*n+1).
16, 1048576, 68719476736, 4503599627370496, 295147905179352825856, 19342813113834066795298816, 1267650600228229401496703205376, 83076749736557242056487941267521536, 5444517870735015415413993718908291383296


16^(4*n+3).
4096, 268435456, 17592186044416, 1152921504606846976, 75557863725914323419136, 4951760157141521099596496896, 324518553658426726783156020576256, 21267647932558653966460912964485513216, 1393796574908163946345982392040522594123776


17^(4*n+1).
17, 1419857, 118587876497, 9904578032905937, 827240261886336764177, 69091933913008732880827217, 5770627412348402378939569991057, 481968572106750915091411825223071697, 40254497110927943179349807054456171205137


17^(4*n+3).
4913, 410338673, 34271896307633, 2862423051509815793, 239072435685151324847153, 19967568900859523802559065713, 1667711322168688287513535727415473, 139288917338851014461418017489467720433, 11633549665058175578832094238737833478284593


18^(4*n+1).
18, 1889568, 198359290368, 20822964865671168, 2185911559738696531968, 229468251895129407139872768, 24088659210943104643915283693568, 2528731089327963353099650821015994368, 265456074833292280954988944586975024775168


18^(4*n+3).
5832, 612220032, 64268410079232, 6746640616477458432, 708235345355337676357632, 74347713614021927913318776832, 7804725584345565904628551916716032, 819308872942260126404286866009182175232, 86007768245986699029416418046179908027154432


19^(4*n+1).
19, 2476099, 322687697779, 42052983462257059, 5480386857784802185939, 714209495693373205673756419, 93076495688256089536609610280499, 12129821994589221844500501021364910179, 1580770532156861979997149793605296459437459


19^(4*n+3).
6859, 893871739, 116490258898219, 15181127029874798299, 1978419655660313589123979, 257829627945307727248226067259, 33600614943460448322716069311260139, 4378865740046709085864680868712732574619, 570658162108627174778971075491512021856922699


a(n) = 20^(4*n+1).
20, 3200000, 512000000000, 81920000000000000, 13107200000000000000000, 2097152000000000000000000000, 335544320000000000000000000000000, 53687091200000000000000000000000000000, 8589934592000000000000000000000000000000000


20^(4*n+3).
8000, 1280000000, 204800000000000, 32768000000000000000, 5242880000000000000000000, 838860800000000000000000000000, 134217728000000000000000000000000000, 21474836480000000000000000000000000000000, 3435973836800000000000000000000000000000000000


21^(4*n+1).
21, 4084101, 794280046581, 154472377739119461, 30041942495081691894741, 5842587018385982521381124421, 1136272165922724266740722458520501, 220983347100817338120002444455525554981, 42977062327514056734916195400155065458259861


21^(4*n+3).
9261, 1801088541, 350277500542221, 68122318582951682301, 13248496640331026125580781, 2576580875108218291929075869661, 501096025171921401632658604207540941, 97453656071460446110921078004886769746621, 18952884486433699020098042171468383867092598701


a(n) = 22^(4*n+1).
22, 5153632, 1207269217792, 282810057883082752, 66249952919459433152512, 15519448971100888972574851072, 3635524038174209847159494312722432, 851643319086537701956194499721106030592, 199502557355935975909450298726667414302359552


22^(4*n+3).
10648, 2494357888, 584318301411328, 136880068015412051968, 32064977213018365645815808, 7511413302012830262726227918848, 1759593634476317566025195247357657088, 412195366437884247746798137865015318806528


23^(4*n+1).
23, 6436343, 1801152661463, 504036361936467383, 141050039560662968926103, 39471584120695485887249589623, 11045767571919545466173812409689943, 3091058643093537522799545838540043339063, 865004941741938633917747707002884268046728983


23^(4*n+3).
12167, 3404825447, 952809757913927, 266635235464391245607, 74615470927590710561908487, 20880467999847912034355032910567, 5843211045545439551605946764725979847, 1635170022196481349560959748587682926364327


a(n) = 24^(4*n+1).
24, 7962624, 2641807540224, 876488338465357824, 290797794982682557415424, 96479729228174488169059713024, 32009658644406818986777955348250624, 10620036506406716776157242913621199028224, 3523473231949594865126345424909586928788045824


24^(4*n+3).
13824, 4586471424, 1521681143169024, 504857282956046106624, 167499529910025153071284224, 55572324035428505185378394701824, 18437563379178327736384102280592359424, 6117141027690268863066571918245810640257024


2^(5*n+1).
2, 64, 2048, 65536, 2097152, 67108864, 2147483648, 68719476736, 2199023255552, 70368744177664, 2251799813685248, 72057594037927936, 2305843009213693952, 73786976294838206464, 2361183241434822606848


2^(5*n+2).
4, 128, 4096, 131072, 4194304, 134217728, 4294967296, 137438953472, 4398046511104, 140737488355328, 4503599627370496, 144115188075855872, 4611686018427387904, 147573952589676412928, 4722366482869645213696


2^(5*n+3).
8, 256, 8192, 262144, 8388608, 268435456, 8589934592, 274877906944, 8796093022208, 281474976710656, 9007199254740992, 288230376151711744, 9223372036854775808, 295147905179352825856, 9444732965739290427392


2^(5*n+4).
16, 512, 16384, 524288, 16777216, 536870912, 17179869184, 549755813888, 17592186044416, 562949953421312, 18014398509481984, 576460752303423488, 18446744073709551616, 590295810358705651712, 18889465931478580854784


3^(5*n+1).
3, 729, 177147, 43046721, 10460353203, 2541865828329, 617673396283947, 150094635296999121, 36472996377170786403, 8862938119652501095929, 2153693963075557766310747, 523347633027360537213511521


3^(5*n+2).
9, 2187, 531441, 129140163, 31381059609, 7625597484987, 1853020188851841, 450283905890997363, 109418989131512359209, 26588814358957503287787, 6461081889226673298932241, 1570042899082081611640534563


3^(5*n+3).
27, 6561, 1594323, 387420489, 94143178827, 22876792454961, 5559060566555523, 1350851717672992089, 328256967394537077627, 79766443076872509863361, 19383245667680019896796723, 4710128697246244834921603689


3^(5*n+4).
81, 19683, 4782969, 1162261467, 282429536481, 68630377364883, 16677181699666569, 4052555153018976267, 984770902183611232881, 239299329230617529590083, 58149737003040059690390169, 14130386091738734504764811067


4^(5*n+1).
4, 4096, 4194304, 4294967296, 4398046511104, 4503599627370496, 4611686018427387904, 4722366482869645213696, 4835703278458516698824704, 4951760157141521099596496896, 5070602400912917605986812821504


a(n) = 4^(5n+2).
16, 16384, 16777216, 17179869184, 17592186044416, 18014398509481984, 18446744073709551616, 18889465931478580854784, 19342813113834066795298816, 19807040628566084398385987584, 20282409603651670423947251286016


4^(5*n+3).
64, 65536, 67108864, 68719476736, 70368744177664, 72057594037927936, 73786976294838206464, 75557863725914323419136, 77371252455336267181195264, 79228162514264337593543950336, 81129638414606681695789005144064


4^(5*n+4).
256, 262144, 268435456, 274877906944, 281474976710656, 288230376151711744, 295147905179352825856, 302231454903657293676544, 309485009821345068724781056, 316912650057057350374175801344, 324518553658426726783156020576256


5^(5*n+1).
5, 15625, 48828125, 152587890625, 476837158203125, 1490116119384765625, 4656612873077392578125, 14551915228366851806640625, 45474735088646411895751953125, 142108547152020037174224853515625, 444089209850062616169452667236328125


5^(5*n+2).
25, 78125, 244140625, 762939453125, 2384185791015625, 7450580596923828125, 23283064365386962890625, 72759576141834259033203125, 227373675443232059478759765625, 710542735760100185871124267578125, 2220446049250313080847263336181640625


5^(5*n+3).
125, 390625, 1220703125, 3814697265625, 11920928955078125, 37252902984619140625, 116415321826934814453125, 363797880709171295166015625, 1136868377216160297393798828125, 3552713678800500929355621337890625


5^(5*n+4).
625, 1953125, 6103515625, 19073486328125, 59604644775390625, 186264514923095703125, 582076609134674072265625, 1818989403545856475830078125, 5684341886080801486968994140625, 17763568394002504646778106689453125


6^(5*n+1).
6, 46656, 362797056, 2821109907456, 21936950640377856, 170581728179578208256, 1326443518324400147398656, 10314424798490535546171949056, 80204967233062404407033075859456, 623673825204293256669089197883129856


6^(5n+2).
36, 279936, 2176782336, 16926659444736, 131621703842267136, 1023490369077469249536, 7958661109946400884391936, 61886548790943213277031694336, 481229803398374426442198455156736, 3742042951225759540014535187298779136


6^(5*n+3).
216, 1679616, 13060694016, 101559956668416, 789730223053602816, 6140942214464815497216, 47751966659678405306351616, 371319292745659279662190166016, 2887378820390246558653190730940416, 22452257707354557240087211123792674816


6^(5*n+4).
1296, 10077696, 78364164096, 609359740010496, 4738381338321616896, 36845653286788892983296, 286511799958070431838109696, 2227915756473955677973140996096, 17324272922341479351919144385642496, 134713546244127343440523266742756048896


7^(5*n+1).
7, 117649, 1977326743, 33232930569601, 558545864083284007, 9387480337647754305649, 157775382034845806615042743, 2651730845859653471779023381601, 44567640326363195900190045974568007, 749048330965186233494494102694564493649


7^(5*n+2).
49, 823543, 13841287201, 232630513987207, 3909821048582988049, 65712362363534280139543, 1104427674243920646305299201, 18562115921017574302453163671207, 311973482284542371301330321821976049, 5243338316756303634461458718861951455543


7^(5*n+3).
343, 5764801, 96889010407, 1628413597910449, 27368747340080916343, 459986536544739960976801, 7730993719707444524137094407, 129934811447123020117172145698449, 2183814375991796599109312252753832343


7^(5*n+4).
2401, 40353607, 678223072849, 11398895185373143, 191581231380566414401, 3219905755813179726837607, 54116956037952111668959660849, 909543680129861140820205019889143, 15286700631942576193765185769276826401


8^(5*n+1).
8, 262144, 8589934592, 281474976710656, 9223372036854775808, 302231454903657293676544, 9903520314283042199192993792, 324518553658426726783156020576256, 10633823966279326983230456482242756608


a(n) = 8^(5*n + 2).
64, 2097152, 68719476736, 2251799813685248, 73786976294838206464, 2417851639229258349412352, 79228162514264337593543950336, 2596148429267413814265248164610048, 85070591730234615865843651857942052864


8^(5*n+3).
512, 16777216, 549755813888, 18014398509481984, 590295810358705651712, 19342813113834066795298816, 633825300114114700748351602688, 20769187434139310514121985316880384, 680564733841876926926749214863536422912


8^(5*n+4).
4096, 134217728, 4398046511104, 144115188075855872, 4722366482869645213696, 154742504910672534362390528, 5070602400912917605986812821504, 166153499473114484112975882535043072, 5444517870735015415413993718908291383296


9^(5*n+1).
9, 531441, 31381059609, 1853020188851841, 109418989131512359209, 6461081889226673298932241, 381520424476945831628649898809, 22528399544939174411840147874772641, 1330279464729113309844748891857449678409


9^(5*n+2).
81, 4782969, 282429536481, 16677181699666569, 984770902183611232881, 58149737003040059690390169, 3433683820292512484657849089281, 202755595904452569706561330872953769, 11972515182562019788602740026717047105681


9^(5*n+3).
729, 43046721, 2541865828329, 150094635296999121, 8862938119652501095929, 523347633027360537213511521, 30903154382632612361920641803529, 1824800363140073127359051977856583921, 107752636643058178097424660240453423951129


9^(5*n+4).
6561, 387420489, 22876792454961, 1350851717672992089, 79766443076872509863361, 4710128697246244834921603689, 278128389443693511257285776231761, 16423203268260658146231467800709255289, 969773729787523602876821942164080815560161


10^(5*n+1).
10, 1000000, 100000000000, 10000000000000000, 1000000000000000000000, 100000000000000000000000000, 10000000000000000000000000000000, 1000000000000000000000000000000000000, 100000000000000000000000000000000000000000


10^(5*n+2).
100, 10000000, 1000000000000, 100000000000000000, 10000000000000000000000, 1000000000000000000000000000, 100000000000000000000000000000000, 10000000000000000000000000000000000000, 1000000000000000000000000000000000000000000


10^(5*n+3).
1000, 100000000, 10000000000000, 1000000000000000000, 100000000000000000000000, 10000000000000000000000000000, 1000000000000000000000000000000000, 100000000000000000000000000000000000000, 10000000000000000000000000000000000000000000


10^(5*n+4).
10000, 1000000000, 100000000000000, 10000000000000000000, 1000000000000000000000000, 100000000000000000000000000000, 10000000000000000000000000000000000, 1000000000000000000000000000000000000000


11^(5*n+1).
11, 1771561, 285311670611, 45949729863572161, 7400249944258160101211, 1191817653772720942460132761, 191943424957750480504146841291811, 30912680532870672635673352936887453361, 4978518112499354698647829163838661251242411


11^(5*n+2).
121, 19487171, 3138428376721, 505447028499293771, 81402749386839761113321, 13109994191499930367061460371, 2111377674535255285545615254209921, 340039485861577398992406882305761986971, 54763699237492901685126120802225273763666521


11^(5*n+3).
1331, 214358881, 34522712143931, 5559917313492231481, 895430243255237372246531, 144209936106499234037676064081, 23225154419887808141001767796309131, 3740434344477351388916475705363381856681, 602400691612421918536387328824478011400331731


a(n) = 11^(5*n+4).
14641, 2357947691, 379749833583241, 61159090448414546291, 9849732675807611094711841, 1586309297171491574414436704891, 255476698618765889551019445759400441, 41144777789250865278081232758997200423491


12^(5*n+1).
12, 2985984, 743008370688, 184884258895036416, 46005119909369701466112, 11447545997288281555215581184, 2848515765597237675947403497177088, 708801874985091845381344307009569161216, 176372588156290374069930666601805113523699712


12^(5*n+2).
144, 35831808, 8916100448256, 2218611106740436992, 552061438912436417593344, 137370551967459378662586974208, 34182189187166852111368841966125056, 8505622499821102144576131684114829934592, 2116471057875484488839167999221661362284396544


12^(5*n+3).
1728, 429981696, 106993205379072, 26623333280885243904, 6624737266949237011120128, 1648446623609512543951043690496, 410186270246002225336426103593500672, 102067469997853225734913580209377959215104, 25397652694505813866070015990659936347412758528


12^(5*n+4).
20736, 5159780352, 1283918464548864, 319479999370622926848, 79496847203390844133441536, 19781359483314150527412524285952, 4922235242952026704037113243122008064, 1224809639974238708818962962512535510581248


13^(5*n+1).
13, 4826809, 1792160394037, 665416609183179841, 247064529073450392704413, 91733330193268616658399616009, 34059943367449284484947168626829637, 12646218552730347184269489080961456410641, 4695452425098908797088971409337422035076128813


13^(5*n+2).
169, 62748517, 23298085122481, 8650415919381337933, 3211838877954855105157369, 1192533292512492016559195008117, 442779263776840698304313192148785281, 164400841185494513395503358052498933338333, 61040881526285814362156628321386486455989674569


13^(5*n+3).
2197, 815730721, 302875106592253, 112455406951957393129, 41753905413413116367045797, 15502932802662396215269535105521, 5756130429098929077956071497934208653, 2137210935411428674141543654682486133398329


13^(5*n+4).
28561, 10604499373, 3937376385699289, 1461920290375446110677, 542800770374370512771595361, 201538126434611150798503956371773, 74829695578286078013428929473144712489, 27783742160348572763840067510872319734178277


14^(5*n+1).
14, 7529536, 4049565169664, 2177953337809371136, 1171355575953987221848064, 629983141281877223603213172736, 338820052976784335907174521413566464, 182225556172186058674940229804729969934336, 98005277522749794820791054154499091349964324864


14^(5*n+2).
196, 105413504, 56693912375296, 30491346729331195904, 16398978063355821105872896, 8819763977946281130444984418304, 4743480741674980702700443299789930496, 2551157786410604821449163217266219579080704, 1372073885318497127491074758162987278899500548096


14^(5*n+3).
2744, 1475789056, 793714773254144, 426878854210636742656, 229585692886981495482220544, 123476695691247935826229781856256, 66408730383449729837806206197059026944, 35716209009748467500288285041727074107129856


14^(5*n+4).
38416, 20661046784, 11112006825558016, 5976303958948914397184, 3214199700417740936751087616, 1728673739677471101567216945987584, 929722225368296217729286886758826377216, 500026926136478545004035990584179037499817984


15^(5*n+1).
15, 11390625, 8649755859375, 6568408355712890625, 4987885095119476318359375, 3787675244106352329254150390625, 2876265888493261300027370452880859375, 2184164409074570299708284437656402587890625, 1658599848141001821340978494845330715179443359375


15^(5*n+2).
225, 170859375, 129746337890625, 98526125335693359375, 74818276426792144775390625, 56815128661595284938812255859375, 43143988327398919500410556793212890625, 32762466136118554495624266564846038818359375, 24878997722115027320114677422679960727691650390625


a(n) = 15^(5*n+3).
3375, 2562890625, 1946195068359375, 1477891880035400390625, 1122274146401882171630859375, 852226929923929274082183837890625, 647159824910983792506158351898193359375, 491436992041778317434363998472690582275390625


15^(5*n+4).
50625, 38443359375, 29192926025390625, 22168378200531005859375, 16834112196028232574462890625, 12783403948858939111232757568359375, 9707397373664756887592375278472900390625, 7371554880626674761515459977090358734130859375


16^(5*n+1).
16, 16777216, 17592186044416, 18446744073709551616, 19342813113834066795298816, 20282409603651670423947251286016, 21267647932558653966460912964485513216, 22300745198530623141535718272648361505980416, 23384026197294446691258957323460528314494920687616


16^(5*n+2).
256, 268435456, 281474976710656, 295147905179352825856, 309485009821345068724781056, 324518553658426726783156020576256, 340282366920938463463374607431768211456, 356811923176489970264571492362373784095686656, 374144419156711147060143317175368453031918731001856


16^(5*n+3).
4096, 4294967296, 4503599627370496, 4722366482869645213696, 4951760157141521099596496896, 5192296858534827628530496329220096, 5444517870735015415413993718908291383296, 5708990770823839524233143877797980545530986496


16^(5*n+4).
65536, 68719476736, 72057594037927936, 75557863725914323419136, 79228162514264337593543950336, 83076749736557242056487941267521536, 87112285931760246646623899502532662132736, 91343852333181432387730302044767688728495783936


17^(5*n+1).
17, 24137569, 34271896307633, 48661191875666868481, 69091933913008732880827217, 98100666009922840441972689847969, 139288917338851014461418017489467720433, 197770344305988984840145602058543169130838081, 280805607755268602048174614102036928492604365174417


17^(5*n+2).
289, 410338673, 582622237229761, 827240261886336764177, 1174562876521148458974062689, 1667711322168688287513535727415473, 2367911594760467245844106297320951247361, 3362095853201812742282475234995233875224247377, 4773695331839566234818968439734627784374274207965089


17^(5*n+3).
4913, 6975757441, 9904578032905937, 14063084452067724991009, 19967568900859523802559065713, 28351092476867700887730107366063041, 40254497110927943179349807054456171205137, 57155629504430816618802078994918975878812205409


17^(5n+4).
83521, 118587876497, 168377826559400929, 239072435685151324847153, 339448671314611904643504117121, 481968572106750915091411825223071697, 684326450885775034048946719925754910487329, 971645701575323882519635342913622589939807491953


18^(5n+1).
18, 34012224, 64268410079232, 121439531096594251776, 229468251895129407139872768, 433595865796975883590475106484224, 819308872942260126404286866009182175232, 1548139828427760582529495524831238344488779776, 2925315479322586708409093799864313376118974623776768


18^(5n+2).
324, 612220032, 1156831381426176, 2185911559738696531968, 4130428534112329328517709824, 7804725584345565904628551916716032, 14747559712960682275277163588165279154176, 27866516911699690485530919446962290200798035968


18^(5n+3).
5832, 11019960576, 20822964865671168, 39346408075296537575424, 74347713614021927913318776832, 140485060518220186283313934500888576, 265456074833292280954988944586975024775168, 501597304410594428739556550045321223614364647424


18^(5n+4).
104976, 198359290368, 374813367582081024, 708235345355337676357632, 1338258845052394702439737982976, 2528731089327963353099650821015994368, 4778209346999261057189801002565550445953024, 9028751479390699717312017900815782025058563653632


19^(5n+1).
19, 47045881, 116490258898219, 288441413567621167681, 714209495693373205673756419, 1768453418076865701195582595329481, 4378865740046709085864680868712732574619, 10842505080063916320800450434338728415281531281, 26847115986241183138017674520015691090350184323352819


19^(5n+2).
361, 893871739, 2213314919066161, 5480386857784802185939, 13569980418174090907801371961, 33600614943460448322716069311260139, 83198449060887472631428936505541918917761, 206007596521214410095208558252435839890349094339


19^(5n+3).
6859, 16983563041, 42052983462257059, 104127350297911241532841, 257829627945307727248226067259, 638411683925748518131605316913942641, 1580770532156861979997149793605296459437459, 3914144333903073791808962606796280957916632792441


19^(5n+4).
130321, 322687697779, 799006685782884121, 1978419655660313589123979, 4898762930960846817716295277921, 12129821994589221844500501021364910179, 30034640110980377619945846078500632729311721, 74368742344158402044370289529129338200416023056379


20^(5n+1).
20, 64000000, 204800000000000, 655360000000000000000, 2097152000000000000000000000, 6710886400000000000000000000000000, 21474836480000000000000000000000000000000, 68719476736000000000000000000000000000000000000, 219902325555200000000000000000000000000000000000000000


a(n) = 20^(5*n+2).
400, 1280000000, 4096000000000000, 13107200000000000000000, 41943040000000000000000000000, 134217728000000000000000000000000000, 429496729600000000000000000000000000000000, 1374389534720000000000000000000000000000000000000


20^(5n+3).
8000, 25600000000, 81920000000000000, 262144000000000000000000, 838860800000000000000000000000, 2684354560000000000000000000000000000, 8589934592000000000000000000000000000000000, 27487790694400000000000000000000000000000000000000


20^(5n+4).
160000, 512000000000, 1638400000000000000, 5242880000000000000000000, 16777216000000000000000000000000, 53687091200000000000000000000000000000, 171798691840000000000000000000000000000000000, 549755813888000000000000000000000000000000000000000


21^(5n+1).
21, 85766121, 350277500542221, 1430568690241985328321, 5842587018385982521381124421, 23861715484377209601555171628930521, 97453656071460446110921078004886769746621, 398010574215107679422058885600836061208944572721, 1625515384162495488635310116741260158419511738394408821


21^(5n+2).
441, 1801088541, 7355827511386641, 30041942495081691894741, 122694327386105632949003612841, 501096025171921401632658604207540941, 2046526777500669368329342638102622164679041, 8358222058517261267863236597617557285387836027141


21^(5n+3).
9261, 37822859361, 154472377739119461, 630880792396715529789561, 2576580875108218291929075869661, 10523016528610349434285830688358359761, 42977062327514056734916195400155065458259861, 175522663228862486625127968549968702993144556569961


21^(5n+4).
194481, 794280046581, 3243919932521508681, 13248496640331026125580781, 54108198377272584130510593262881, 220983347100817338120002444455525554981, 902518308877795191433240103403256374623457081, 3685975927806112219127687339549342762856035687969181


22^(5n+1).
22, 113379904, 584318301411328, 3011361496339065143296, 15519448971100888972574851072, 79981528839832616637508874879893504, 412195366437884247746798137865015318806528, 2124303230726006271483826780841554627491524509696, 10947877107572929152919737180202022857988400441953615872


22^(5n+2).
484, 2494357888, 12855002631049216, 66249952919459433152512, 341427877364219557396646723584, 1759593634476317566025195247357657088, 9068298061633453450429559033030337013743616, 46734671075972137972644189178514201804813539213312


22^(5n+3).
10648, 54875873536, 282810057883082752, 1457498964228107529355264, 7511413302012830262726227918848, 38711059958478986452554295441868455936, 199502557355935975909450298726667414302359552, 1028162763671387035398172161927312439705897862692864


22^(5n+4).
234256, 1207269217792, 6221821273427820544, 32064977213018365645815808, 165251092644282265779977014214656, 851643319086537701956194499721106030592, 4389056261830591470007906571986683114651910144, 22619580800770514778759787562400873673529752979243008


23^(5n+1).
23, 148035889, 952809757913927, 6132610415680998648961, 39471584120695485887249589623, 254052654154149545721997685422868689, 1635170022196481349560959748587682926364327, 10524515126174167358877236351104092889324551536161, 67739389260745218861137988047774370539553852007909099223


23^(5n+2).
529, 3404825447, 21914624432020321, 141050039560662968926103, 907846434775996175406740561329, 5843211045545439551605946764725979847, 37608910510519071039902074217516707306379521, 242063847902005849254176436075394136454464685331703


23^(5n+3).
12167, 78310985281, 504036361936467383, 3244150909895248285300369, 20880467999847912034355032910567, 134393854047545109686936775588697536481, 865004941741938633917747707002884268046728983, 5567468501746134532846058029734065138452687762629169


23^(5n+4).
279841, 1801152661463, 11592836324538749809, 74615470927590710561908487, 480250763996501976790165756943041, 3091058643093537522799545838540043339063, 19895113660064588580108197261066338165074766609, 128051775540161094255459334683883498184411818540470887


24^(5n+1).
24, 191102976, 1521681143169024, 12116574790945106558976, 96479729228174488169059713024, 768231807465763655682670928358014976, 6117141027690268863066571918245810640257024


24^(5n+2).
576, 4586471424, 36520347436056576, 290797794982682557415424, 2315513501476187716057433112576, 18437563379178327736384102280592359424, 146811384664566452713597726037899455366168576, 1169003855003308785972158379694803112885582691303424


24^(5n+3).
13824, 110075314176, 876488338465357824, 6979147079584381377970176, 55572324035428505185378394701824, 442501521100279865673218454734216626176, 3523473231949594865126345424909586928788045824, 28056092520079410863331801112675274709253984591282176


24^(5n+4).
331776, 2641807540224, 21035720123168587776, 167499529910025153071284224, 1333735776850284124449081472843776, 10620036506406716776157242913621199028224, 84563357566790276763032290197830086290913099776, 673346220481905860719963226704206593022095630190772224


Number of distinct nonzero absolute values of sum_{j=1}^n \sigma_j \exp( i \pi j / n ) where \sigma_j = +- 1.
1, 1, 1, 2, 3, 4, 8, 12, 16, 33, 62, 67, 186, 316, 280, 1040, 1963, 1702, 6830, 10751, 8679, 45838, 88255, 56292, 264838, 624778


a(n) = F(n)+L(n)+n, where F(n) (<a href="/A000045" title="Fibonacci numbers: F(n) = F(n-1) + F(n-2) with F(0) = 0 and F(1) = 1.">A000045</a>) and L(n) (<a href="/A000204" title="Lucas numbers (beginning with 1): L(n) = L(n-1) + L(n-2) with L(1) = 1, L(2) = 3.">A000204</a>) are Fibonacci and Lucas numbers respectively.
3, 3, 7, 10, 16, 24, 37, 57, 89, 140, 222, 354, 567, 911, 1467, 2366, 3820, 6172, 9977, 16133, 26093, 42208, 68282, 110470, 178731, 289179, 467887, 757042, 1224904, 1981920, 3206797, 5188689, 8395457, 13584116, 21979542, 35563626, 57543135


Numbers n such that the sum of the first n primes is prime.
1, 2, 4, 6, 12, 14, 60, 64, 96, 100, 102, 108, 114, 122, 124, 130, 132, 146, 152, 158, 162, 178, 192, 198, 204, 206, 208, 214, 216, 296, 308, 326, 328, 330, 332, 334, 342, 350, 356, 358, 426, 446, 458, 460, 464, 480, 484, 488, 512, 530, 536, 548, 568, 620, 630, 676, 680


a(n) is prime and sum of all primes &lt;= a(n) is prime.
2, 3, 7, 13, 37, 43, 281, 311, 503, 541, 557, 593, 619, 673, 683, 733, 743, 839, 881, 929, 953, 1061, 1163, 1213, 1249, 1277, 1283, 1307, 1321, 1949, 2029, 2161, 2203, 2213, 2237, 2243, 2297, 2357, 2393, 2411, 2957, 3137, 3251, 3257, 3301, 3413, 3461, 3491


Primes equal to the sum of the first k primes for some k.
2, 5, 17, 41, 197, 281, 7699, 8893, 22039, 24133, 25237, 28697, 32353, 37561, 38921, 43201, 44683, 55837, 61027, 66463, 70241, 86453, 102001, 109147, 116533, 119069, 121631, 129419, 132059, 263171, 287137, 325019, 329401, 333821, 338279, 342761


Numbers n such that sum of first n composites is composite.
1, 2, 3, 4, 6, 7, 8, 9, 10, 11, 12, 13, 15, 16, 18, 19, 21, 22, 23, 24, 25, 26, 27, 28, 29, 30, 31, 32, 33, 34, 38, 39, 40, 41, 42, 44, 45, 46, 49, 50, 51, 52, 55, 56, 57, 58, 59, 60, 61, 62, 65, 66, 67, 69, 70, 71, 72, 76, 77, 78, 79, 80, 81, 82, 83, 84, 85, 87, 88, 89, 90, 91, 92, 93


n is composite and sum of all composites &lt;= n is composite.
4, 6, 8, 9, 12, 14, 15, 16, 18, 20, 21, 22, 25, 26, 28, 30, 33, 34, 35, 36, 38, 39, 40, 42, 44, 45, 46, 48, 49, 50, 55, 56, 57, 58, 60, 63, 64, 65, 69, 70, 72, 74, 77, 78, 80, 81, 82, 84, 85, 86, 90, 91, 92, 94, 95, 96, 98, 104, 105, 106, 108, 110, 111, 112, 114, 115, 116, 118, 119


a(n) is composite and is sum of first k composites for some k.
4, 10, 18, 27, 49, 63, 78, 94, 112, 132, 153, 175, 224, 250, 305, 335, 400, 434, 469, 505, 543, 582, 622, 664, 708, 753, 799, 847, 896, 946, 1158, 1214, 1271, 1329, 1389, 1514, 1578, 1643, 1846, 1916, 1988, 2062, 2290, 2368, 2448, 2529, 2611, 2695, 2780, 2866


Number of labeled connected graphs with n nodes and 0 cutpoints (blocks or nonseparable graphs).
0, 1, 1, 10, 238, 11368, 1014888, 166537616, 50680432112, 29107809374336, 32093527159296128, 68846607723033232640, 290126947098532533378816, 2417684612523425600721132544, 40013522702538780900803893881856


Number of labeled connected graphs with n vertices and 1 cutpoint.
3, 16, 250, 8496, 540568, 61672192, 12608406288, 4697459302400, 3256012245850496, 4276437400678311936


Number of labeled connected graphs with n nodes and 2 cutpoints.
12, 180, 4560, 211680, 17186624, 2416430016, 597615868800, 266262716016000, 218583901063537152


Number of labeled connected graphs with n nodes and 3 cutpoints.
60, 1920, 75600, 4663680, 469336898, 79132032000, 23121510192000, 12082931084928000


Values of a_n = (2n)!D_{2n}, where D_{2n} = \frac{1}{\pi} \int_{x=0}^{\infty} [ 1- \frac{x^{2n}} {\prod_{j=1}^n (x^2+j^2)} ] dx.
1, 28, 1434, 118960, 14611150, 2494744728, 565526968692, 164368956804288, 59603021615454678, 26379919529434077640, 13996517446366589638636, 8769645281519454489332448, 6406629794568469259015608204


Begin with 2n cards in n piles of 2, the piles being {1,1},{2,2},{3,3},...,{n,n}. How many transpositions of adjacent (single) cards are needed to reverse the order of the piles?
0, 2, 5, 10, 15, 23


Number of (positive) squarefree numbers &lt; n.
0, 1, 2, 3, 3, 4, 5, 6, 6, 6, 7, 8, 8, 9, 10, 11, 11, 12, 12, 13, 13, 14, 15, 16, 16, 16, 17, 17, 17, 18, 19, 20, 20, 21, 22, 23, 23, 24, 25, 26, 26, 27, 28, 29, 29, 29, 30, 31, 31, 31, 31, 32, 32, 33, 33, 34, 34, 35, 36, 37, 37, 38, 39, 39, 39, 40, 41, 42, 42, 43, 44, 45, 45, 46, 47, 47


Numbers that are not squarefree. Numbers that are divisible by a square greater than 1. The complement of <a href="/A005117" title="Squarefree numbers: numbers that are not divisible by a square greater than 1.">A005117</a>.
4, 8, 9, 12, 16, 18, 20, 24, 25, 27, 28, 32, 36, 40, 44, 45, 48, 49, 50, 52, 54, 56, 60, 63, 64, 68, 72, 75, 76, 80, 81, 84, 88, 90, 92, 96, 98, 99, 100, 104, 108, 112, 116, 117, 120, 121, 124, 125, 126, 128, 132, 135, 136, 140, 144, 147, 148, 150, 152, 153, 156, 160


Sum of first a(n) squarefrees is squarefree.
1, 2, 3, 4, 5, 7, 9, 11, 13, 15, 17, 19, 20, 23, 25, 26, 27, 29, 32, 34, 37, 40, 41, 42, 43, 44, 46, 47, 49, 50, 51, 53, 54, 56, 58, 60, 61, 63, 64, 65, 69, 70, 71, 74, 76, 77, 79, 80, 81, 82, 83, 84, 86, 88, 89, 90, 92, 94, 95, 96, 98, 100, 102, 103, 104, 106, 107, 108, 110, 111


a(n) is squarefree and sum of all squarefrees &lt;= a(n) is squarefree.
1, 2, 3, 5, 6, 10, 13, 15, 19, 22, 26, 30, 31, 35, 38, 39, 41, 43, 51, 55, 59, 65, 66, 67, 69, 70, 73, 74, 78, 79, 82, 85, 86, 89, 93, 95, 97, 102, 103, 105, 110, 111, 113, 118, 122, 123, 129, 130, 131, 133, 134, 137, 139, 142, 143, 145, 149, 154, 155, 157, 159, 163, 166, 167


a(n) is squarefree and is sum of first k squarefrees for some k.
1, 3, 6, 11, 17, 34, 58, 87, 123, 166, 215, 274, 305, 407, 482, 521, 562, 647, 791, 899, 1073, 1261, 1327, 1394, 1463, 1533, 1677, 1751, 1906, 1985, 2067, 2235, 2321, 2497, 2681, 2870, 2967, 3170, 3273, 3378


Sum of first a(n) nonsquarefrees is nonsquarefree.
1, 2, 5, 9, 15, 16, 17, 24, 25, 26, 27, 29, 31, 32, 33, 35, 37, 40, 41, 43, 44, 45, 49, 50, 51, 58, 59, 61, 64, 66, 69, 72, 76, 77, 79, 80, 81, 82, 83, 84, 85, 88, 89, 93, 94, 95, 99, 101, 102, 103, 104, 108, 109, 110, 111, 116, 117, 118, 120, 133, 134, 137, 142, 146, 147, 149


a(n) is nonsquarefree and sum of all nonsquarefrees &lt;= a(n) is nonsquarefree.
4, 8, 16, 25, 44, 45, 48, 63, 64, 68, 72, 76, 81, 84, 88, 92, 98, 104, 108, 116, 117, 120, 126, 128, 132, 150, 152, 156, 164, 169, 175, 184, 196, 198, 204, 207, 208, 212, 216, 220, 224, 232, 234, 243, 244, 245, 256, 261, 264, 268, 270, 279, 280, 284, 288, 297, 300, 304


a(n) is nonsquarefree and is sum of first k nonsquarefrees for some k.
4, 12, 49, 136, 343, 388, 436, 820, 884, 952, 1024, 1175, 1336, 1420, 1508, 1690, 1884, 2187, 2295, 2523, 2640, 2760, 3256, 3384, 3516, 4516, 4668, 4977, 5463, 5800, 6318, 6858, 7623, 7821, 8225, 8432, 8640, 8852, 9068, 9288, 9512, 10197, 10431, 11392


a(n) = Sum_{k=1..n} floor(n/k^2).
1, 2, 3, 5, 6, 7, 8, 10, 12, 13, 14, 16, 17, 18, 19, 22, 23, 25, 26, 28, 29, 30, 31, 33, 35, 36, 38, 40, 41, 42, 43, 46, 47, 48, 49, 53, 54, 55, 56, 58, 59, 60, 61, 63, 65, 66, 67, 70, 72, 74, 75, 77, 78, 80, 81, 83, 84, 85, 86, 88, 89, 90, 92, 96, 97, 98, 99, 101, 102, 103


a(n) = Sum_{k=1..n} floor(n/k^3).
0, 1, 2, 3, 4, 5, 6, 7, 9, 10, 11, 12, 13, 14, 15, 16, 18, 19, 20, 21, 22, 23, 24, 25, 27, 28, 29, 31, 32, 33, 34, 35, 37, 38, 39, 40, 41, 42, 43, 44, 46, 47, 48, 49, 50, 51, 52, 53, 55, 56, 57, 58, 59, 60, 62, 63, 65, 66, 67, 68, 69, 70, 71, 72, 75, 76, 77, 78, 79, 80, 81, 82


a(n) = Sum_{k=1..n} floor(n/k^4).
1, 2, 3, 4, 5, 6, 7, 8, 9, 10, 11, 12, 13, 14, 15, 17, 18, 19, 20, 21, 22, 23, 24, 25, 26, 27, 28, 29, 30, 31, 32, 34, 35, 36, 37, 38, 39, 40, 41, 42, 43, 44, 45, 46, 47, 48, 49, 51, 52, 53, 54, 55, 56, 57, 58, 59, 60


Partial sums of sequence <a href="/A001221" title="Number of distinct primes dividing n (also called omega(n)).">A001221</a> (number of distinct primes dividing n).
0, 1, 2, 3, 4, 6, 7, 8, 9, 11, 12, 14, 15, 17, 19, 20, 21, 23, 24, 26, 28, 30, 31, 33, 34, 36, 37, 39, 40, 43, 44, 45, 47, 49, 51, 53, 54, 56, 58, 60, 61, 64, 65, 67, 69, 71, 72, 74, 75, 77, 79, 81, 82, 84, 86, 88, 90, 92, 93, 96, 97, 99, 101, 102, 104, 107, 108, 110, 112


a(n) = Sum_{ k=1..n } floor(n/prime(k)^2).
0, 0, 0, 1, 1, 1, 1, 2, 3, 3, 3, 4, 4, 4, 4, 5, 5, 6, 6, 7, 7, 7, 7, 8, 9, 9, 10, 11, 11, 11, 11, 12, 12, 12, 12, 14, 14, 14, 14, 15, 15, 15, 15, 16, 17, 17, 17, 18, 19, 20, 20, 21, 21, 22, 22, 23, 23, 23, 23, 24, 24, 24, 25


a(n) = Sum_{k = 1..n} floor(n/prime(k)^3).
0, 0, 0, 0, 0, 0, 0, 1, 1, 1, 1, 1, 1, 1, 1, 2, 2, 2, 2, 2, 2, 2, 2, 3, 3, 3, 4, 4, 4, 4, 4, 5, 5, 5, 5, 5, 5, 5, 5, 6, 6, 6, 6, 6, 6, 6, 6, 7, 7, 7, 7, 7, 7, 8, 8, 9, 9, 9, 9, 9, 9, 9, 9, 10, 10, 10, 10, 10, 10, 10, 10, 11, 11, 11, 11


Triangle of numbers T(n,k) = floor(2n/k), k=1..2n, read by rows.
2, 1, 4, 2, 1, 1, 6, 3, 2, 1, 1, 1, 8, 4, 2, 2, 1, 1, 1, 1, 10, 5, 3, 2, 2, 1, 1, 1, 1, 1, 12, 6, 4, 3, 2, 2, 1, 1, 1, 1, 1, 1, 14, 7, 4, 3, 2, 2, 2, 1, 1, 1, 1, 1, 1, 1, 16, 8, 5, 4, 3, 2, 2, 2, 1, 1, 1, 1, 1, 1, 1, 1, 18, 9, 6, 4, 3, 3, 2, 2, 2, 1, 1, 1, 1, 1, 1, 1, 1, 1, 20, 10, 6, 5, 4, 3


Length of period of continued fraction for sqrt(m), m = n-th nonsquare.
1, 2, 1, 2, 4, 2, 1, 2, 2, 5, 4, 2, 1, 2, 6, 2, 6, 6, 4, 2, 1, 2, 4, 5, 2, 8, 4, 4, 4, 2, 1, 2, 2, 2, 3, 2, 10, 8, 6, 12, 4, 2, 1, 2, 6, 5, 6, 4, 2, 6, 7, 6, 4, 11, 4, 2, 1, 2, 10, 2, 8, 6, 8, 2, 7, 5, 4, 12, 6, 4, 4, 2, 1, 2, 2, 5, 10, 2, 6, 5, 2, 8, 8, 10, 16, 4, 4, 11, 4, 2, 1, 2, 12, 2, 2, 9, 6, 8, 15, 2, 6, 6


Sum of terms in period of continued fraction for square root of the n-th nonsquare.
2, 3, 4, 6, 7, 5, 6, 9, 8, 10, 10, 7, 8, 12, 17, 10, 14, 18, 13, 9, 10, 15, 18, 16, 12, 25, 13, 14, 16, 11, 12, 18, 16, 15, 16, 14, 29, 20, 20, 34, 19, 13, 14, 21, 26, 22, 26, 20, 16, 22, 20, 27, 18, 36, 22, 15, 16, 24, 41, 20, 34, 24, 33, 18, 30, 20, 19, 40


Least d such that period of continued fraction for sqrt(d) contains n (n^2+2 if n odd, (n/2)^2+1 if n even).
3, 2, 11, 5, 27, 10, 51, 17, 83, 26, 123, 37, 171, 50, 227, 65, 291, 82, 363, 101, 443, 122, 531, 145, 627, 170, 731, 197, 843, 226, 963, 257, 1091, 290, 1227, 325, 1371, 362, 1523, 401, 1683, 442, 1851, 485, 2027, 530, 2211, 577, 2403, 626, 2603, 677, 2811


Least d for which the number with continued fraction [n,n,n,n...] is in Q(sqrt(d)).
5, 2, 13, 5, 29, 10, 53, 17, 85, 26, 5, 37, 173, 2, 229, 65, 293, 82, 365, 101, 445, 122, 533, 145, 629, 170, 733, 197, 5, 226, 965, 257, 1093, 290, 1229, 13, 1373, 362, 61, 401, 1685, 442, 1853, 485, 2029, 530, 2213, 577, 2405, 626, 2605, 677, 2813, 730, 3029, 785, 3253


Positions of 1's in Kolakoski sequence (<a href="/A000002" title="Kolakoski sequence: a(n) is length of n-th run; a(1) = 1; sequence consists just of 1's and 2's.">A000002</a>).
1, 4, 5, 7, 10, 13, 14, 16, 17, 20, 22, 23, 25, 28, 29, 31, 32, 34, 37, 40, 41, 43, 46, 48, 49, 51, 52, 55, 58, 59, 61, 64, 67, 68, 70, 71, 73, 76, 78, 79, 82, 85, 86, 88, 91, 94, 95, 97, 98, 101, 103, 104, 106, 109, 112, 113, 115, 116, 118, 121, 122, 124, 125, 128, 130, 131, 133


Positions of 2's in Kolakoski sequence (<a href="/A000002" title="Kolakoski sequence: a(n) is length of n-th run; a(1) = 1; sequence consists just of 1's and 2's.">A000002</a>).
2, 3, 6, 8, 9, 11, 12, 15, 18, 19, 21, 24, 26, 27, 30, 33, 35, 36, 38, 39, 42, 44, 45, 47, 50, 53, 54, 56, 57, 60, 62, 63, 65, 66, 69, 72, 74, 75, 77, 80, 81, 83, 84, 87, 89, 90, 92, 93, 96, 99, 100, 102, 105, 107, 108, 110, 111, 114, 117, 119, 120, 123, 126, 127, 129, 132, 135


Start with 1, apply 1-&gt;12, 21-&gt;21, 22-&gt;21, 2-&gt;2 (for final 2), take limit.
1, 2, 2, 1, 1, 2, 1, 2, 2, 1, 2, 1, 1, 2, 2, 1, 1, 2, 2, 1, 1, 2, 1, 2, 2, 1, 1, 2, 1, 2, 2, 1, 2, 1, 1, 2, 1, 2, 2, 1, 2, 1, 1, 2, 2, 1, 1, 2, 2, 1, 2, 1, 1, 2, 2, 1, 1, 2, 2, 1, 1, 2, 1, 2, 2, 1, 1, 2, 2, 1, 1, 2, 2, 1, 1, 2, 1, 2, 2, 1, 1, 2, 1, 2, 2, 1, 2, 1, 1, 2, 1, 2, 2, 1, 1, 2, 1, 2, 2, 1, 1, 2, 1, 2, 2


Start with 1, apply 1-&gt;12, 21-&gt;21, 22-&gt;21, 2-&gt;2 (for final 2); a(n) = length of n-th term.
1, 2, 3, 4, 6, 9, 12, 16, 22, 31, 42, 56, 76, 105, 142, 190, 258, 353, 476, 640, 870, 1183, 1594, 2152, 2924, 3961, 5342, 7230, 9810, 13265, 17916, 24272, 32886, 44447, 60106, 81432, 110220, 149001, 201646, 273086, 369442, 499649, 676380, 915616, 1238534


Start with 1, apply 1-&gt;12, 21-&gt;21, 22-&gt;21, 2-&gt;2 (for final 2); take limit; note positions of 1's.
1, 4, 5, 7, 10, 12, 13, 16, 17, 20, 21, 23, 26, 27, 29, 32, 34, 35, 37, 40, 42, 43, 46, 47, 50, 52, 53, 56, 57, 60, 61, 63, 66, 67, 70, 71, 74, 75, 77, 80, 81, 83, 86, 89, 91, 94, 95, 97, 100, 101, 103, 106, 108, 109, 111, 114, 116, 117, 120


Start with 1, apply 1-&gt;12, 21-&gt;21, 22-&gt;21, 2-&gt;2 (for final 2); take limit; note positions of 2's.
2, 3, 6, 8, 9, 11, 14, 15, 18, 19, 22, 24, 25, 28, 30, 31, 33, 36, 38, 39, 41, 44, 45, 48, 49, 51, 54, 55, 58, 59, 62, 64, 65, 68, 69, 72, 73, 76, 78, 79, 82, 84, 85, 87, 88, 90, 92, 93, 96, 98, 99, 102, 104, 105, 107, 110, 112, 113, 115, 118, 119


Expansion of the modular form of level 4 and weight 1/2.
1, 0, 0, 4, -240, 0, 0, 26760, -85995, 0, 0, 1707264, -4096240, 0, 0, 44330496, -91951146, 0, 0, 708938760, -1343913984, 0, 0, 8277534720, -14733025125, 0, 0, 77092288000, -130880766192, 0, 0, 604139268096, -988226335125, 0, 0, 4125992712192, -6548115718144, 0, 0, 25168873498760


a(n) = sigma_6(n), the sum of the 6th powers of the divisors of n.
1, 65, 730, 4161, 15626, 47450, 117650, 266305, 532171, 1015690, 1771562, 3037530, 4826810, 7647250, 11406980, 17043521, 24137570, 34591115, 47045882, 65019786, 85884500, 115151530, 148035890


a(n) = sigma_7(n), the sum of the 7th powers of the divisors of n.
1, 129, 2188, 16513, 78126, 282252, 823544, 2113665, 4785157, 10078254, 19487172, 36130444, 62748518, 106237176, 170939688, 270549121, 410338674, 617285253, 893871740, 1290094638, 1801914272, 2513845188


sigma_8(n), the sum of the 8th powers of the divisors of n.
1, 257, 6562, 65793, 390626, 1686434, 5764802, 16843009, 43053283, 100390882, 214358882, 431733666, 815730722, 1481554114, 2563287812, 4311810305, 6975757442, 11064693731, 16983563042, 25700456418


sigma_9(n), the sum of the 9th powers of the divisors of n.
1, 513, 19684, 262657, 1953126, 10097892, 40353608, 134480385, 387440173, 1001953638, 2357947692, 5170140388, 10604499374, 20701400904, 38445332184, 68853957121, 118587876498, 198756808749, 322687697780, 513002215782


sigma_10(n), the sum of the 10th powers of the divisors of n.
1, 1025, 59050, 1049601, 9765626, 60526250, 282475250, 1074791425, 3486843451, 10009766650, 25937424602, 61978939050, 137858491850, 289537131250, 576660215300, 1100586419201, 2015993900450


a(n) = sigma_11(n), the sum of the 11th powers of the divisors of n.
1, 2049, 177148, 4196353, 48828126, 362976252, 1977326744, 8594130945, 31381236757, 100048830174, 285311670612, 743375541244, 1792160394038, 4051542498456, 8649804864648, 17600780175361, 34271896307634, 64300154115093, 116490258898220, 204900053024478


a(n) = sigma_12(n), the sum of the 12th powers of the divisors of n.
1, 4097, 531442, 16781313, 244140626, 2177317874, 13841287202, 68736258049, 282430067923, 1000244144722, 3138428376722, 8918294543346, 23298085122482, 56707753666594, 129746582562692, 281543712968705, 582622237229762, 1157115988280531


a(n) = sigma_13(n), the sum of the 13th powers of the divisors of n.
1, 8193, 1594324, 67117057, 1220703126, 13062296532, 96889010408, 549822930945, 2541867422653, 10001220711318, 34522712143932, 107006334784468, 302875106592254, 793811662272744, 1946196290656824, 4504149450301441, 9904578032905938, 20825519793796029


a(n) = sigma_14(n), the sum of the 14th powers of the divisors of n.
1, 16385, 4782970, 268451841, 6103515626, 78368963450, 678223072850, 4398314962945, 22876797237931, 100006103532010, 379749833583242, 1283997101947770, 3937376385699290, 11112685048647250, 29192932133689220, 72061992352890881, 168377826559400930


a(n) = sigma_15(n), the sum of the 15th powers of the divisors of n.
1, 32769, 14348908, 1073774593, 30517578126, 470199366252, 4747561509944, 35185445863425, 205891146443557, 1000030517610894, 4177248169415652, 15407492847694444, 51185893014090758, 155572843119354936, 437893920912786408, 1152956690052710401


a(n) = sigma_16(n), the sum of the 16th powers of the divisors of n.
1, 65537, 43046722, 4295032833, 152587890626, 2821153019714, 33232930569602, 281479271743489, 1853020231898563, 10000152587956162, 45949729863572162, 184887084343023426, 665416609183179842, 2177986570740006274, 6568408508343827972


a(n) = sigma_17(n), the sum of the 17th powers of the divisors of n.
1, 131073, 129140164, 17180000257, 762939453126, 16926788715972, 232630513987208, 2251816993685505, 16677181828806733, 100000762939584198, 505447028499293772, 2218628050709022148, 8650415919381337934, 30491579359845314184, 98526126098761952664


a(n) = sigma_18(n), the sum of the 18th powers of the divisors of n.
1, 262145, 387420490, 68719738881, 3814697265626, 101560344351050, 1628413597910450, 18014467229220865, 150094635684419611, 1000003814697527770, 5559917313492231482, 26623434909949071690


a(n) = sigma_19(n), the sum of the 19th powers of the divisors of n.
1, 524289, 1162261468, 274878431233, 19073486328126, 609360902796252, 11398895185373144, 144115462954287105, 1350851718835253557, 10000019073486852414, 61159090448414546292, 319480609006403630044


a(n) = sigma_20(n), the sum of the 20th powers of the divisors of n.
1, 1048577, 3486784402, 1099512676353, 95367431640626, 3656161927895954, 79792266297612002, 1152922604119523329, 12157665462543713203, 100000095367432689202, 672749994932560009202, 3833763649708914645906


a(n) = sigma_21(n), the sum of the 21st powers of the divisors of n.
1, 2097153, 10460353204, 4398048608257, 476837158203126, 21936961102828212, 558545864083284008, 9223376434903384065, 109418989141972712413, 1000000476837160300278, 7400249944258160101212, 46005141850728850805428


a(n) = sum of 22nd powers of divisors of n.
1, 4194305, 31381059610, 17592190238721, 2384185791015626, 131621735227521050, 3909821048582988050, 73786993887028445185, 984770902214992292491, 10000002384185795209930, 81402749386839761113322


a(n) = sum of 23rd powers of divisors of n.
1, 8388609, 94143178828, 70368752566273, 11920928955078126, 789730317205170252, 27368747340080916344, 590295880727458217985, 8862938119746644274757, 100000011920928963466734, 895430243255237372246532


a(n) = sum of 24th powers of divisors of n.
1, 16777217, 282429536482, 281474993487873, 59604644775390626, 4738381620767930594, 191581231380566414402, 4722366764344638701569, 79766443077154939399843, 1000000059604644792167842, 9849732675807611094711842


Expansion of Eisenstein series E_6(q) (alternate convention E_3(q)).
1, -504, -16632, -122976, -532728, -1575504, -4058208, -8471232, -17047800, -29883672, -51991632, -81170208, -129985632, -187132176, -279550656, -384422976, -545530104, -715608432, -986161176, -1247954400, -1665307728, -2066980608, -2678616864, -3243917376, -4159663200


Eisenstein series E_10(q) (alternate convention E_5(q)).
1, -264, -135432, -5196576, -69341448, -515625264, -2665843488, -10653352512, -35502821640, -102284205672, -264515760432, -622498190688, -1364917062432, -2799587834736, -5465169838656, -10149567696576, -18177444679944


Modular form of level 4 and weight 1/2.
1, 0, 0, 0, 6, 504, 0, 0, 143388, 565760, 0, 0, 18473000, 51180024, 0, 0, 818626500, 1912896000, 0, 0, 20556578700, 43222528000, 0, 0, 357139677440, 697599931392, 0, 0, 4764286992816, 8806299845112, 0, 0, 51954490735875, 91956846489088, 0, 0


Number of tournaments on n nodes with a unique winner.
2, 6, 32, 600, 20544, 1218224, 160241152, 42129744768, 21293228876800, 22220602090444032


Molien series of 4-dimensional representation of u.g.g.r. #9.
1, 10, 40, 130, 283, 513, 883, 1372, 1994, 2836, 3853, 5059, 6565, 8302, 10284, 12646, 15295, 18245, 21655, 25408, 29518, 34168, 39217, 44679, 50761, 57298, 64304, 72010, 80227, 88969, 98491, 108580, 119250, 130780, 142933, 155723, 169453, 183862, 198964, 215086, 231943, 249549, 268255, 287752


Molien series of 4-dimensional representation of u.g.g.r. #8.
1, 0, 10, 20, 40, 75, 130, 179, 283, 383, 513, 678, 883, 1078, 1372, 1658, 1994, 2385, 2836, 3273, 3853, 4421, 5059, 5772, 6565, 7340, 8302, 9248, 10284, 11415, 12646, 13855, 15295, 16715, 18245, 19890


Expansion of 1/(1 - x^2 - x^3 - x^4) = 1/((1 + x)*(1 - x - x^3)).
1, 0, 1, 1, 2, 2, 4, 5, 8, 11, 17, 24, 36, 52, 77, 112, 165, 241, 354, 518, 760, 1113, 1632, 2391, 3505, 5136, 7528, 11032, 16169, 23696, 34729, 50897, 74594, 109322, 160220, 234813, 344136, 504355, 739169, 1083304, 1587660, 2326828, 3410133, 4997792, 7324621


Number of commutative elements in Coxeter group F_n.
24, 106, 464, 2003, 8560, 36333, 153584, 647775


Number of commutative elements in Coxeter group H_n.
1, 2, 9, 44, 195, 804, 3185, 12368, 47607, 182720, 701349, 2695978, 10384231, 40083848, 155052001, 600949336, 2333344095, 9074611032, 35344215245, 137844431690, 538253680159, 2104090575136, 8233413950409


Expansion of 1/(1-x^2-x^3-x^4-x^5).
1, 0, 1, 1, 2, 3, 4, 7, 10, 16, 24, 37, 57, 87, 134, 205, 315, 483, 741, 1137, 1744, 2676, 4105, 6298, 9662, 14823, 22741, 34888, 53524, 82114, 125976, 193267, 296502, 454881, 697859, 1070626, 1642509


Expansion of 1/(1-x^2-x^3-x^4-x^5-x^6).
1, 0, 1, 1, 2, 3, 5, 7, 12, 18, 29, 45, 71, 111, 175, 274, 431, 676, 1062, 1667, 2618, 4110, 6454, 10133, 15911, 24982, 39226, 61590, 96706, 151842, 238415, 374346, 587779, 922899, 1449088, 2275281, 3572527


Expansion of 1/(1-x^2-x^3-x^4-x^5-x^6-x^7).
1, 0, 1, 1, 2, 3, 5, 8, 12, 20, 31, 50, 79, 126, 200, 318, 506, 804, 1279, 2033, 3233, 5140, 8173, 12995, 20662, 32853, 52236, 83056, 132059, 209975, 333861, 530841, 844040, 1342028, 2133832, 3392804, 5394577


Expansion of 1/(1-x^2-x^3-x^4-x^5-x^6-x^7-x^8).
1, 0, 1, 1, 2, 3, 5, 8, 13, 20, 33, 52, 84, 134, 215, 344, 551, 882, 1413, 2262, 3623, 5801, 9290, 14876, 23822, 38147, 61087, 97821, 156646, 250844, 401689, 643243, 1030056, 1649477, 2641386, 4229776, 6773341


Expansion of 1/(1-x^2-x^3-x^4-x^5-x^6-x^7-x^8-x^9).
1, 0, 1, 1, 2, 3, 5, 8, 13, 21, 33, 54, 86, 139, 223, 359, 577, 928, 1492, 2399, 3858, 6203, 9975, 16039, 25791, 41471, 66685, 107228, 172421, 277250, 445813, 716860, 1152698, 1853519, 2980426, 4792474, 7706215


Expansion of 1/(1-x^2-x^3-x^4-x^5-x^6-x^7-x^8-x^9-x^10).
1, 0, 1, 1, 2, 3, 5, 8, 13, 21, 34, 54, 88, 141, 228, 367, 592, 954, 1538, 2479, 3996, 6441, 10383, 16736, 26978, 43486, 70097, 112991, 182134, 293587, 473242, 762833, 1229634, 1982084, 3194982, 5150088, 8301584, 13381575, 21570168, 34769609, 56046190


Triangle read by rows, the inverse Bell transform of n!*binomial(5,n) (without column 0).
1, 5, 1, 55, 15, 1, 935, 295, 30, 1, 21505, 7425, 925, 50, 1, 623645, 229405, 32400, 2225, 75, 1, 21827575, 8423415, 1298605, 103600, 4550, 105, 1, 894930575, 358764175, 59069010, 5235405, 271950, 8330, 140, 1, 42061737025, 17398082625


a(n) = (n+1)*(a(n-1)/n + a(n-2)), with a(0)=1, a(1)=2.
1, 2, 6, 16, 50, 156, 532, 1856, 6876, 26200, 104456, 428352, 1821976, 7959056, 35857200, 165592576, 785514512, 3812387616, 18948962656, 96194028800, 498931946016, 2638959243712, 14234346694976


Edge-disjoint paths between opposite corners of n X n grid.
1, 1, 2, 16, 800, 323632, 1086297184, 30766606427588, 7466577706821521924, 15681997226277809235573754


Number of edge-disjoint paths between opposite corners of a 2 X n grid.
1, 1, 4, 16, 72, 335, 1562, 7273, 33850, 157534, 733148, 3412005, 15879172, 73900265, 343925312, 1600598044, 7449042040, 34667184251, 161338016046, 750852888177, 3494403076902, 16262643529850, 75684907767980, 352230881365025, 1639251436594792, 7628931517771089


Edge-disjoint paths between opposite corners of 3 X n grid.
1, 1, 8, 72, 800, 9754, 121130, 1508919, 18787340, 233941432, 2912502538, 36262251784, 451462592746, 5620827261214, 69979671635586, 871259379376415, 10847277968319460, 135050246142276024


Number of edge-disjoint paths between opposite corners of 4 X n grid.
1, 1, 16, 335, 9754, 323632, 11171466, 389866263, 13662905466, 479251547011, 16821606120516, 590415835527858, 20726430358013659, 727543012137899046, 25540208938124629118, 896540705406585866451


Number of edge-disjoint paths between opposite corners of 5xn grid.
1, 1, 32, 1562, 121130, 11171466, 1086297184, 107939069941, 10816244385930, 1088622220193884, 109714281030331408, 11069298856395333635, 1116902915717574810660, 112738159254434557027160


Number of edge-disjoint paths between opposite corners of 6xn grid.
1, 1, 64, 7273, 1508919, 389866263, 107939069941, 30766606427588, 8900924886661736, 2592366455926147562, 758069487021252428263, 222005624352493942917379, 65098736121811226967665264


Number of edge-disjoint paths between opposite corners of 7xn grid.
1, 1, 128, 33850, 18787340, 13662905466, 10816244385930, 8900924886661736, 7466577706821521924, 6332745788043635410871, 5399881205287667310503858, 4621213692709052543074522862


Number of edge-disjoint paths between opposite corners of 8xn grid.
1, 1, 256, 157534, 233941432, 479251547011, 1088622220193884, 2592366455926147562, 6332745788043635410871, 15681997226277809235573754, 39167604588475049043393511660


Unrestricted Perrin pseudoprimes.
271441, 904631, 16532714, 24658561, 27422714, 27664033, 46672291, 102690901, 130944133, 196075949, 214038533, 517697641, 545670533, 801123451, 855073301, 903136901, 970355431, 1091327579, 1133818561, 1235188597, 1389675541, 1502682721, 2059739221, 2304156469, 2976407809, 3273820903


From applying the &quot;rational mean&quot; to the number e.
1, 1, 2, 8, 42, 258, 1824, 14664, 132360, 1326120, 14606640, 175448160, 2282469840, 31972303440, 479793807360, 7679384173440, 130586660507520, 2351111258805120, 44679858911251200, 893744703503769600


First coordinate of fundamental unit of real quadratic field.
0, 1, 2, 1, 3, 2, 5, 8, 2, 19, 5, 3, 27, 10, 3, 15, 131, 4, 17, 7, 11, 943, 170, 4, 4, 197, 447, 24, 13, 5035, 9, 5, 37, 118, 703, 11, 1520, 15371, 79, 35, 1595, 6, 87, 11, 28, 37, 25, 98, 10847, 6, 13, 3482, 6, 57731, 604, 24335, 63, 48, 1637147, 13, 478763


