Pisot sequence E(7,15), a(n)=[ a(n-1)^2/a(n-2)+1/2 ].
7, 15, 32, 68, 145, 309, 658, 1401, 2983, 6351, 13522, 28790, 61297, 130508, 277866, 591608, 1259600, 2681830, 5709918, 12157058, 25883745, 55109407, 117334132, 249817577, 531889747, 1132453154, 2411120262, 5133546494, 10929898447, 23270984338, 49546545623


Pisot sequence E(8,14), a(n)=[ a(n-1)^2/a(n-2)+1/2 ].
8, 14, 25, 45, 81, 146, 263, 474, 854, 1539, 2773, 4996, 9001, 16217, 29218, 52642, 94845, 170882, 307878, 554704, 999411, 1800640, 3244215, 5845106, 10531134, 18973956, 34185398, 61591870, 110970141


Pisot sequence E(9,15), a(n) = floor( a(n-1)^2/a(n-2) + 1/2 ).
9, 15, 25, 42, 71, 120, 203, 343, 580, 981, 1659, 2806, 4746, 8027, 13576, 22961, 38834, 65680, 111085, 187879, 317761, 537431, 908960, 1537329, 2600093, 4397552, 7437605, 12579264, 21275381, 35983173, 60858545, 102930403, 174086776, 294433954, 497977820


Pisot sequence E(9,17), a(n) = floor( a(n-1)^2/a(n-2) + 1/2 ).
9, 17, 32, 60, 113, 213, 401, 755, 1422, 2678, 5043, 9497, 17885, 33682, 63432, 119459, 224972, 423680, 797898, 1502646, 2829867, 5329364, 10036557, 18901407, 35596190, 67036742, 126247353, 237756097, 447755619, 843238499, 1588034044, 2990674795, 5632206541


Pisot sequence E(9,19), a(n)=[ a(n-1)^2/a(n-2)+1/2 ].
9, 19, 40, 84, 176, 369, 774, 1624, 3407, 7148, 14997, 31465, 66016, 138507, 290599, 609700, 1279199, 2683861, 5630953, 11814185, 24787095, 52005287, 109111208, 228923950, 480300565, 1007708598, 2114252392, 4435868847, 9306803910, 19526411174, 40967956027


Pisot sequence E(10,18), a(n)=[ a(n-1)^2/a(n-2)+1/2 ].
10, 18, 32, 57, 102, 183, 328, 588, 1054, 1889, 3386, 6069, 10878, 19498, 34949, 62644, 112286, 201267, 360761, 646646, 1159081, 2077595, 3723986, 6675060, 11964714, 21446156, 38441170, 68903889, 123506801, 221379811, 396812324, 711266397, 1274909717


Pisot sequence E(10,21), a(n) = floor( a(n-1)^2/a(n-2)+1/2 ).
10, 21, 44, 92, 192, 401, 838, 1751, 3659, 7646, 15977, 33385, 69760, 145768, 304592, 636465, 1329935, 2778986, 5806873, 12133841, 25354455, 52979793, 110704745, 231324810, 483368330, 1010029761, 2110523290, 4410076544, 9215143569, 19255645599, 40235931720


Pisot sequence E(10,22), a(n) = floor( a(n-1)^2/a(n-2)+1/2 ).
10, 22, 48, 105, 230, 504, 1104, 2418, 5296, 11600, 25408, 55652, 121896, 266992, 584800, 1280904, 2805600, 6145184, 13459968, 29481744, 64574688, 141439744, 309799425, 678562341, 1486274065, 3255427634, 7130454154, 15618033069, 34208614441, 74928084529


First differences of Shallit sequence S(3,7) (<a href="/A020730" title="Pisot sequences L(3,7) or S(3,7).">A020730</a>).
3, 4, 10, 25, 62, 154, 383, 952, 2366, 5881, 14618, 36335, 90315, 224489, 557995, 1386965, 3447471, 8569111, 21299574, 52942697, 131595551, 327096843, 813039224, 2020908468, 5023215259, 12485816125, 31035023639, 77141348442, 191744259926, 476603818278


Linear recursion relative of Shallit sequence S(2,6).
2, 6, 19, 61, 196, 630, 2026, 6516, 20957, 67403, 216786, 697242, 2242518, 7212542, 23197479, 74609345, 239963764, 771788146, 2482278710, 7983677420, 25677658553, 82586271223, 265619709074, 854304581182, 2747673807690, 8837259590742, 28423008894139


Defined by a chi-inequality greedy algorithm.
1, 2, 4, 6, 9, 12, 15, 18, 21, 24, 28, 32, 36, 40, 45, 50, 55, 60, 65, 70, 75, 80, 85, 90, 96, 102, 108, 114, 120, 126, 133, 140, 147, 154, 161, 168, 176, 184, 192, 200, 208, 216, 225, 234, 243, 252, 261, 270, 280, 290, 300, 310, 320, 330, 341, 352, 363, 374, 385


Engel expansion of 1/Pi.
4, 4, 11, 45, 70, 1111, 4423, 5478, 49340, 94388, 200677, 308749, 708066, 711391, 1113024, 4342375, 4529119, 8061070, 12060867, 56215509, 69737317, 124001030, 214920537, 471564389, 891380746, 4293367334, 5031151602, 9832878719, 15034446439, 15481444638


Alternating Egyptian fraction expansion of Pi-3.
7, 790, 749896, 1270073831726, 3264508855407706377676178, 18710490702451568752627532846550947209438603938993


Alternating Engel expansion of Pi.
3, 7, 112, 115, 157, 372, 432, 1340, 7034, 8396, 9200, 18846, 29558, 34050, 89754, 101768, 1361737, 48461857, 81164005, 145676139, 163820009, 182446527, 5021656281, 8401618827, 22255558907


Denominators of sign-alternating Egyptian fraction expansion of e-2.
1, 3, 19, 983, 1140455, 25739184407616, 687786653376698575362597850, 531547061991816754123214108000546228669815660470108834


Expansion of inverse of 7th cyclotomic polynomial; period 7: repeat [1, -1, 0, 0, 0, 0, 0].
1, -1, 0, 0, 0, 0, 0, 1, -1, 0, 0, 0, 0, 0, 1, -1, 0, 0, 0, 0, 0, 1, -1, 0, 0, 0, 0, 0, 1, -1, 0, 0, 0, 0, 0, 1, -1, 0, 0, 0, 0, 0, 1, -1, 0, 0, 0, 0, 0, 1, -1, 0, 0, 0, 0, 0, 1, -1, 0, 0, 0, 0, 0, 1, -1, 0, 0, 0, 0, 0, 1, -1, 0, 0, 0, 0, 0, 1, -1, 0, 0


Inverse of 8th cyclotomic polynomial.
1, 0, 0, 0, -1, 0, 0, 0, 1, 0, 0, 0, -1, 0, 0, 0, 1, 0, 0, 0, -1, 0, 0, 0, 1, 0, 0, 0, -1, 0, 0, 0, 1, 0, 0, 0, -1, 0, 0, 0, 1, 0, 0, 0, -1, 0, 0, 0, 1, 0, 0, 0, -1, 0, 0, 0, 1, 0, 0, 0, -1, 0, 0, 0, 1, 0, 0, 0, -1, 0, 0, 0, 1, 0, 0, 0, -1, 0, 0, 0, 1


Inverse of 9th cyclotomic polynomial.
1, 0, 0, -1, 0, 0, 0, 0, 0, 1, 0, 0, -1, 0, 0, 0, 0, 0, 1, 0, 0, -1, 0, 0, 0, 0, 0, 1, 0, 0, -1, 0, 0, 0, 0, 0, 1, 0, 0, -1, 0, 0, 0, 0, 0, 1, 0, 0, -1, 0, 0, 0, 0, 0, 1, 0, 0, -1, 0, 0, 0, 0, 0, 1, 0, 0, -1, 0, 0, 0, 0, 0, 1, 0, 0, -1, 0, 0, 0, 0, 0


Inverse of 10th cyclotomic polynomial.
1, 1, 0, 0, 0, -1, -1, 0, 0, 0, 1, 1, 0, 0, 0, -1, -1, 0, 0, 0, 1, 1, 0, 0, 0, -1, -1, 0, 0, 0, 1, 1, 0, 0, 0, -1, -1, 0, 0, 0, 1, 1, 0, 0, 0, -1, -1, 0, 0, 0, 1, 1, 0, 0, 0, -1, -1, 0, 0, 0, 1, 1, 0, 0, 0, -1, -1, 0, 0, 0, 1, 1, 0, 0, 0, -1, -1, 0, 0, 0, 1


Inverse of 11th cyclotomic polynomial.
1, -1, 0, 0, 0, 0, 0, 0, 0, 0, 0, 1, -1, 0, 0, 0, 0, 0, 0, 0, 0, 0, 1, -1, 0, 0, 0, 0, 0, 0, 0, 0, 0, 1, -1, 0, 0, 0, 0, 0, 0, 0, 0, 0, 1, -1, 0, 0, 0, 0, 0, 0, 0, 0, 0, 1, -1, 0, 0, 0, 0, 0, 0, 0, 0, 0, 1, -1, 0, 0, 0, 0, 0, 0, 0, 0, 0, 1, -1, 0, 0


Inverse of 12th cyclotomic polynomial.
1, 0, 1, 0, 0, 0, -1, 0, -1, 0, 0, 0, 1, 0, 1, 0, 0, 0, -1, 0, -1, 0, 0, 0, 1, 0, 1, 0, 0, 0, -1, 0, -1, 0, 0, 0, 1, 0, 1, 0, 0, 0, -1, 0, -1, 0, 0, 0, 1, 0, 1, 0, 0, 0, -1, 0, -1, 0, 0, 0, 1, 0, 1, 0, 0, 0, -1, 0, -1, 0, 0, 0, 1, 0, 1, 0, 0, 0, -1, 0, -1


Inverse of 13th cyclotomic polynomial.
1, -1, 0, 0, 0, 0, 0, 0, 0, 0, 0, 0, 0, 1, -1, 0, 0, 0, 0, 0, 0, 0, 0, 0, 0, 0, 1, -1, 0, 0, 0, 0, 0, 0, 0, 0, 0, 0, 0, 1, -1, 0, 0, 0, 0, 0, 0, 0, 0, 0, 0, 0, 1, -1, 0, 0, 0, 0, 0, 0, 0, 0, 0, 0, 0, 1, -1, 0, 0, 0, 0, 0, 0, 0, 0, 0, 0, 0, 1, -1, 0


Inverse of 14th cyclotomic polynomial.
1, 1, 0, 0, 0, 0, 0, -1, -1, 0, 0, 0, 0, 0, 1, 1, 0, 0, 0, 0, 0, -1, -1, 0, 0, 0, 0, 0, 1, 1, 0, 0, 0, 0, 0, -1, -1, 0, 0, 0, 0, 0, 1, 1, 0, 0, 0, 0, 0, -1, -1, 0, 0, 0, 0, 0, 1, 1, 0, 0, 0, 0, 0, -1, -1, 0, 0, 0, 0, 0, 1, 1, 0, 0, 0, 0, 0, -1, -1, 0, 0


Inverse of 15th cyclotomic polynomial.
1, 1, 1, 0, 0, -1, -1, -1, 0, 0, 0, 0, 0, 0, 0, 1, 1, 1, 0, 0, -1, -1, -1, 0, 0, 0, 0, 0, 0, 0, 1, 1, 1, 0, 0, -1, -1, -1, 0, 0, 0, 0, 0, 0, 0, 1, 1, 1, 0, 0, -1, -1, -1, 0, 0, 0, 0, 0, 0, 0, 1, 1, 1, 0, 0, -1, -1, -1, 0, 0, 0, 0, 0, 0, 0, 1, 1, 1, 0, 0, -1


Expansion of the inverse of the 16th cyclotomic polynomial.
1, 0, 0, 0, 0, 0, 0, 0, -1, 0, 0, 0, 0, 0, 0, 0, 1, 0, 0, 0, 0, 0, 0, 0, -1, 0, 0, 0, 0, 0, 0, 0, 1, 0, 0, 0, 0, 0, 0, 0, -1, 0, 0, 0, 0, 0, 0, 0, 1, 0, 0, 0, 0, 0, 0, 0, -1, 0, 0, 0, 0, 0, 0, 0, 1, 0, 0, 0, 0, 0, 0, 0, -1, 0, 0, 0, 0, 0, 0, 0, 1, 0, 0, 0, 0, 0, 0, 0, -1, 0, 0, 0, 0, 0, 0, 0, 1, 0, 0


Inverse of 17th cyclotomic polynomial.
1, -1, 0, 0, 0, 0, 0, 0, 0, 0, 0, 0, 0, 0, 0, 0, 0, 1, -1, 0, 0, 0, 0, 0, 0, 0, 0, 0, 0, 0, 0, 0, 0, 0, 1, -1, 0, 0, 0, 0, 0, 0, 0, 0, 0, 0, 0, 0, 0, 0, 0, 1, -1, 0, 0, 0, 0, 0, 0, 0, 0, 0, 0, 0, 0, 0, 0, 0, 1, -1, 0, 0, 0, 0, 0, 0, 0, 0, 0, 0, 0


Inverse of 18th cyclotomic polynomial.
1, 0, 0, 1, 0, 0, 0, 0, 0, -1, 0, 0, -1, 0, 0, 0, 0, 0, 1, 0, 0, 1, 0, 0, 0, 0, 0, -1, 0, 0, -1, 0, 0, 0, 0, 0, 1, 0, 0, 1, 0, 0, 0, 0, 0, -1, 0, 0, -1, 0, 0, 0, 0, 0, 1, 0, 0, 1, 0, 0, 0, 0, 0, -1, 0, 0, -1, 0, 0, 0, 0, 0, 1, 0, 0, 1, 0, 0, 0, 0, 0


Inverse of 19th cyclotomic polynomial.
1, -1, 0, 0, 0, 0, 0, 0, 0, 0, 0, 0, 0, 0, 0, 0, 0, 0, 0, 1, -1, 0, 0, 0, 0, 0, 0, 0, 0, 0, 0, 0, 0, 0, 0, 0, 0, 0, 1, -1, 0, 0, 0, 0, 0, 0, 0, 0, 0, 0, 0, 0, 0, 0, 0, 0, 0, 1, -1, 0, 0, 0, 0, 0, 0, 0, 0, 0, 0, 0, 0, 0, 0, 0, 0, 0, 1, -1, 0, 0, 0


Inverse of 20th cyclotomic polynomial.
1, 0, 1, 0, 0, 0, 0, 0, 0, 0, -1, 0, -1, 0, 0, 0, 0, 0, 0, 0, 1, 0, 1, 0, 0, 0, 0, 0, 0, 0, -1, 0, -1, 0, 0, 0, 0, 0, 0, 0, 1, 0, 1, 0, 0, 0, 0, 0, 0, 0, -1, 0, -1, 0, 0, 0, 0, 0, 0, 0, 1, 0, 1, 0, 0, 0, 0, 0, 0, 0, -1, 0, -1, 0, 0, 0, 0, 0, 0, 0, 1


Inverse of 21st cyclotomic polynomial.
1, 1, 1, 0, 0, 0, 0, -1, -1, -1, 0, 0, 0, 0, 0, 0, 0, 0, 0, 0, 0, 1, 1, 1, 0, 0, 0, 0, -1, -1, -1, 0, 0, 0, 0, 0, 0, 0, 0, 0, 0, 0, 1, 1, 1, 0, 0, 0, 0, -1, -1, -1, 0, 0, 0, 0, 0, 0, 0, 0, 0, 0, 0, 1, 1, 1, 0, 0, 0, 0, -1, -1, -1, 0, 0, 0, 0, 0, 0, 0, 0


Inverse of 22nd cyclotomic polynomial.
1, 1, 0, 0, 0, 0, 0, 0, 0, 0, 0, -1, -1, 0, 0, 0, 0, 0, 0, 0, 0, 0, 1, 1, 0, 0, 0, 0, 0, 0, 0, 0, 0, -1, -1, 0, 0, 0, 0, 0, 0, 0, 0, 0, 1, 1, 0, 0, 0, 0, 0, 0, 0, 0, 0, -1, -1, 0, 0, 0, 0, 0, 0, 0, 0, 0, 1, 1, 0, 0, 0, 0, 0, 0, 0, 0, 0, -1, -1, 0, 0


Inverse of 23rd cyclotomic polynomial.
1, -1, 0, 0, 0, 0, 0, 0, 0, 0, 0, 0, 0, 0, 0, 0, 0, 0, 0, 0, 0, 0, 0, 1, -1, 0, 0, 0, 0, 0, 0, 0, 0, 0, 0, 0, 0, 0, 0, 0, 0, 0, 0, 0, 0, 0, 1, -1, 0, 0, 0, 0, 0, 0, 0, 0, 0, 0, 0, 0, 0, 0, 0, 0, 0, 0, 0, 0, 0, 1, -1, 0, 0, 0, 0, 0, 0, 0, 0, 0, 0


Inverse of 24th cyclotomic polynomial.
1, 0, 0, 0, 1, 0, 0, 0, 0, 0, 0, 0, -1, 0, 0, 0, -1, 0, 0, 0, 0, 0, 0, 0, 1, 0, 0, 0, 1, 0, 0, 0, 0, 0, 0, 0, -1, 0, 0, 0, -1, 0, 0, 0, 0, 0, 0, 0, 1, 0, 0, 0, 1, 0, 0, 0, 0, 0, 0, 0, -1, 0, 0, 0, -1, 0, 0, 0, 0, 0, 0, 0, 1, 0, 0, 0, 1, 0, 0, 0, 0


Inverse of 25th cyclotomic polynomial.
1, 0, 0, 0, 0, -1, 0, 0, 0, 0, 0, 0, 0, 0, 0, 0, 0, 0, 0, 0, 0, 0, 0, 0, 0, 1, 0, 0, 0, 0, -1, 0, 0, 0, 0, 0, 0, 0, 0, 0, 0, 0, 0, 0, 0, 0, 0, 0, 0, 0, 1, 0, 0, 0, 0, -1, 0, 0, 0, 0, 0, 0, 0, 0, 0, 0, 0, 0, 0, 0, 0, 0, 0, 0, 0, 1, 0, 0, 0, 0, -1


Inverse of 26th cyclotomic polynomial.
1, 1, 0, 0, 0, 0, 0, 0, 0, 0, 0, 0, 0, -1, -1, 0, 0, 0, 0, 0, 0, 0, 0, 0, 0, 0, 1, 1, 0, 0, 0, 0, 0, 0, 0, 0, 0, 0, 0, -1, -1, 0, 0, 0, 0, 0, 0, 0, 0, 0, 0, 0, 1, 1, 0, 0, 0, 0, 0, 0, 0, 0, 0, 0, 0, -1, -1, 0, 0, 0, 0, 0, 0, 0, 0, 0, 0, 0, 1, 1, 0


Inverse of 27th cyclotomic polynomial.
1, 0, 0, 0, 0, 0, 0, 0, 0, -1, 0, 0, 0, 0, 0, 0, 0, 0, 0, 0, 0, 0, 0, 0, 0, 0, 0, 1, 0, 0, 0, 0, 0, 0, 0, 0, -1, 0, 0, 0, 0, 0, 0, 0, 0, 0, 0, 0, 0, 0, 0, 0, 0, 0, 1, 0, 0, 0, 0, 0, 0, 0, 0, -1, 0, 0, 0, 0, 0, 0, 0, 0, 0, 0, 0, 0, 0, 0, 0, 0, 0


