b(n) - c(n) where b(n) is the n-th Fibonacci number greater than 2 and c(n) is the n-th number not in sequence b( ).
2, 3, 4, 7, 14, 25, 45, 78, 132, 219, 362, 594, 970, 1579, 2565, 4161, 6743, 10923, 17687, 28632, 46342, 74998, 121365, 196389, 317781, 514198, 832008, 1346236, 2178274, 3524542, 5702850, 9227427


b(n) - c(n) where b(n) is the n-th Lucas number greater than 3 and c(n) is the n-th number not in sequence b( ).
3, 5, 8, 13, 23, 39, 67, 113, 187, 309, 507, 828, 1348, 2190, 3552, 5758, 9328, 15105, 24453, 39579, 64054, 103656, 167734, 271415, 439174, 710616, 1149819, 1860465, 3010315, 7881160


a(n) = b(n)^2, where b(n) = b(n-1)^2 + b(n-2)^2 (<a href="/A000283" title="a(n) = a(n-1)^2 + a(n-2)^2, a(0) = 0, a(1) = 1.">A000283</a>).
0, 1, 1, 4, 25, 841, 749956, 563696135209, 317754178344723197077225, 100967717855888389973004528722798800700252204356


Liponombres: numbers whose French name does not contain the letter &quot;e&quot;.
1, 3, 5, 6, 8, 10, 18, 20, 23, 25, 26, 28, 1000000, 1000001, 1000003, 1000005, 1000006, 1000008, 1000010, 1000018, 1000020, 1000023, 1000025, 1000026, 1000028, 3000000, 3000001, 3000003, 3000005, 3000006, 3000008, 3000010


Expansion of (1+2*x+3*x^2)/((1-x)*(1-x^2)^2).
1, 3, 8, 12, 21, 27, 40, 48, 65, 75, 96, 108, 133, 147, 176, 192, 225, 243, 280, 300, 341, 363, 408, 432, 481, 507, 560, 588, 645, 675, 736, 768, 833, 867, 936, 972, 1045, 1083, 1160, 1200, 1281, 1323, 1408, 1452, 1541, 1587, 1680, 1728, 1825, 1875, 1976, 2028


Inverse of 247th cyclotomic polynomial.
1, 1, 1, 1, 1, 1, 1, 1, 1, 1, 1, 1, 1, 0, 0, 0, 0, 0, 0, -1, -1, -1, -1, -1, -1, -1, -1, -1, -1, -1, -1, -1, 0, 0, 0, 0, 0, 0, 0, 0, 0, 0, 0, 0, 0, 0, 0, 0, 0, 0, 0, 0, 0, 0, 0, 0, 0, 0, 0, 0, 0, 0, 0, 0, 0, 0, 0, 0, 0, 0, 0, 0, 0, 0, 0, 0, 0, 0, 0, 0, 0


Product of digits of 2^n.
1, 2, 4, 8, 6, 6, 24, 16, 60, 10, 0, 0, 0, 144, 576, 2016, 2700, 0, 384, 5120, 0, 0, 0, 0, 24696, 21600, 0, 18816, 691200, 0, 0, 1032192, 11757312, 27993600, 6096384, 39191040, 64012032, 15240960


Iccanobif numbers: add previous two terms and reverse the sum.
0, 1, 1, 2, 3, 5, 8, 31, 93, 421, 415, 638, 3501, 9314, 51821, 53116, 739401, 715297, 8964541, 8389769, 1345371, 415379, 570671, 50689, 63126, 518311, 734185, 6942521, 6076767, 88291031, 89776349, 83760871, 22735371, 242694601


Iccanobif numbers: add reversal of a(n-1) to a(n-2).
0, 1, 1, 2, 3, 5, 8, 13, 39, 106, 640, 152, 891, 350, 944, 799, 1941, 2290, 2863, 5972, 5658, 14537, 79199, 113734, 516510, 129349, 1460431, 1469990, 2460072, 4170632, 4820786, 11040916, 66724797, 90783682, 95363506, 151320041, 235386657


Iccanobif numbers: add a(n-1) to reversal of a(n-2).
0, 1, 1, 2, 3, 5, 8, 13, 21, 52, 64, 89, 135, 233, 764, 1096, 1563, 8464, 12115, 16763, 67884, 104645, 153521, 699922, 825273, 1055269, 1427797, 11053298, 19030539, 108265550, 201768641, 257331442, 404198544, 648332296, 1094223700


Numbers that contain odd digits only.
1, 3, 5, 7, 9, 11, 13, 15, 17, 19, 31, 33, 35, 37, 39, 51, 53, 55, 57, 59, 71, 73, 75, 77, 79, 91, 93, 95, 97, 99, 111, 113, 115, 117, 119, 131, 133, 135, 137, 139, 151, 153, 155, 157, 159, 171, 173, 175, 177, 179, 191, 193, 195, 197, 199, 311, 313, 315, 317, 319


Inverse of 253rd cyclotomic polynomial.
1, 1, 1, 1, 1, 1, 1, 1, 1, 1, 1, 0, 0, 0, 0, 0, 0, 0, 0, 0, 0, 0, 0, -1, -1, -1, -1, -1, -1, -1, -1, -1, -1, -1, 0, 0, 0, 0, 0, 0, 0, 0, 0, 0, 0, 0, 0, 0, 0, 0, 0, 0, 0, 0, 0, 0, 0, 0, 0, 0, 0, 0, 0, 0, 0, 0, 0, 0, 0, 0, 0, 0, 0, 0, 0, 0, 0, 0, 0, 0, 0


Numbers that contain even digits only.
0, 2, 4, 6, 8, 20, 22, 24, 26, 28, 40, 42, 44, 46, 48, 60, 62, 64, 66, 68, 80, 82, 84, 86, 88, 200, 202, 204, 206, 208, 220, 222, 224, 226, 228, 240, 242, 244, 246, 248, 260, 262, 264, 266, 268, 280, 282, 284, 286, 288, 400, 402, 404, 406, 408, 420, 422, 424


Inverse of 255th cyclotomic polynomial.
1, -1, 0, 1, -1, 1, 0, -1, 1, 0, 0, 0, 0, 0, 0, 0, 0, 1, -1, 0, 1, -1, 1, 0, -1, 1, 0, 0, 0, 0, 0, 0, 0, 0, 1, -1, 0, 1, -1, 1, 0, -1, 1, 0, 0, 0, 0, 0, 0, 0, 0, 0, 0, 0, 0, 0, 0, 0, 0, 0, 0, 0, 0, 0, 0, 0, 0, 0, 0, 0, 0, 0, 0, 0, 0, 0, 0, 0, 0, 0, 0


Number of trees on n nodes with forbidden limbs.
0, 1, 1, 1, 2, 2, 4, 7, 15, 30, 68, 146, 340, 786, 1878, 4507, 11045, 27220, 67956, 170766, 432818, 1103539, 2831814, 7303966, 18934866, 49302321, 128910528, 338329555, 891099316, 2354613762, 6240696052, 16587146598, 44203851675, 118093003229


Number of trees on n nodes with forbidden limbs.
0, 1, 1, 1, 2, 2, 4, 7, 16, 30, 68


Number of rooted trees on n nodes with forbidden limbs.
0, 1, 1, 2, 4, 9, 20, 47, 112, 279, 701, 1794, 4636, 12130, 31987, 85062, 227673, 613126, 1659712, 4514249, 12329670, 33804673, 93001852, 256667215, 710381240, 1971312184, 5483656721, 15288227949, 42711458197, 119555284629, 335253287132


Inverse of 259th cyclotomic polynomial.
1, 1, 1, 1, 1, 1, 1, 0, 0, 0, 0, 0, 0, 0, 0, 0, 0, 0, 0, 0, 0, 0, 0, 0, 0, 0, 0, 0, 0, 0, 0, 0, 0, 0, 0, 0, 0, -1, -1, -1, -1, -1, -1, -1, 0, 0, 0, 0, 0, 0, 0, 0, 0, 0, 0, 0, 0, 0, 0, 0, 0, 0, 0, 0, 0, 0, 0, 0, 0, 0, 0, 0, 0, 0, 0, 0, 0, 0, 0, 0, 0


Inverse of 260th cyclotomic polynomial.
1, 0, -1, 0, 1, 0, -1, 0, 1, 0, 0, 0, 0, 0, 0, 0, 0, 0, 0, 0, 0, 0, 0, 0, 0, 0, 1, 0, -1, 0, 1, 0, -1, 0, 1, 0, 0, 0, 0, 0, 0, 0, 0, 0, 0, 0, 0, 0, 0, 0, 0, 0, 0, 0, 0, 0, 0, 0, 0, 0, 0, 0, 0, 0, 0, 0, 0, 0, 0, 0, 0, 0, 0, 0, 0, 0, 0, 0, 0, 0, 0


Number of trees on n nodes with forbidden limbs.
0, 1, 1, 1, 2, 3, 6, 10, 21, 45, 100, 223, 522, 1234, 2997, 7344, 18325, 46098, 117340, 300935, 778249, 2025542, 5305684, 13972364, 36985033, 98344160, 262612283, 703971120, 1893895747, 5112056798, 13841346542, 37584596256, 102331837104, 279322502700, 764238954757, 2095651789775, 5758646716947, 15855576055018, 43737831483597


Number of trees on n nodes with forbidden limbs.
0, 1, 2, 5, 18, 70, 282, 1189, 5144, 22804, 102908, 471477, 2186648, 10247609, 48449798, 230819691, 1106961890, 5339801036, 25891658674, 126123321469, 616916700222, 3028854625890, 14921089624916, 73733085073247, 365384562116904, 1815365194118833


Number of trees on n nodes with forbidden limbs.
0, 1, 1, 2, 4, 14, 45, 165, 614, 2420, 9782, 40721, 172854, 747625, 3281033, 14588999, 65592358, 297820064, 1363972446, 6295216621, 29256113070, 136814371958, 643430589703, 3041643631339, 14446433252944, 68911476411569, 330030134676707, 1586412426225015, 7651783461702750, 37024499137803700


Number of trees on n nodes with forbidden limbs.
0, 1, 2, 5, 19, 73, 297, 1256, 5467, 24368, 110610, 509715, 2377978, 11210451, 53318599, 255537199, 1232866889, 5982965779, 29185293329, 143026402189, 703829126231, 3476496240860, 17230140895115, 85659915381510, 427065111704502, 2134705956413458


Number of trees on n nodes with forbidden limbs.
0, 1, 1, 1, 5, 15, 50, 180, 676, 2666, 10831, 45263, 193097, 839305, 3702793, 16552491, 74829186, 341652547, 1573557441, 7303953109, 34139363401, 160575404720, 759577584604, 3611720900930, 17254901764792, 82793934434748, 398862862215977, 1928661772504001, 9357906461877107, 45549820100444687


Inverse of 266th cyclotomic polynomial.
1, -1, 1, -1, 1, -1, 1, 0, 0, 0, 0, 0, 0, 0, 0, 0, 0, 0, 0, 1, -1, 1, -1, 1, -1, 1, 0, 0, 0, 0, 0, 0, 0, 0, 0, 0, 0, 0, 0, 0, 0, 0, 0, 0, 0, 0, 0, 0, 0, 0, 0, 0, 0, 0, 0, 0, 0, 0, 0, 0, 0, 0, 0, 0, 0, 0, 0, 0, 0, 0, 0, 0, 0, 0, 0, 0, 0, 0, 0, 0, 0


Number of directed rooted trees on n nodes with forbidden limbs.
0, 1, 3, 15, 82, 495, 3144, 20874, 142766, 1000083, 7136463, 51699614, 379214625, 2810720045, 21018835670, 158389275075, 1201541422730, 9168456492986, 70324572634341, 541910543713685, 4193257236992896, 32568879336517050, 253822497160605899, 1984276479881989537, 15556238037968354214, 122274773948426045945


Erroneous version of <a href="/A269484" title="Number of trees on n nodes with 2 forbidden limbs of sizes 7 and 8.">A269484</a>.
0, 1, 2, 6, 25, 114, 591, 3297, 19528, 120670, 7712276, 5061164, 33940023


Number of trees on n nodes with 3 forbidden limbs of size 4, 5 and 6.
0, 1, 1, 2, 3, 6, 12, 30, 67, 159, 381, 929, 2282, 5680, 14241, 36009, 91611, 234512, 603330, 1559582, 4047956, 10546556, 27570983, 72301171, 190136444, 501323021, 1324981299, 3509660618, 9315633928, 24773632117, 65999430834, 176121938800, 470720836811, 1259936118810, 3376997883966, 9063076063854


Number of trees on n nodes with forbidden limbs.
0, 1, 1, 1, 1, 1, 2, 6, 10, 20, 44, 93, 207, 468, 1085, 2533, 6028, 14447, 35044, 85603, 210846, 522471, 1302878, 3265540, 8225968, 20811621, 52871283, 134818074, 344980825, 885594103, 2280242386, 5887628644, 15241879904, 39555061929, 102888822104, 268211468560, 700610325830, 1833649443782, 4807859710218, 12628194814355, 33223584816956


Number of trees on n nodes with 3 forbidden limbs of size 4, 5 and 6.
0, 1, 1, 2, 3, 6, 12, 28, 64, 152, 363, 883, 2165, 5375, 13439, 33885, 85960, 219398, 562768, 1450356, 3753054, 9748390, 25406262, 66419263, 174128256, 457690900, 1205900244, 3184274398, 8425557609, 22336457078, 59319973057


Number of trees on n nodes with forbidden limbs.
0, 1, 1, 1, 1, 2, 3, 4, 9, 18, 40, 84, 189, 425, 986, 2298, 5465, 13072, 31661, 77173, 189697, 468969, 1166720, 2916983, 7329321, 18494428, 46859177, 119161865, 304076055, 778399130, 1998552928, 5145515877, 13282204144, 34368982552, 89136810772


Inverse of 273rd cyclotomic polynomial.
1, -1, 0, 1, -1, 0, 1, 0, -1, 1, 0, -1, 1, 1, -1, 0, 1, -1, 0, 1, 0, -1, 1, 0, -1, 1, 1, -1, 0, 1, -1, 0, 1, 0, -1, 1, 0, -1, 1, 0, 0, 0, 0, 0, 0, 0, 0, 0, 0, 0, 0, 0, 0, 0, 0, 0, 0, 0, 0, 0, 0, 0, 0, 0, 0, 0, 0, 0, 0, 0, 0, 0, 0, 0, 0, 0, 0, 0, 0, 0, 0


a(n) = Fibonacci(n) - n^2.
0, 0, -3, -7, -13, -20, -28, -36, -43, -47, -45, -32, 0, 64, 181, 385, 731, 1308, 2260, 3820, 6365, 10505, 17227, 28128, 45792, 74400, 120717, 195689, 317027, 513388, 831140, 1345308, 2177285, 3523489, 5701731, 9226240


Partial sums of primes, if 1 is regarded as a prime (as it was until quite recently, see <a href="/A008578" title="Prime numbers at the beginning of the 20th century (today 1 is no longer regarded as a prime).">A008578</a>).
1, 3, 6, 11, 18, 29, 42, 59, 78, 101, 130, 161, 198, 239, 282, 329, 382, 441, 502, 569, 640, 713, 792, 875, 964, 1061, 1162, 1265, 1372, 1481, 1594, 1721, 1852, 1989, 2128, 2277, 2428, 2585, 2748, 2915, 3088, 3267, 3448, 3639, 3832, 4029


Sum i*prime(i), i=1..n.
2, 8, 23, 51, 106, 184, 303, 455, 662, 952, 1293, 1737, 2270, 2872, 3577, 4425, 5428, 6526, 7799, 9219, 10752, 12490, 14399, 16535, 18960, 21586, 24367, 27363, 30524, 33914, 37851, 42043, 46564, 51290, 56505, 61941, 67750, 73944, 80457


a(n) = Sum_{i=0..n} i*Fibonacci(i).
0, 1, 3, 9, 21, 46, 94, 185, 353, 659, 1209, 2188, 3916, 6945, 12223, 21373, 37165, 64314, 110826, 190265, 325565, 555431, 945073, 1604184, 2717016, 4592641, 7748859, 13052145, 21950853, 36863494, 61824694, 103559033, 173264921, 289575995, 483474153


Value of the name of n as a Roman number, keeping only relevant letters, zero if none (v=u). French version.
5, 5, 1, 5, 101, 9, 0, 6, 5, 509, 0, 505, 1, 5, 6, 1, 509, 515, 514, 6


a(n) = floor(Sum_{k=0..n} k!/2), or floor( <a href="/A003422" title="Left factorials: !n = Sum_{k=0..n-1} k!.">A003422</a>(n+1)/2 ).
0, 1, 2, 5, 17, 77, 437, 2957, 23117, 204557, 2018957, 21977357, 261478157, 3374988557, 46964134157, 700801318157, 11162196262157, 189005910310157, 3390192763174157, 64212742967590157, 1280663747055910157, 26826134832910630157, 588826498721714470157


Inverse of 280th cyclotomic polynomial.
1, 0, 0, 0, -1, 0, 0, 0, 1, 0, 0, 0, -1, 0, 0, 0, 1, 0, 0, 0, 0, 0, 0, 0, 0, 0, 0, 0, 1, 0, 0, 0, -1, 0, 0, 0, 1, 0, 0, 0, -1, 0, 0, 0, 1, 0, 0, 0, 0, 0, 0, 0, 0, 0, 0, 0, 0, 0, 0, 0, 0, 0, 0, 0, 0, 0, 0, 0, 0, 0, 0, 0, 0, 0, 0, 0, 0, 0, 0, 0, 0


Submitted to the OEIS as &quot;Seen on a billboard in England, definition unknown&quot;.
2, 4, 9, 16, 15


Imaginary Rabbits: imaginary part of a(0)=I; a(1)=-I; a(n)=a(n-1)+I*a(n-2).
1, -1, -1, -1, -2, -2, -1, 1, 5, 11, 18, 24, 25, 15, -13, -65, -142, -234, -313, -327, -199, 163, 838, 1840, 3041, 4079, 4279, 2639, -2042, -10802, -23841, -39519, -53155, -55989, -34982, 25544, 139225, 308895, 513547, 692655


a(0) = a(1) = 0, a(2) = 1, a(3) = 2; for n &gt;= 4, a(n)=2*a(n-1)-a(n-2)-a(n-4).
0, 0, 1, 2, 3, 4, 4, 2, -3, -12, -25, -40, -52, -52, -27, 38, 155, 324, 520, 678, 681, 360, -481, -2000, -4200, -6760, -8839, -8918, -4797, 6084, 25804, 54442, 87877, 115228, 116775, 63880, -76892, -332892, -705667, -1142322


n^(n+1)-n+1.
1, 1, 7, 79, 1021, 15621, 279931, 5764795, 134217721, 3486784393, 99999999991, 3138428376711, 106993205379061, 3937376385699277, 155568095557812211, 6568408355712890611, 295147905179352825841, 14063084452067724990993


Inverse of 285th cyclotomic polynomial.
1, -1, 0, 1, -1, 1, 0, -1, 1, 0, 0, 0, 0, 0, 0, 0, 0, 0, 0, 1, -1, 0, 1, -1, 1, 0, -1, 1, 0, 0, 0, 0, 0, 0, 0, 0, 0, 0, 1, -1, 0, 1, -1, 1, 0, -1, 1, 0, 0, 0, 0, 0, 0, 0, 0, 0, 0, 0, 0, 0, 0, 0, 0, 0, 0, 0, 0, 0, 0, 0, 0, 0, 0, 0, 0, 0, 0, 0, 0, 0, 0


Inverse of 286th cyclotomic polynomial.
1, -1, 1, -1, 1, -1, 1, -1, 1, -1, 1, 0, 0, 1, -1, 1, -1, 1, -1, 1, -1, 1, -1, 1, 0, 0, 0, 0, 0, 0, 0, 0, 0, 0, 0, 0, 0, 0, 0, 0, 0, 0, 0, 0, 0, 0, 0, 0, 0, 0, 0, 0, 0, 0, 0, 0, 0, 0, 0, 0, 0, 0, 0, 0, 0, 0, 0, 0, 0, 0, 0, 0, 0, 0, 0, 0, 0, 0, 0, 0, 0


Inverse of 287th cyclotomic polynomial.
1, 1, 1, 1, 1, 1, 1, 0, 0, 0, 0, 0, 0, 0, 0, 0, 0, 0, 0, 0, 0, 0, 0, 0, 0, 0, 0, 0, 0, 0, 0, 0, 0, 0, 0, 0, 0, 0, 0, 0, 0, -1, -1, -1, -1, -1, -1, -1, 0, 0, 0, 0, 0, 0, 0, 0, 0, 0, 0, 0, 0, 0, 0, 0, 0, 0, 0, 0, 0, 0, 0, 0, 0, 0, 0, 0, 0, 0, 0, 0, 0


a(n) = n! * C(n+2, 2) * 2^(n+1).
2, 12, 96, 960, 11520, 161280, 2580480, 46448640, 928972800, 20437401600, 490497638400, 12752938598400, 357082280755200, 10712468422656000, 342798989524992000, 11655165643849728000, 419585963178590208000, 15944266600786427904000, 637770664031457116160000


2^n * (3n)! / (2n+1)!.
1, 2, 24, 576, 21120, 1048320, 65802240, 5000970240, 446557224960, 45830873088000, 5316381278208000, 687893507997696000, 98231192942070988800, 15345895252950201139200, 2603510504983275503616000


Inverse of 290th cyclotomic polynomial.
1, -1, 1, -1, 1, 0, 0, 0, 0, 0, 0, 0, 0, 0, 0, 0, 0, 0, 0, 0, 0, 0, 0, 0, 0, 0, 0, 0, 0, 1, -1, 1, -1, 1, 0, 0, 0, 0, 0, 0, 0, 0, 0, 0, 0, 0, 0, 0, 0, 0, 0, 0, 0, 0, 0, 0, 0, 0, 0, 0, 0, 0, 0, 0, 0, 0, 0, 0, 0, 0, 0, 0, 0, 0, 0, 0, 0, 0, 0, 0, 0


Number of nodes of odd outdegree in all ordered rooted (planar) trees with n edges.
1, 2, 7, 24, 86, 314, 1163, 4352, 16414, 62292, 237590, 909960, 3497248, 13480826, 52097267, 201780224, 783051638, 3044061116, 11851853042, 46208337584, 180383564228, 704961896036, 2757926215742, 10799653176704, 42326626862636, 166021623024584, 651683311373788


Number of internal nodes of even outdegree in all ordered rooted trees with n edges.
0, 1, 3, 11, 40, 148, 553, 2083, 7896, 30086, 115126, 442118, 1703052, 6577474, 25461493, 98759971, 383751472, 1493506534, 5820778858, 22714926826, 88745372992, 347087585824, 1358789148058, 5324148664846, 20878676356240, 81937643449468, 321786401450268


a(n) = prime(n)*(prime(n-1)-1)/2.
5, 14, 33, 65, 102, 152, 207, 319, 434, 555, 738, 860, 987, 1219, 1534, 1769, 2010, 2343, 2555, 2844, 3237, 3649, 4268, 4848, 5150, 5457, 5777, 6102, 7112, 8253, 8905, 9452, 10281, 11174, 11775, 12714, 13527, 14359, 15394, 16109, 17190, 18335, 18912, 19502


Prime(n)*(prime(n+1)-1)/2.
2, 6, 15, 35, 66, 104, 153, 209, 322, 435, 558, 740, 861, 989, 1222, 1537, 1770, 2013, 2345, 2556, 2847, 3239, 3652, 4272, 4850, 5151, 5459, 5778, 6104, 7119, 8255, 8908, 9453, 10286, 11175, 11778, 12717


Expansion of e.g.f. 1/sqrt(exp(x)*(2-exp(x))).
1, 0, 1, 3, 16, 105, 841, 7938, 86311, 1062435, 14605306, 221790723, 3687263581, 66609892440, 1299237505021, 27213601303983, 609223983928576, 14516520372130245, 366820998284761861, 9798039716677045218


Duplicate of <a href="/A023533" title="a(n) = 1 if n is of the form m(m+1)(m+2)/6, and 0 otherwise.">A023533</a>.
1, 1, 0, 0, 1, 0, 0, 0, 0, 0, 1, 0, 0, 0, 0, 0, 0, 0, 0, 0, 1, 0, 0, 0, 0, 0, 0, 0, 0, 0, 0, 0, 0


a(n) = 0 if n of form m(m+1)(m+2)/6, otherwise 1.
0, 0, 1, 1, 0, 1, 1, 1, 1, 1, 0, 1, 1, 1, 1, 1, 1, 1, 1, 1, 0, 1, 1, 1, 1, 1, 1, 1, 1, 1, 1, 1, 1, 1, 1, 0, 1, 1, 1, 1, 1, 1, 1, 1, 1, 1, 1, 1, 1, 1, 1, 1, 1, 1, 1, 1, 0, 1, 1, 1, 1, 1, 1, 1, 1, 1, 1, 1, 1, 1, 1, 1, 1, 1, 1, 1, 1, 1, 1, 1, 1, 1, 1, 1, 0, 1, 1, 1, 1, 1, 1, 1, 1, 1, 1, 1, 1, 1, 1


Expansion of sqrt( exp(x) / ( 2 - exp(x) )).
1, 1, 2, 7, 35, 226, 1787, 16717, 180560, 2211181, 30273047, 458186752, 7596317885, 136907048461, 2665084902482, 55726440112987, 1245661569161135, 29642264728189066, 748158516941653967, 19962900431638852297


Inverse of 299th cyclotomic polynomial.
1, 1, 1, 1, 1, 1, 1, 1, 1, 1, 1, 1, 1, 0, 0, 0, 0, 0, 0, 0, 0, 0, 0, -1, -1, -1, -1, -1, -1, -1, -1, -1, -1, -1, -1, -1, 0, 0, 0, 0, 0, 0, 0, 0, 0, 0, 0, 0, 0, 0, 0, 0, 0, 0, 0, 0, 0, 0, 0, 0, 0, 0, 0, 0, 0, 0, 0, 0, 0, 0, 0, 0, 0, 0, 0, 0, 0, 0, 0, 0, 0


(n+2)*(n+1)*(n^2+7*n-12)/24.
-1, 3, 15, 40, 84, 154, 258, 405, 605, 869, 1209, 1638, 2170, 2820, 3604, 4539, 5643, 6935, 8435, 10164, 12144, 14398, 16950, 19825, 23049, 26649, 30653, 35090, 39990, 45384, 51304, 57783, 64855, 72555


Inverse of 301st cyclotomic polynomial.
1, 1, 1, 1, 1, 1, 1, 0, 0, 0, 0, 0, 0, 0, 0, 0, 0, 0, 0, 0, 0, 0, 0, 0, 0, 0, 0, 0, 0, 0, 0, 0, 0, 0, 0, 0, 0, 0, 0, 0, 0, 0, 0, -1, -1, -1, -1, -1, -1, -1, 0, 0, 0, 0, 0, 0, 0, 0, 0, 0, 0, 0, 0, 0, 0, 0, 0, 0, 0, 0, 0, 0, 0, 0, 0, 0, 0, 0, 0, 0, 0


Numbers with exactly 3 ones in binary expansion.
7, 11, 13, 14, 19, 21, 22, 25, 26, 28, 35, 37, 38, 41, 42, 44, 49, 50, 52, 56, 67, 69, 70, 73, 74, 76, 81, 82, 84, 88, 97, 98, 100, 104, 112, 131, 133, 134, 137, 138, 140, 145, 146, 148, 152, 161, 162, 164, 168, 176, 193, 194, 196, 200, 208, 224, 259, 261, 262, 265, 266, 268, 273, 274, 276, 280, 289, 290, 292, 296, 304


Numbers with exactly 4 ones in binary expansion.
15, 23, 27, 29, 30, 39, 43, 45, 46, 51, 53, 54, 57, 58, 60, 71, 75, 77, 78, 83, 85, 86, 89, 90, 92, 99, 101, 102, 105, 106, 108, 113, 114, 116, 120, 135, 139, 141, 142, 147, 149, 150, 153, 154, 156, 163, 165, 166, 169, 170, 172, 177, 178, 180, 184, 195, 197


Numbers with exactly 5 ones in binary expansion.
31, 47, 55, 59, 61, 62, 79, 87, 91, 93, 94, 103, 107, 109, 110, 115, 117, 118, 121, 122, 124, 143, 151, 155, 157, 158, 167, 171, 173, 174, 179, 181, 182, 185, 186, 188, 199, 203, 205, 206, 211, 213, 214, 217, 218, 220, 227, 229, 230, 233, 234, 236, 241, 242


Number of up steps in all length n left factors of Dyck paths.
0, 1, 3, 7, 17, 36, 82, 169, 373, 760, 1646, 3334, 7130, 14392, 30500, 61429, 129293, 260016, 544342, 1093546, 2279470, 4575736, 9504188, 19067162, 39486402, 79180816, 163561932, 327866764, 675791828, 1354258096, 2786074952, 5581844749, 11464229693, 22963817056, 47094437222, 94318519234, 193174606118


Number of permutations of squarefree monomials of degree n in n non-commutative variables that are compatible with a non-commutative monomial order (in the Groebner basis sense).
1, 2, 132, 10132883443872


Convolution of Catalan numbers and squares.
0, 1, 5, 15, 38, 93, 236, 641, 1869, 5779, 18663, 62179, 211909, 734651, 2581317, 9169247, 32867726, 118729269, 431756336, 1579232417, 5806059402, 21443620901, 79522304354, 295990940421, 1105391706392, 4140688363241, 15553731459744, 58573820469505


Inverse of 308th cyclotomic polynomial.
1, 0, -1, 0, 1, 0, -1, 0, 1, 0, -1, 0, 1, 0, 0, 0, 0, 0, 0, 0, 0, 0, 1, 0, -1, 0, 1, 0, -1, 0, 1, 0, -1, 0, 1, 0, 0, 0, 0, 0, 0, 0, 0, 0, 0, 0, 0, 0, 0, 0, 0, 0, 0, 0, 0, 0, 0, 0, 0, 0, 0, 0, 0, 0, 0, 0, 0, 0, 0, 0, 0, 0, 0, 0, 0, 0, 0, 0, 0, 0, 0


Convolution of Catalan numbers and powers of 2.
1, 3, 8, 21, 56, 154, 440, 1309, 4048, 12958, 42712, 144210, 496432, 1735764, 6145968, 21986781, 79331232, 288307254, 1054253208, 3875769606, 14315659632, 53097586284, 197677736208, 738415086066


Inverse of 310th cyclotomic polynomial.
1, -1, 1, -1, 1, 0, 0, 0, 0, 0, 0, 0, 0, 0, 0, 0, 0, 0, 0, 0, 0, 0, 0, 0, 0, 0, 0, 0, 0, 0, 0, 1, -1, 1, -1, 1, 0, 0, 0, 0, 0, 0, 0, 0, 0, 0, 0, 0, 0, 0, 0, 0, 0, 0, 0, 0, 0, 0, 0, 0, 0, 0, 0, 0, 0, 0, 0, 0, 0, 0, 0, 0, 0, 0, 0, 0, 0, 0, 0, 0, 0


The next new gap between successive primes.
1, 2, 4, 6, 8, 14, 10, 12, 18, 20, 22, 34, 24, 16, 26, 28, 30, 32, 36, 44, 42, 40, 52, 48, 38, 72, 50, 62, 54, 60, 58, 46, 56, 64, 68, 86, 66, 70, 78, 76, 82, 96, 112, 100, 74, 90, 84, 114, 80, 88, 98, 92, 106, 94, 118, 132, 104, 102, 110, 126, 120, 148, 108, 122, 138


The next new gap between successive odd primes (divided by 2).
1, 2, 3, 4, 7, 5, 6, 9, 10, 11, 17, 12, 8, 13, 14, 15, 16, 18, 22, 21, 20, 26, 24, 19, 36, 25, 31, 27, 30, 29, 23, 28, 32, 34, 43, 33, 35, 39, 38, 41, 48, 56, 50, 37, 45, 42, 57, 40, 44, 49, 46, 53, 47, 59, 66, 52, 51, 55, 63, 60, 74, 54, 61, 69, 64, 77, 65, 58, 73, 68, 62, 67


Convolution of Bell numbers with themselves.
1, 2, 5, 14, 44, 154, 595, 2518, 11591, 57672, 308368, 1762500, 10716321, 69011130, 468856113, 3348695194, 25064539520, 196052415230, 1598543907843, 13556379105766, 119332020447219, 1088376385244908, 10268343703117892, 100063762955374568, 1005822726810785809


Three-fold convolution of Bell numbers with themselves.
1, 3, 9, 28, 93, 333, 1289, 5394, 24366, 118526, 618924, 3456942, 20573391, 129951231, 867877107, 6106194478, 45109290477, 348836705235, 2816093142803, 23673989688810, 206794355179656, 1873232870155036, 17565534522745008, 170237112831874188


Inverse of 315th cyclotomic polynomial.
1, 0, 0, -1, 0, 0, 0, 0, 0, 1, 0, 0, -1, 0, 0, 1, 0, 0, 0, 0, 0, 0, 0, 0, 0, 0, 0, 0, 0, 0, 1, 0, 0, -1, 0, 0, 1, 0, 0, 0, 0, 0, 0, 0, 0, 0, 0, 0, 0, 0, 0, 1, 0, 0, -1, 0, 0, 1, 0, 0, 0, 0, 0, -1, 0, 0, 1, 0, 0, 0, 0, 0, 0, 0, 0, 0, 0, 0, 0, 0, 0


Four-fold convolution of Bell numbers with themselves.
1, 4, 14, 48, 169, 624, 2442, 10188, 45452, 217100, 1109914, 6064584, 35330715, 218788432, 1435302930, 9940062428, 72422364227, 553338786504, 4420324121772, 36820875272488, 319053830821880, 2869645346679368, 26739383194844404, 257682847299543248


Convolution of partition numbers and Bell numbers.
1, 2, 5, 12, 32, 95, 328, 1294, 5748, 28152, 149768, 856130, 5218107, 33712600, 229800588, 1646316230, 12355374717, 96861192976, 791258805462, 6720627186126, 59234364203973, 540812222400025, 5106663817693176, 49798678281859244, 500857393911224861


Convolution of Bell and Catalan numbers.
1, 2, 5, 14, 43, 143, 512, 1974, 8226, 37224, 183456, 984098, 5719900, 35767592, 238720688, 1688044543, 12568879291, 98065500372, 798734909795, 6771216844711, 59602783525634, 543665320690323, 5129940111134397, 49997388546860666, 502624275694700979


Inverse of 319th cyclotomic polynomial.
1, 1, 1, 1, 1, 1, 1, 1, 1, 1, 1, 0, 0, 0, 0, 0, 0, 0, 0, 0, 0, 0, 0, 0, 0, 0, 0, 0, 0, -1, -1, -1, -1, -1, -1, -1, -1, -1, -1, -1, 0, 0, 0, 0, 0, 0, 0, 0, 0, 0, 0, 0, 0, 0, 0, 0, 0, 0, 0, 0, 0, 0, 0, 0, 0, 0, 0, 0, 0, 0, 0, 0, 0, 0, 0, 0, 0, 0, 0, 0, 0


Convolution of partition numbers and Catalan numbers.
1, 2, 5, 12, 31, 84, 245, 752, 2413, 7991, 27104, 93605, 327886, 1161735, 4155323, 14982399, 54393829, 198666117, 729443563, 2690890444, 9968312790, 37066929338, 138304185107, 517646986719, 1942966098461, 7311862919106, 27582428518833, 104279585166245


Exponential convolution of Catalan numbers with themselves.
1, 2, 6, 22, 92, 424, 2108, 11134, 61748, 356296, 2123720, 13002840, 81417520, 519550880, 3369559864, 22161337742, 147544048324, 992923683912, 6746101933304, 46226667046360, 319199694771696, 2219445498261152, 15529758665102416, 109291258152550712


Inverse of 322nd cyclotomic polynomial.
1, -1, 1, -1, 1, -1, 1, 0, 0, 0, 0, 0, 0, 0, 0, 0, 0, 0, 0, 0, 0, 0, 0, 1, -1, 1, -1, 1, -1, 1, 0, 0, 0, 0, 0, 0, 0, 0, 0, 0, 0, 0, 0, 0, 0, 0, 0, 0, 0, 0, 0, 0, 0, 0, 0, 0, 0, 0, 0, 0, 0, 0, 0, 0, 0, 0, 0, 0, 0, 0, 0, 0, 0, 0, 0, 0, 0, 0, 0, 0, 0


Inverse of 323rd cyclotomic polynomial.
1, 1, 1, 1, 1, 1, 1, 1, 1, 1, 1, 1, 1, 1, 1, 1, 1, 0, 0, -1, -1, -1, -1, -1, -1, -1, -1, -1, -1, -1, -1, -1, -1, -1, -1, -1, 0, 0, 0, 0, 0, 0, 0, 0, 0, 0, 0, 0, 0, 0, 0, 0, 0, 0, 0, 0, 0, 0, 0, 0, 0, 0, 0, 0, 0, 0, 0, 0, 0, 0, 0, 0, 0, 0, 0, 0, 0, 0, 0, 0, 0


Three-fold exponential convolution of Catalan numbers with themselves.
1, 3, 12, 57, 306, 1806, 11508, 78147, 559962, 4201038, 32792472, 264946446, 2206077804, 18860908644, 165050642736, 1474389557739, 13413397423482, 124030117316238, 1163661348170328, 11060842687616610, 106377560784576612, 1034009073326130876


Exponential convolution of Fibonacci numbers with themselves.
0, 0, 2, 6, 22, 70, 230, 742, 2406, 7782, 25190, 81510, 263782, 853606, 2762342, 8939110, 28927590, 93611622, 302933606, 980313702, 3172361830, 10265978470, 33221404262, 107506722406, 347899061862, 1125825013350, 3643246274150, 11789792601702


Exponential convolution of Fibonacci numbers with themselves (divided by 2).
0, 0, 1, 3, 11, 35, 115, 371, 1203, 3891, 12595, 40755, 131891, 426803, 1381171, 4469555, 14463795, 46805811, 151466803, 490156851, 1586180915, 5132989235, 16610702131, 53753361203, 173949530931, 562912506675, 1821623137075, 5894896300851, 19076285150003


Three-fold exponential convolution of Fibonacci numbers with themselves.
0, 0, 0, 6, 36, 210, 1080, 5460, 26964, 132294, 645480, 3142590, 15277680, 74222616, 360445176, 1750067430, 8496115740, 41243946330, 200209950504, 971859585804, 4717557894060, 22899644483430, 111157568501760


Three-fold exponential convolution of Fibonacci numbers with themselves (divided by 6).
0, 0, 0, 1, 6, 35, 180, 910, 4494, 22049, 107580, 523765, 2546280, 12370436, 60074196, 291677905, 1416019290, 6873991055, 33368325084, 161976597634, 786259649010, 3816607413905, 18526261416960


Inverse of 329th cyclotomic polynomial.
1, 1, 1, 1, 1, 1, 1, 0, 0, 0, 0, 0, 0, 0, 0, 0, 0, 0, 0, 0, 0, 0, 0, 0, 0, 0, 0, 0, 0, 0, 0, 0, 0, 0, 0, 0, 0, 0, 0, 0, 0, 0, 0, 0, 0, 0, 0, -1, -1, -1, -1, -1, -1, -1, 0, 0, 0, 0, 0, 0, 0, 0, 0, 0, 0, 0, 0, 0, 0, 0, 0, 0, 0, 0, 0, 0, 0, 0, 0, 0, 0


Inverse of 330th cyclotomic polynomial.
1, 1, 0, -1, -1, -1, 0, 1, 1, 0, 0, -1, -1, 0, 1, 1, 1, 0, -1, -1, 0, 0, 1, 1, 0, -1, -1, -1, 0, 1, 1, 0, 0, 0, 0, 0, 0, 0, 0, 0, 0, 0, 0, 0, 0, 0, 0, 0, 0, 0, 0, 0, 0, 0, 0, 1, 1, 0, -1, -1, -1, 0, 1, 1, 0, 0, -1, -1, 0, 1, 1, 1, 0, -1, -1, 0, 0, 1, 1, 0, -1


Four-fold exponential convolution of Fibonacci numbers with themselves.
0, 0, 0, 0, 24, 240, 2040, 15120, 106680, 726768, 4861560, 32126160, 210749880, 1375923120, 8955795576, 58177326480, 377439735480, 2446686537840, 15851581501560, 102662600100432, 664738663537080


Four-fold exponential convolution of Fibonacci numbers with themselves (divided by 24).
0, 0, 0, 0, 1, 10, 85, 630, 4445, 30282, 202565, 1338590, 8781245, 57330130, 373158149, 2424055270, 15726655645, 101945272410, 660482562565, 4277608337518, 27697444314045, 179313224367970


Convolution of primes with themselves.
4, 12, 29, 58, 111, 188, 305, 462, 679, 968, 1337, 1806, 2391, 3104, 3953, 4978, 6175, 7568, 9185, 11030, 13143, 15516, 18177, 21150, 24471, 28152, 32197, 36678, 41543, 46828, 52621, 58874, 65659, 73000, 80949, 89462, 98631, 108396, 118869, 130102


Three-fold convolution of primes with themselves.
8, 36, 114, 291, 669, 1386, 2678, 4851, 8373, 13858, 22134, 34263, 51635, 75972, 109374, 154483, 214383, 292812, 394148, 523521, 686901, 891112, 1143936, 1454187, 1831973, 2288400, 2836044


Four-fold convolution of primes with themselves.
16, 96, 376, 1160, 3121, 7532, 16754, 34796, 68339, 127952, 229956, 398688, 669781, 1094076, 1742710, 2713604, 4139111, 6195712, 9115304, 13199072, 18833449, 26509260, 36843322, 50603884, 68740107, 92414192, 123039628, 162323200, 212312453, 275448380


Exponential convolution of primes with themselves.
4, 12, 38, 118, 362, 1082, 3166, 8910, 24426, 64226, 165262, 413418, 1021362, 2490686, 6009150, 14401410, 34098042, 80281962, 187356750, 432549154, 992941250, 2256712462, 5088826238, 11408805862, 25425739346, 56383362854, 124565557898, 274390550594


Exponential convolution of primes with themselves (divided by 2).
2, 6, 19, 59, 181, 541, 1583, 4455, 12213, 32113, 82631, 206709, 510681, 1245343, 3004575, 7200705, 17049021, 40140981, 93678375, 216274577, 496470625, 1128356231, 2544413119, 5704402931, 12712869673, 28191681427, 62282778949, 137195275297, 300840332783


Three-fold exponential convolution of primes with themselves.
8, 36, 168, 786, 3660, 16866, 76752, 343914, 1514724, 6543066, 27699960, 114793386, 466078116, 1854554490, 7248419496, 27869755866, 105687130980, 395978680266, 1468425404328, 5396913313866, 19675676962308, 71219609783946, 256052236665192, 914773982356902


Three-fold exponential convolution of primes with themselves (divided by 2).
4, 18, 84, 393, 1830, 8433, 38376, 171957, 757362, 3271533, 13849980, 57396693, 233039058, 927277245, 3624209748, 13934877933, 52843565490, 197989340133, 734212702164, 2698456656933, 9837838481154, 35609804891973, 128026118332596, 457386991178451


Inverse of 340th cyclotomic polynomial.
1, 0, -1, 0, 1, 0, -1, 0, 1, 0, 0, 0, 0, 0, 0, 0, 0, 0, 0, 0, 0, 0, 0, 0, 0, 0, 0, 0, 0, 0, 0, 0, 0, 0, 1, 0, -1, 0, 1, 0, -1, 0, 1, 0, 0, 0, 0, 0, 0, 0, 0, 0, 0, 0, 0, 0, 0, 0, 0, 0, 0, 0, 0, 0, 0, 0, 0, 0, 0, 0, 0, 0, 0, 0, 0, 0, 0, 0, 0, 0, 0


Inverse of 341st cyclotomic polynomial.
1, 1, 1, 1, 1, 1, 1, 1, 1, 1, 1, 0, 0, 0, 0, 0, 0, 0, 0, 0, 0, 0, 0, 0, 0, 0, 0, 0, 0, 0, 0, -1, -1, -1, -1, -1, -1, -1, -1, -1, -1, -1, 0, 0, 0, 0, 0, 0, 0, 0, 0, 0, 0, 0, 0, 0, 0, 0, 0, 0, 0, 0, 0, 0, 0, 0, 0, 0, 0, 0, 0, 0, 0, 0, 0, 0, 0, 0, 0, 0, 0


Four-fold exponential convolution of primes with themselves (divided by 8).
2, 12, 74, 460, 2861, 17722, 109037, 665020, 4014521, 23954342, 141123193, 820074040, 4697137637, 26504081542, 147300078809, 806343223508, 4349380581953, 23130233881414, 121379963732665, 629130600591920, 3224186845616653, 16354295398317790, 82187373706636505


Four-fold exponential convolution of primes with themselves.
16, 96, 592, 3680, 22888, 141776, 872296, 5320160, 32116168, 191634736, 1128985544, 6560592320, 37577101096, 212032652336, 1178400630472, 6450745788064, 34795044655624, 185041871051312, 971039709861320, 5033044804735360, 25793494764933224, 130834363186542320


Chance of getting nothing, a pair, 2 pair, 3 of a kind, other straight, other flush, full house, 4 of a kind, other straight flush, or a royal flush in poker is 1 in a(n) (rounded to nearest integer).
2, 2, 21, 47, 255, 509, 694, 4165, 72193, 649740


Inverse of 345th cyclotomic polynomial.
1, -1, 0, 1, -1, 1, 0, -1, 1, 0, 0, 0, 0, 0, 0, 0, 0, 0, 0, 0, 0, 0, 0, 1, -1, 0, 1, -1, 1, 0, -1, 1, 0, 0, 0, 0, 0, 0, 0, 0, 0, 0, 0, 0, 0, 0, 1, -1, 0, 1, -1, 1, 0, -1, 1, 0, 0, 0, 0, 0, 0, 0, 0, 0, 0, 0, 0, 0, 0, 0, 0, 0, 0, 0, 0, 0, 0, 0, 0, 0, 0


Chance of getting a pair (2 to aces), 2 jacks, 2 queens, 2 kings, 2 aces, 2 pair, 3 of a kind, straight, flush, full house in 5-card poker is 1 in a(n), according to M. Barron.
2, 5, 6, 7, 9, 9, 35, 132, 270, 588


Number of ways of getting no pair, a pair, 2 pair, 3 of a kind, other straight, other flush, full house, 4 of a kind, other straight flush, a royal flush, or 5 of a kind in 5-card poker when joker is wild.
1302, 1268088, 123552, 137280, 20532, 7768, 6552, 3120, 216, 24, 12


Number of ways of getting 5 of a kind, a royal flush, other straight flush, 4 of a kind, full house, other flush, other straight, 3 of a kind, 2 pair, a pair or no pair in 5-card poker when joker is wild.
13, 24, 216, 3120, 6552, 7768, 20532, 137280, 123552, 1268088, 1302540


Chance of getting no pair, a pair, 2 pair, 3 of a kind, other straight, other flush, full house, 4 of a kind, other straight flush, a royal flush, or 5 of a kind in poker when joker is wild is 1 in a(n) (rounded to nearest integer).
2, 2, 23, 21, 140, 369, 438, 920, 13285, 119570, 220745


Inverse of 350th cyclotomic polynomial.
1, 0, 0, 0, 0, -1, 0, 0, 0, 0, 1, 0, 0, 0, 0, -1, 0, 0, 0, 0, 1, 0, 0, 0, 0, 0, 0, 0, 0, 0, 0, 0, 0, 0, 0, 1, 0, 0, 0, 0, -1, 0, 0, 0, 0, 1, 0, 0, 0, 0, -1, 0, 0, 0, 0, 1, 0, 0, 0, 0, 0, 0, 0, 0, 0, 0, 0, 0, 0, 0, 0, 0, 0, 0, 0, 0, 0, 0, 0, 0, 0


Aliquot sequence starting at 552.
552, 888, 1392, 2328, 3552, 6024, 9096, 13704, 20616, 30984, 46536, 86904, 165816, 367704, 628356, 837836, 628384, 630356, 491884, 368920, 499400, 772840, 978650, 975652, 744248, 696712, 628628, 857836, 857892, 1472268


Aliquot sequence starting at 564.
564, 780, 1572, 2124, 3336, 5064, 7656, 13944, 26376, 49464, 88536, 187944, 295896, 443904, 812340, 1652304, 2767056, 4803888, 7914048, 13495104, 30725280, 79741440, 196505388, 300216656, 285162916, 237325596, 325831908, 434442572, 325831936, 347001764, 260735800, 434766560


Aliquot sequence starting at 660.
660, 1356, 1836, 3204, 4986, 5856, 9768, 17592, 26448, 47952, 94586, 47296, 46684, 42524, 31900, 46220, 50884, 38170, 36998, 22810, 18266, 9136, 8596, 8652, 14644, 14700, 34776, 80424, 137586, 149838, 194898, 230478, 236082


Aliquot sequence starting at 966.
966, 1338, 1350, 2370, 3390, 4818, 5838, 7602, 9870, 17778, 17790, 24978, 27438, 30882, 30894, 34386, 40782, 52530, 82254, 82266, 82278, 121770, 241110, 450090, 750870, 1295226, 1572678, 1919538, 2760984, 4964136


Aliquot sequence starting at 1074.
1074, 1086, 1098, 1320, 3000, 6360, 13080, 26520, 64200, 136680, 303960, 668040, 1448760, 2897880, 6778920, 14760600, 31761720, 75003840, 189623520, 475142400, 1262108388, 1723154620, 2250655556, 1742856988


Aliquot sequence starting at 1134.
1134, 1770, 2550, 4146, 4158, 7362, 8628, 11532, 16272, 29670, 46362, 46374, 48666, 48678, 70362, 86118, 92058, 95622, 95634, 180846, 246834, 381006, 460458, 562902, 612138, 612150, 1316298, 1350582, 1509690, 3086790


Inverse of 357th cyclotomic polynomial.
1, -1, 0, 1, -1, 0, 1, 0, -1, 1, 0, -1, 1, 0, 0, 0, 0, 1, -1, 0, 1, -1, 0, 1, 0, -1, 1, 0, -1, 1, 0, 0, 0, 0, 1, -1, 0, 1, -1, 0, 1, 0, -1, 1, 0, -1, 1, 0, 0, 0, 0, 0, 0, 0, 0, 0, 0, 0, 0, 0, 0, 0, 0, 0, 0, 0, 0, 0, 0, 0, 0, 0, 0, 0, 0, 0, 0, 0, 0, 0, 0


Aronson's sequence in French: m est la premiere, la dixieme ... lettre de cette phrase.
1, 10, 22, 37, 53, 73, 94, 116, 130, 145, 168, 190, 214, 235, 260, 280, 306, 324, 349, 376, 403, 424, 450, 474, 505, 524, 548, 575


a(n) = bc, where n = C(b,2)+C(c,1), b&gt;c&gt;=0.
20, 21, 30, 31, 32, 40, 41, 42, 43, 50, 51, 52, 53, 54, 60, 61, 62, 63, 64, 65, 70, 71, 72, 73, 74, 75, 76, 80, 81, 82, 83, 84, 85, 86, 87, 90, 91, 92, 93, 94, 95, 96, 97, 98, 100, 101, 102, 103, 104, 105, 106


a(n) = bcd, where n = C(b,3)+C(c,2)+C(d,1), b&gt;c&gt;d&gt;=0.
300, 320, 321, 400, 420, 421, 430, 431, 432, 500, 520, 521, 530, 531, 532, 540, 541, 542, 543, 600, 620, 621, 630, 631, 632, 640, 641, 642, 643, 650, 651, 652, 653, 654, 700, 720, 721


If n = binomial(b,2)+binomial(c,1), b&gt;c&gt;=0 then a(n) = binomial(b+1,3)+binomial(c+1,2).
1, 2, 4, 5, 7, 10, 11, 13, 16, 20, 21, 23, 26, 30, 35, 36, 38, 41, 45, 50, 56, 57, 59, 62, 66, 71, 77, 84, 85, 87, 90, 94, 99, 105, 112, 120, 121, 123, 126, 130, 135, 141, 148, 156, 165, 166, 168, 171, 175, 180, 186, 193, 201, 210, 220, 221, 223, 226, 230, 235, 241


Number of trivalent connected simple graphs with 2n nodes and girth at least 4.
1, 0, 0, 1, 2, 6, 22, 110, 792, 7805, 97546, 1435720, 23780814, 432757568, 8542471494, 181492137812, 4127077143862


Number of trivalent connected simple graphs with 2n nodes and girth at least 5.
1, 0, 0, 0, 0, 1, 2, 9, 49, 455, 5783, 90938, 1620479, 31478584, 656783890, 14621871204, 345975648562


Inverse of 364th cyclotomic polynomial.
1, 0, -1, 0, 1, 0, -1, 0, 1, 0, -1, 0, 1, 0, 0, 0, 0, 0, 0, 0, 0, 0, 0, 0, 0, 0, 1, 0, -1, 0, 1, 0, -1, 0, 1, 0, -1, 0, 1, 0, 0, 0, 0, 0, 0, 0, 0, 0, 0, 0, 0, 0, 0, 0, 0, 0, 0, 0, 0, 0, 0, 0, 0, 0, 0, 0, 0, 0, 0, 0, 0, 0, 0, 0, 0, 0, 0, 0, 0, 0, 0


Number of trivalent connected simple graphs with 2n nodes and girth at least 6.
1, 0, 0, 0, 0, 0, 0, 1, 1, 5, 32, 385, 7574, 181227, 4624501, 122090544, 3328929954, 93990692595, 2754222605376


Number of trivalent connected simple graphs with 2n nodes and girth at least 7.
1, 0, 0, 0, 0, 0, 0, 0, 0, 0, 0, 0, 1, 3, 21, 546, 30368, 1782840, 95079083, 4686063120, 220323447962, 10090653722861


Number of trivalent connected simple graphs with 2n nodes and girth at least 8.
1, 0, 0, 0, 0, 0, 0, 0, 0, 0, 0, 0, 0, 0, 0, 1, 0, 1, 3, 13, 155, 4337, 266362, 20807688


Number of connected regular graphs of degree 7 with 2n nodes.
1, 0, 0, 0, 1, 5, 1547, 21609301, 733351105934


Number of connected regular graphs of degree 8 with n nodes.
1, 0, 0, 0, 0, 0, 0, 0, 0, 1, 1, 6, 94, 10786, 3459386, 1470293676, 733351105935


Inverse of 370th cyclotomic polynomial.
1, -1, 1, -1, 1, 0, 0, 0, 0, 0, 0, 0, 0, 0, 0, 0, 0, 0, 0, 0, 0, 0, 0, 0, 0, 0, 0, 0, 0, 0, 0, 0, 0, 0, 0, 0, 0, 1, -1, 1, -1, 1, 0, 0, 0, 0, 0, 0, 0, 0, 0, 0, 0, 0, 0, 0, 0, 0, 0, 0, 0, 0, 0, 0, 0, 0, 0, 0, 0, 0, 0, 0, 0, 0, 0, 0, 0, 0, 0, 0, 0


Inverse of 371st cyclotomic polynomial.
1, 1, 1, 1, 1, 1, 1, 0, 0, 0, 0, 0, 0, 0, 0, 0, 0, 0, 0, 0, 0, 0, 0, 0, 0, 0, 0, 0, 0, 0, 0, 0, 0, 0, 0, 0, 0, 0, 0, 0, 0, 0, 0, 0, 0, 0, 0, 0, 0, 0, 0, 0, 0, -1, -1, -1, -1, -1, -1, -1, 0, 0, 0, 0, 0, 0, 0, 0, 0, 0, 0, 0, 0, 0, 0, 0, 0, 0, 0, 0, 0


Number of connected regular graphs of degree 9 with 2n nodes.
1, 0, 0, 0, 0, 1, 9, 88193, 113314233813


Number of connected regular graphs of degree 10 with n nodes.
1, 0, 0, 0, 0, 0, 0, 0, 0, 0, 0, 1, 1, 10, 540, 805579, 2585136741, 9799685588961


Inverse of 374th cyclotomic polynomial.
1, -1, 1, -1, 1, -1, 1, -1, 1, -1, 1, 0, 0, 0, 0, 0, 0, 1, -1, 1, -1, 1, -1, 1, -1, 1, -1, 1, 0, 0, 0, 0, 0, 0, 0, 0, 0, 0, 0, 0, 0, 0, 0, 0, 0, 0, 0, 0, 0, 0, 0, 0, 0, 0, 0, 0, 0, 0, 0, 0, 0, 0, 0, 0, 0, 0, 0, 0, 0, 0, 0, 0, 0, 0, 0, 0, 0, 0, 0, 0, 0


Number of connected regular graphs of degree 11 with 2n nodes.
1, 0, 0, 0, 0, 0, 1, 13, 8037796


Number of connected regular bipartite graphs of degree 6 with 2n nodes.
1, 1, 7, 157, 62616, 78322916


Inverse of 377th cyclotomic polynomial.
1, 1, 1, 1, 1, 1, 1, 1, 1, 1, 1, 1, 1, 0, 0, 0, 0, 0, 0, 0, 0, 0, 0, 0, 0, 0, 0, 0, 0, -1, -1, -1, -1, -1, -1, -1, -1, -1, -1, -1, -1, -1, 0, 0, 0, 0, 0, 0, 0, 0, 0, 0, 0, 0, 0, 0, 0, 0, 0, 0, 0, 0, 0, 0, 0, 0, 0, 0, 0, 0, 0, 0, 0, 0, 0, 0, 0, 0, 0, 0, 0


Number of connected regular bipartite graphs of degree 7 with 2n nodes.
1, 1, 8, 725, 2806508


a(2n-1) = n+2, a(2n) = smallest number requiring n+2 letters in English.
3, 1, 4, 4, 5, 3, 6, 11, 7, 15, 8, 13, 9, 17, 10, 24, 11, 23, 12, 73, 13, 3000, 14, 11000, 15, 15000, 16, 101, 17, 104, 18, 103, 19, 111, 20, 115


Inverse of 380th cyclotomic polynomial.
1, 0, -1, 0, 1, 0, -1, 0, 1, 0, 0, 0, 0, 0, 0, 0, 0, 0, 0, 0, 0, 0, 0, 0, 0, 0, 0, 0, 0, 0, 0, 0, 0, 0, 0, 0, 0, 0, 1, 0, -1, 0, 1, 0, -1, 0, 1, 0, 0, 0, 0, 0, 0, 0, 0, 0, 0, 0, 0, 0, 0, 0, 0, 0, 0, 0, 0, 0, 0, 0, 0, 0, 0, 0, 0, 0, 0, 0, 0, 0, 0


Final 2 digits of 7^n.
1, 7, 49, 43, 1, 7, 49, 43, 1, 7, 49, 43, 1, 7, 49, 43, 1, 7, 49, 43, 1, 7, 49, 43, 1, 7, 49, 43, 1, 7, 49, 43, 1, 7, 49, 43, 1, 7, 49, 43, 1, 7, 49, 43, 1, 7, 49, 43, 1, 7, 49, 43, 1, 7, 49, 43, 1, 7, 49, 43, 1, 7, 49, 43, 1, 7


Final digit of 8^n.
1, 8, 4, 2, 6, 8, 4, 2, 6, 8, 4, 2, 6, 8, 4, 2, 6, 8, 4, 2, 6, 8, 4, 2, 6, 8, 4, 2, 6, 8, 4, 2, 6, 8, 4, 2, 6, 8, 4, 2, 6, 8, 4, 2, 6, 8, 4, 2, 6, 8, 4, 2, 6, 8, 4, 2, 6, 8, 4, 2, 6, 8, 4, 2, 6, 8, 4, 2, 6, 8, 4, 2, 6, 8, 4, 2, 6, 8, 4, 2, 6


Final 2 digits of 8^n.
1, 8, 64, 12, 96, 68, 44, 52, 16, 28, 24, 92, 36, 88, 4, 32, 56, 48, 84, 72, 76, 8, 64, 12, 96, 68, 44, 52, 16, 28, 24, 92, 36, 88, 4, 32, 56, 48, 84, 72, 76, 8, 64, 12, 96, 68, 44, 52, 16, 28, 24, 92, 36, 88, 4, 32, 56


Final 2 digits of 9^n.
1, 9, 81, 29, 61, 49, 41, 69, 21, 89, 1, 9, 81, 29, 61, 49, 41, 69, 21, 89, 1, 9, 81, 29, 61, 49, 41, 69, 21, 89, 1, 9, 81, 29, 61, 49, 41, 69, 21, 89, 1, 9, 81, 29, 61, 49, 41, 69, 21, 89, 1, 9, 81, 29, 61, 49, 41, 69, 21, 89


Inverse of 385th cyclotomic polynomial.
1, -1, 0, 0, 0, 1, -1, 1, -1, 0, 1, 0, 0, -1, 1, 0, 0, 0, 0, 0, 0, 1, 0, -1, 0, 1, 0, 0, 0, 0, 0, 0, 1, 0, -1, 0, 1, 0, 0, 0, 0, 0, 0, 1, 0, -1, 0, 1, 0, 0, 0, 0, 0, 0, 1, -1, 0, 0, 1, 0, -1, 1, -1, 1, 0, 0, 0, -1, 1, 0, 0, 0, 0, 0, 0, 0, 0, -1, 1, 0, 0


Number of multigraphs with 5 nodes and n edges.
1, 1, 3, 7, 17, 35, 76, 149, 291, 539, 974, 1691, 2874, 4730, 7620, 11986, 18485, 27944, 41550, 60744, 87527, 124338, 174403, 241650, 331153, 448987, 602853, 801943, 1057615, 1383343, 1795578, 2313595, 2960656, 3763879, 4755505, 5972927, 7460196, 9267980


Number of multigraphs with 6 nodes and n edges.
1, 1, 3, 8, 21, 52, 132, 313, 741, 1684, 3711, 7895, 16310, 32604, 63363, 119745, 220546, 396428, 696750, 1198812, 2022503, 3349574, 5452496, 8732932, 13776366, 21423968, 32872642, 49804323, 74560913, 110369469, 161639227


Number of multigraphs with 7 nodes and n edges.
1, 1, 3, 8, 22, 60, 173, 471, 1303, 3510, 9234, 23574, 58464, 140340, 326792, 738090, 1619321, 3455129, 7180856, 14555856, 28819926, 55808840, 105834657, 196779279, 359124362, 643976482, 1135731758, 1971734302, 3372477533


Number of multigraphs with 8 nodes and n edges.
1, 1, 3, 8, 23, 64, 197, 588, 1806, 5509, 16677, 49505, 143761, 406091, 1114890, 2970964, 7685972, 19311709, 47170674, 112123118, 259662333, 586583731, 1294143065, 2791716176, 5895027869, 12198014683, 24758285639, 49339306519


Inverse of 390th cyclotomic polynomial.
1, 1, 0, -1, -1, -1, 0, 1, 1, 0, 0, 0, 0, -1, -1, 0, 1, 1, 1, 0, -1, -1, 0, 0, 0, 0, 1, 1, 0, -1, -1, -1, 0, 1, 1, 0, 0, 0, 0, 0, 0, 0, 0, 0, 0, 0, 0, 0, 0, 0, 0, 0, 0, 0, 0, 0, 0, 0, 0, 0, 0, 0, 0, 0, 0, 1, 1, 0, -1, -1, -1, 0, 1, 1, 0, 0, 0, 0, -1, -1, 0


Inverse of 391st cyclotomic polynomial.
1, 1, 1, 1, 1, 1, 1, 1, 1, 1, 1, 1, 1, 1, 1, 1, 1, 0, 0, 0, 0, 0, 0, -1, -1, -1, -1, -1, -1, -1, -1, -1, -1, -1, -1, -1, -1, -1, -1, -1, 0, 0, 0, 0, 0, 0, 0, 0, 0, 0, 0, 0, 0, 0, 0, 0, 0, 0, 0, 0, 0, 0, 0, 0, 0, 0, 0, 0, 0, 0, 0, 0, 0, 0, 0, 0, 0, 0, 0, 0, 0


Denominators of coefficients of expansion of Bessel function J_3(x).
48, 768, 30720, 2211840, 247726080, 39636172800, 8561413324800, 2397195730944000, 843812897292288000, 364527171630268416000, 189554129247739576320000, 116765343616607579013120000


Numbers found in denominators of expansion of Airy function Ai(x).
1, 1, 6, 12, 180, 504, 12960, 45360, 1710720, 7076160, 359251200, 1698278400, 109930867200, 580811212800, 46170964224000, 268334780313600, 25486372251648000, 161000868188160000, 17891433320656896000


Numbers found in denominators of expansion of Airy function Bi(x).
1, 1, 6, 4, 180, 168, 12960, 15120, 1710720, 2358720, 359251200, 566092800, 109930867200, 193603737600, 46170964224000, 89444926771200, 25486372251648000, 53666956062720000


Number of ways of getting 5 of a kind, straight flush, 4 of a kind, full house, other flush, other straight, 3 of a kind, 2 pair, a pair or no pair in 5-card poker when joker is wild.
13, 204, 3120, 6552, 7804, 20532, 137280, 123552, 1268088, 1302540


Number of arithmetic progressions of 3 or more positive integers, strictly increasing with sum n.
0, 0, 0, 0, 0, 1, 0, 0, 2, 1, 0, 3, 0, 1, 5, 1, 0, 6, 0, 2, 7, 2, 0, 8, 2, 2, 9, 3, 0, 13, 0, 2, 11, 3, 4, 15, 0, 3, 13, 6, 0, 18, 0, 4, 20, 4, 0, 19, 2, 8, 18, 5, 0, 23, 6, 6, 20, 5, 0, 30, 0, 5, 25, 6, 7, 29, 0, 6, 24, 15, 0, 32, 0, 6, 34, 7, 4, 34, 0, 14, 31, 7, 0, 39, 9, 7, 31, 9, 0, 49, 5, 9, 33, 8, 10, 42, 0, 12


Number of strictly increasing arithmetic progressions of &gt;= 3 terms with sum &lt;= n.
0, 0, 0, 0, 0, 1, 1, 1, 3, 4, 4, 7, 7, 8, 13, 14, 14, 20, 20, 22, 29, 31, 31, 39, 41, 43, 52, 55, 55, 68, 68, 70, 81, 84, 88, 103, 103, 106, 119, 125, 125, 143, 143, 147, 167, 171, 171, 190, 192, 200, 218, 223, 223, 246, 252, 258, 278, 283, 313, 313, 318, 343, 349, 356, 385, 385, 391


a(n) = n-th number k such that s(j) &lt; s(k) for all j &lt; k, where s = <a href="/A014405" title="Number of arithmetic progressions of 3 or more positive integers, strictly increasing with sum n.">A014405</a>.
1, 6, 9, 12, 15, 18, 21, 24, 27, 30, 36, 42, 45, 54, 60, 72, 75, 84, 90


Inverse of 399th cyclotomic polynomial.
1, -1, 0, 1, -1, 0, 1, 0, -1, 1, 0, -1, 1, 0, 0, 0, 0, 0, 0, 1, -1, 0, 1, -1, 0, 1, 0, -1, 1, 0, -1, 1, 0, 0, 0, 0, 0, 0, 1, -1, 0, 1, -1, 0, 1, 0, -1, 1, 0, -1, 1, 0, 0, 0, 0, 0, 0, 0, 0, 0, 0, 0, 0, 0, 0, 0, 0, 0, 0, 0, 0, 0, 0, 0, 0, 0, 0, 0, 0, 0, 0


Number of inequivalent ways (mod D_4) a pair of checkers can be placed on an n X n board.
0, 2, 8, 21, 49, 93, 171, 278, 446, 660, 970, 1347, 1863, 2471, 3269, 4188, 5356, 6678, 8316, 10145, 12365, 14817, 17743, 20946, 24714, 28808, 33566, 38703, 44611, 50955, 58185, 65912, 74648, 83946, 94384, 105453, 117801, 130853, 145331, 160590, 177430, 195132


Elements in Pascal's triangle (by row) that are not 1.
2, 3, 3, 4, 6, 4, 5, 10, 10, 5, 6, 15, 20, 15, 6, 7, 21, 35, 35, 21, 7, 8, 28, 56, 70, 56, 28, 8, 9, 36, 84, 126, 126, 84, 36, 9, 10, 45, 120, 210, 252, 210, 120, 45, 10, 11, 55, 165, 330, 462, 462, 330, 165, 55, 11, 12, 66, 220, 495, 792, 924, 792, 495, 220, 66, 12, 13, 78


Triangular array formed from elements to right of middle of rows of Pascal's triangle that are not 1.
3, 4, 10, 5, 15, 6, 35, 21, 7, 56, 28, 8, 126, 84, 36, 9, 210, 120, 45, 10, 462, 330, 165, 55, 11, 792, 495, 220, 66, 12, 1716, 1287, 715, 286, 78, 13, 3003, 2002, 1001, 364, 91, 14, 6435, 5005, 3003, 1365, 455, 105, 15, 11440, 8008, 4368, 1820, 560, 120, 16


Inverse of 403rd cyclotomic polynomial.
1, 1, 1, 1, 1, 1, 1, 1, 1, 1, 1, 1, 1, 0, 0, 0, 0, 0, 0, 0, 0, 0, 0, 0, 0, 0, 0, 0, 0, 0, 0, -1, -1, -1, -1, -1, -1, -1, -1, -1, -1, -1, -1, -1, 0, 0, 0, 0, 0, 0, 0, 0, 0, 0, 0, 0, 0, 0, 0, 0, 0, 0, 0, 0, 0, 0, 0, 0, 0, 0, 0, 0, 0, 0, 0, 0, 0, 0, 0, 0, 0


Triangular array formed from elements to right of middle of Pascal's triangle.
1, 1, 3, 1, 4, 1, 10, 5, 1, 15, 6, 1, 35, 21, 7, 1, 56, 28, 8, 1, 126, 84, 36, 9, 1, 210, 120, 45, 10, 1, 462, 330, 165, 55, 11, 1, 792, 495, 220, 66, 12, 1, 1716, 1287, 715, 286, 78, 13, 1, 3003, 2002, 1001, 364, 91, 14, 1, 6435, 5005, 3003, 1365, 455, 105, 15, 1


Odd elements in Pascal's triangle that are not 1.
3, 3, 5, 5, 15, 15, 7, 21, 35, 35, 21, 7, 9, 9, 45, 45, 11, 55, 165, 165, 55, 11, 495, 495, 13, 715, 1287, 1287, 715, 13, 91, 1001, 3003, 3003, 1001, 91, 15, 105, 455, 1365, 3003, 5005, 6435, 6435, 5005, 3003, 1365, 455, 105, 15, 17, 17, 153, 153, 19, 171


Inverse of 406th cyclotomic polynomial.
1, -1, 1, -1, 1, -1, 1, 0, 0, 0, 0, 0, 0, 0, 0, 0, 0, 0, 0, 0, 0, 0, 0, 0, 0, 0, 0, 0, 0, 1, -1, 1, -1, 1, -1, 1, 0, 0, 0, 0, 0, 0, 0, 0, 0, 0, 0, 0, 0, 0, 0, 0, 0, 0, 0, 0, 0, 0, 0, 0, 0, 0, 0, 0, 0, 0, 0, 0, 0, 0, 0, 0, 0, 0, 0, 0, 0, 0, 0, 0, 0


Inverse of 407th cyclotomic polynomial.
1, 1, 1, 1, 1, 1, 1, 1, 1, 1, 1, 0, 0, 0, 0, 0, 0, 0, 0, 0, 0, 0, 0, 0, 0, 0, 0, 0, 0, 0, 0, 0, 0, 0, 0, 0, 0, -1, -1, -1, -1, -1, -1, -1, -1, -1, -1, -1, 0, 0, 0, 0, 0, 0, 0, 0, 0, 0, 0, 0, 0, 0, 0, 0, 0, 0, 0, 0, 0, 0, 0, 0, 0, 0, 0, 0, 0, 0, 0, 0, 0


Representation of n in base of Fibonacci numbers (Zeckendorf representation of n).
0, 1, 10, 100, 101, 1000, 1001, 1010, 10000, 10001, 10010, 10100, 10101, 100000, 100001, 100010, 100100, 100101, 101000, 101001, 101010, 1000000, 1000001, 1000010, 1000100, 1000101, 1001000, 1001001, 1001010, 1010000, 1010001, 1010010, 1010100, 1010101


Representation of n in base of Catalan numbers (a classic greedy version).
0, 1, 10, 11, 20, 100, 101, 110, 111, 120, 200, 201, 210, 211, 1000, 1001, 1010, 1011, 1020, 1100, 1101, 1110, 1111, 1120, 1200, 1201, 1210, 1211, 2000, 2001, 2010, 2011, 2020, 2100, 2101, 2110, 2111, 2120, 2200, 2201, 2210, 2211, 10000


Write n in base of Catalan numbers, then interpret as if written in base 3.
0, 1, 3, 4, 6, 9, 10, 12, 13, 15, 18, 19, 21, 22, 27, 28, 30, 31, 33, 36, 37, 39, 40, 42, 45, 46, 48, 49, 54, 55, 57, 58, 60, 63, 64, 66, 67, 69, 72, 73, 75, 76, 81, 82, 84, 85, 87, 90, 91, 93, 94, 96, 99, 100, 102, 103, 108, 109, 111, 112, 114, 117, 118, 120


Minimal number of Catalan numbers that sum to n.
0, 1, 1, 2, 2, 1, 2, 2, 3, 3, 2, 3, 3, 4, 1, 2, 2, 3, 3, 2, 3, 3, 4, 4, 3, 4, 4, 5, 2, 3, 3, 4, 4, 3, 4, 4, 5, 5, 4, 5, 5, 6, 1, 2, 2, 3, 3, 2, 3, 3, 4, 4, 3, 4, 4, 5, 2, 3, 3, 4, 4, 3, 4, 4, 5, 5, 4, 5, 5, 6, 3, 4, 4, 5, 5, 4, 5, 5, 6, 6, 5, 6, 6, 7, 2, 3, 3, 4, 4, 3, 4, 4, 5, 5, 4, 5, 5, 6, 3


Odd elements in Pascal's triangle.
1, 1, 1, 1, 1, 1, 3, 3, 1, 1, 1, 1, 5, 5, 1, 1, 15, 15, 1, 1, 7, 21, 35, 35, 21, 7, 1, 1, 1, 1, 9, 9, 1, 1, 45, 45, 1, 1, 11, 55, 165, 165, 55, 11, 1, 1, 495, 495, 1, 1, 13, 715, 1287, 1287, 715, 13, 1, 1, 91, 1001, 3003, 3003, 1001, 91, 1, 1, 15, 105, 455, 1365, 3003, 5005


Inverse of 413th cyclotomic polynomial.
1, 1, 1, 1, 1, 1, 1, 0, 0, 0, 0, 0, 0, 0, 0, 0, 0, 0, 0, 0, 0, 0, 0, 0, 0, 0, 0, 0, 0, 0, 0, 0, 0, 0, 0, 0, 0, 0, 0, 0, 0, 0, 0, 0, 0, 0, 0, 0, 0, 0, 0, 0, 0, 0, 0, 0, 0, 0, 0, -1, -1, -1, -1, -1, -1, -1, 0, 0, 0, 0, 0, 0, 0, 0, 0, 0, 0, 0, 0, 0, 0


From table of maximal epacts e(p) and corresponding primes p, for x_1=2, x_{m+1} = (x_m)^2+1; sequence gives e(p).
2, 3, 4, 6, 8, 12, 14, 18, 25, 28, 30, 32, 45, 55, 56, 76, 86, 89, 132, 142, 146, 150, 156, 168, 180, 196, 212, 228, 233, 252, 312


From table of maximal epacts e(p) and corresponding primes p, for x_1=2, x_{m+1} = (x_m)^2+1; sequence gives p.
2, 5, 11, 17, 29, 47, 89, 109, 139, 229, 311, 331, 359, 521, 733, 797, 1459, 1669, 1747, 3359, 3467, 4327, 4679, 4793, 5323, 5867, 7229, 7919, 9421, 9649, 10103


From table of maximal epacts e(p) and corresponding primes p, for x_0=2, x_{m+1} = (x_m)^2-1; sequence gives e(p).
2, 4, 8, 11, 12, 13, 14, 18, 25, 28, 30, 36, 37, 38, 48, 64, 65, 67, 73, 87, 90, 105, 136, 151, 180, 186, 210, 246, 264, 292, 312, 328, 331


From table of maximal epacts e(p) and corresponding primes p, for x_0=2, x_{m+1} = (x_m)^2-1; sequence gives p.
3, 7, 23, 47, 83, 103, 107, 127, 151, 269, 277, 311, 419, 463, 467, 541, 967, 983, 1231, 1249, 1279, 1601, 1867, 3527, 3643, 4457, 5279, 5711, 5813, 9613, 11057, 12713, 13451


Inverse of 418th cyclotomic polynomial.
1, -1, 1, -1, 1, -1, 1, -1, 1, -1, 1, 0, 0, 0, 0, 0, 0, 0, 0, 1, -1, 1, -1, 1, -1, 1, -1, 1, -1, 1, 0, 0, 0, 0, 0, 0, 0, 0, 0, 0, 0, 0, 0, 0, 0, 0, 0, 0, 0, 0, 0, 0, 0, 0, 0, 0, 0, 0, 0, 0, 0, 0, 0, 0, 0, 0, 0, 0, 0, 0, 0, 0, 0, 0, 0, 0, 0, 0, 0, 0, 0


Even elements in Pascal's triangle.
2, 4, 6, 4, 10, 10, 6, 20, 6, 8, 28, 56, 70, 56, 28, 8, 36, 84, 126, 126, 84, 36, 10, 120, 210, 252, 210, 120, 10, 330, 462, 462, 330, 12, 66, 220, 792, 924, 792, 220, 66, 12, 78, 286, 1716, 1716, 286, 78, 14, 364, 2002, 3432, 2002, 364, 14, 16, 120, 560, 1820


Inverse of 420th cyclotomic polynomial.
1, 0, 1, 0, 0, 0, -1, 0, -1, 0, -1, 0, 0, 0, 0, 0, 0, 0, 0, 0, 1, 0, 1, 0, 1, 0, 0, 0, 0, 0, 0, 0, 0, 0, -1, 0, -1, 0, -1, 0, 0, 0, 1, 0, 1, 0, 0, 0, 0, 0, 0, 0, 0, 0, 0, 0, 0, 0, 0, 0, 0, 0, 0, 0, 0, 0, 0, 0, 0, 0, 1, 0, 1, 0, 0, 0, -1, 0, -1, 0, -1


Subtract 1 from Pascal's triangle, read by rows.
1, 2, 2, 3, 5, 3, 4, 9, 9, 4, 5, 14, 19, 14, 5, 6, 20, 34, 34, 20, 6, 7, 27, 55, 69, 55, 27, 7, 8, 35, 83, 125, 125, 83, 35, 8, 9, 44, 119, 209, 251, 209, 119, 44, 9, 10, 54, 164, 329, 461, 461, 329, 164, 54, 10, 11, 65, 219, 494, 791, 923, 791, 494, 219, 65, 11


a(1) = 1, a(2) = 2, a(n) = a(1)*a(n-1) + a(2)*a(n-2) + ...+ a(n-2)*a(2) for n &gt;= 3.
1, 2, 2, 6, 14, 42, 122, 382, 1206, 3922, 12914, 43190, 145950, 498170, 1714026, 5940014, 20712646, 72623266, 255875298, 905477734, 3216853294, 11469069258, 41023019098, 147166210014, 529374272470, 1908965352434, 6899707805522


a(n) = Sum( a(i)a(n-1-i),{i,1,n-1} ), with a(0) = 1, a(1) = 3.
1, 3, 3, 12, 30, 111, 363, 1353, 4917, 18777, 71769, 280506, 1103556, 4395009, 17622309, 71220828, 289510662, 1183627137, 4862148753, 20061888924, 83100910530, 345457823493, 1440734205513, 6026408186457, 25275954499905, 106277040064191


a(n) = sum(i=0..n-1, a(i)*a(n-i) ), a(0) = 1, a(1)=4.
1, 4, 4, 20, 52, 228, 804, 3444, 13780, 59588, 253252, 1113556, 4892276, 21860260, 98055780, 444148020, 2021194260, 9257373060, 42583930500, 196811777940, 913015265460, 4251135572580, 19856669967780, 93027410579700, 436999575464532, 2057978301836868, 9713953354107844


Sum[ a[ i ]a[ n-i ],{i,0,n-1} ], a[ 0 ] == 1, a[ 1 ]==5.
1, 5, 5, 30, 80, 405, 1505, 7255, 31155, 149455, 688655, 3334880, 15965130, 78294155, 383599455, 1903940030, 9474093880, 47514889255, 239112929655, 1209724381330, 6140755848280, 31294613247255, 159963286607755


Sum( a(i)*a(n-i), i=0..n-1 ), with a(0)=1, a(1)=6.
1, 6, 6, 42, 114, 654, 2526, 13506, 61242, 321558, 1579830, 8311578, 42655938, 226373406, 1192341390, 6391471794, 34239385482, 185275416102, 1004459653734, 5480384744202, 29980061984274, 164732303389614, 907579024283454


Inverse of 427th cyclotomic polynomial.
1, 1, 1, 1, 1, 1, 1, 0, 0, 0, 0, 0, 0, 0, 0, 0, 0, 0, 0, 0, 0, 0, 0, 0, 0, 0, 0, 0, 0, 0, 0, 0, 0, 0, 0, 0, 0, 0, 0, 0, 0, 0, 0, 0, 0, 0, 0, 0, 0, 0, 0, 0, 0, 0, 0, 0, 0, 0, 0, 0, 0, -1, -1, -1, -1, -1, -1, -1, 0, 0, 0, 0, 0, 0, 0, 0, 0, 0, 0, 0, 0


Odd Fibonacci numbers.
1, 1, 3, 5, 13, 21, 55, 89, 233, 377, 987, 1597, 4181, 6765, 17711, 28657, 75025, 121393, 317811, 514229, 1346269, 2178309, 5702887, 9227465, 24157817, 39088169, 102334155, 165580141, 433494437, 701408733, 1836311903, 2971215073


Inverse of 429th cyclotomic polynomial.
1, -1, 0, 1, -1, 0, 1, -1, 0, 1, -1, 1, 0, 0, 0, 0, 0, 0, 0, 0, 0, 0, 1, -1, 1, 0, 0, 0, 0, 0, 0, 0, 0, 0, 0, 1, -1, 1, 0, -1, 1, 0, -1, 1, 0, -1, 1, 0, 0, 0, 0, 0, 0, 0, 0, 0, 0, 0, 0, 0, 0, 0, 0, 0, 0, 0, 0, 0, 0, 0, 0, 0, 0, 0, 0, 0, 0, 0, 0, 0, 0


Differences between two positive cubes in exactly 1 way.
7, 19, 26, 37, 56, 61, 63, 91, 98, 117, 124, 127, 152, 169, 189, 208, 215, 217, 218, 271, 279, 296, 316, 331, 335, 342, 386, 387, 397, 448, 469, 485, 488, 504, 511, 513, 547, 602, 604, 631, 657, 665, 702, 784, 817, 819, 866, 875, 919, 936, 973, 988, 992


Differences between two positive cubes in exactly 2 ways.
721, 728, 999, 5768, 5824, 5859, 7992, 8911, 9919, 10621, 12663, 12824, 19467, 19656, 23877, 25669, 26973, 27937, 28063, 34209, 35208, 35929, 41743, 43561, 46144, 46592, 46872, 49959, 53144, 63936, 68857, 68913, 71288, 77779, 79352, 80379, 84968, 90125


Differences between two positive cubes in exactly 3 ways.
3367, 26936, 90909, 152551, 205352, 215488, 420875, 622232, 625177, 727272, 754299, 757701, 845208, 1147627, 1154881, 1220408, 1642816, 1723904, 2113921, 2454543, 2741256, 3056473, 3367000, 3442887, 3492125, 4481477, 4977856, 5001416, 5544504, 5818176


Largest prime factor of n^2 + 1.
2, 5, 5, 17, 13, 37, 5, 13, 41, 101, 61, 29, 17, 197, 113, 257, 29, 13, 181, 401, 17, 97, 53, 577, 313, 677, 73, 157, 421, 53, 37, 41, 109, 89, 613, 1297, 137, 17, 761, 1601, 29, 353, 37, 149, 1013, 73, 17, 461, 1201, 61, 1301, 541, 281, 2917, 89, 3137, 13, 673


Inverse of 434th cyclotomic polynomial.
1, -1, 1, -1, 1, -1, 1, 0, 0, 0, 0, 0, 0, 0, 0, 0, 0, 0, 0, 0, 0, 0, 0, 0, 0, 0, 0, 0, 0, 0, 0, 1, -1, 1, -1, 1, -1, 1, 0, 0, 0, 0, 0, 0, 0, 0, 0, 0, 0, 0, 0, 0, 0, 0, 0, 0, 0, 0, 0, 0, 0, 0, 0, 0, 0, 0, 0, 0, 0, 0, 0, 0, 0, 0, 0, 0, 0, 0, 0, 0, 0


Inverse of 435th cyclotomic polynomial.
1, -1, 0, 1, -1, 1, 0, -1, 1, 0, 0, 0, 0, 0, 0, 0, 0, 0, 0, 0, 0, 0, 0, 0, 0, 0, 0, 0, 0, 1, -1, 0, 1, -1, 1, 0, -1, 1, 0, 0, 0, 0, 0, 0, 0, 0, 0, 0, 0, 0, 0, 0, 0, 0, 0, 0, 0, 0, 1, -1, 0, 1, -1, 1, 0, -1, 1, 0, 0, 0, 0, 0, 0, 0, 0, 0, 0, 0, 0, 0, 0


Even Fibonacci numbers; or, Fibonacci(3n).
0, 2, 8, 34, 144, 610, 2584, 10946, 46368, 196418, 832040, 3524578, 14930352, 63245986, 267914296, 1134903170, 4807526976, 20365011074, 86267571272, 365435296162, 1548008755920, 6557470319842, 27777890035288, 117669030460994


Inverse of 437th cyclotomic polynomial.
1, 1, 1, 1, 1, 1, 1, 1, 1, 1, 1, 1, 1, 1, 1, 1, 1, 1, 1, 0, 0, 0, 0, -1, -1, -1, -1, -1, -1, -1, -1, -1, -1, -1, -1, -1, -1, -1, -1, -1, -1, -1, 0, 0, 0, 0, 0, 0, 0, 0, 0, 0, 0, 0, 0, 0, 0, 0, 0, 0, 0, 0, 0, 0, 0, 0, 0, 0, 0, 0, 0, 0, 0, 0, 0, 0


Odd Lucas numbers.
1, 3, 7, 11, 29, 47, 123, 199, 521, 843, 2207, 3571, 9349, 15127, 39603, 64079, 167761, 271443, 710647, 1149851, 3010349, 4870847, 12752043, 20633239, 54018521, 87403803, 228826127, 370248451, 969323029, 1568397607, 4106118243


Even Lucas numbers: L(3n).
2, 4, 18, 76, 322, 1364, 5778, 24476, 103682, 439204, 1860498, 7881196, 33385282, 141422324, 599074578, 2537720636, 10749957122, 45537549124, 192900153618, 817138163596, 3461452808002, 14662949395604, 62113250390418


Numbers in the triangle of Eulerian numbers (<a href="/A008292" title="Triangle of Eulerian numbers T(n,k) (n &gt;= 1, 1 &lt;= k &lt;= n) read by rows.">A008292</a>) that are not 1.
4, 11, 11, 26, 66, 26, 57, 302, 302, 57, 120, 1191, 2416, 1191, 120, 247, 4293, 15619, 15619, 4293, 247, 502, 14608, 88234, 156190, 88234, 14608, 502, 1013, 47840, 455192, 1310354, 1310354, 455192, 47840, 1013, 2036, 152637, 2203488, 9738114


Even numbers in the triangle of Eulerian numbers.
4, 26, 66, 26, 302, 302, 120, 2416, 120, 502, 14608, 88234, 156190, 88234, 14608, 502, 47840, 455192, 1310354, 1310354, 455192, 47840, 2036, 2203488, 9738114, 15724248, 9738114, 2203488, 2036, 66318474, 162512286, 162512286, 66318474


Inverse of 442nd cyclotomic polynomial.
1, -1, 1, -1, 1, -1, 1, -1, 1, -1, 1, -1, 1, 0, 0, 0, 0, 1, -1, 1, -1, 1, -1, 1, -1, 1, -1, 1, -1, 1, 0, 0, 0, 0, 0, 0, 0, 0, 0, 0, 0, 0, 0, 0, 0, 0, 0, 0, 0, 0, 0, 0, 0, 0, 0, 0, 0, 0, 0, 0, 0, 0, 0, 0, 0, 0, 0, 0, 0, 0, 0, 0, 0, 0, 0, 0, 0, 0, 0, 0, 0


Theta series of quadratic form with Gram matrix [ 1, 0, 0; 0, 2, 1; 0, 1, 2 ].
1, 2, 6, 12, 2, 0, 18, 12, 6, 14, 12, 12, 12, 0, 12, 36, 2, 12, 42, 12, 0, 0, 24, 24, 18, 14, 12, 48, 12, 0, 48, 12, 6, 36, 12, 24, 14, 0, 24, 48, 12, 12, 72, 36, 12, 0, 24, 24, 12, 14, 30, 72, 0, 0, 54, 24, 12, 48, 36, 12, 36, 0, 36, 84, 2, 24, 48, 36, 12, 0, 24, 24, 42, 24, 36, 60, 12


Theta series of quadratic form with Gram matrix [ 2, 0, 0; 0, 2, 1; 0, 1, 2 ].
1, 8, 12, 6, 20, 24, 0, 24, 36, 8, 24, 24, 18, 48, 24, 0, 44, 48, 12, 24, 48, 24, 48, 48, 0, 56, 24, 6, 72, 72, 24, 24, 84, 0, 24, 48, 20, 96, 48, 24, 72, 48, 0, 72, 72, 24, 48, 48, 42, 56, 60, 0, 96, 120, 0, 48, 72, 48, 72, 24, 0, 96, 72, 24, 92, 96, 24, 72, 120, 0, 48, 48, 36, 96, 72


Sum_{1&lt;=k&lt;n} gcd(k!,n!/k!).
0, 1, 2, 5, 6, 21, 22, 73, 210, 1693, 1694, 2097, 2098, 12997, 21468, 174169, 174170, 1986237, 1986238, 10178833, 16875654, 246551437, 246551438, 2032266537, 3767596738, 45445808989, 260705796192, 2932954933753, 2932954933754, 5496591783573, 5496591783574


Theta series of quadratic form with Gram matrix [ 1, 0, 0; 0, 1, 0; 0, 0, 2 ]. Number of integer solutions to x^2 + y^2 + 2*z^2 = n.
1, 4, 6, 8, 12, 8, 8, 16, 6, 12, 24, 8, 24, 24, 0, 16, 12, 16, 30, 24, 24, 16, 24, 16, 8, 28, 24, 32, 48, 8, 0, 32, 6, 32, 48, 16, 36, 40, 24, 16, 24, 16, 48, 40, 24, 40, 0, 32, 24, 36, 30, 16, 72, 24, 32, 48, 0, 32, 72, 24, 48, 40, 0, 48, 12, 16, 48, 56, 48, 32, 48, 16, 30, 64


Numbers represented by quadratic form with Gram matrix [ 2, 1, 0; 1, 3, 1; 0, 1, 2 ].
0, 2, 3, 4, 7, 8, 10, 11, 12, 15, 16, 18, 19, 20, 23, 24, 26, 27, 28, 31, 32, 34, 35, 36, 39, 40, 42, 43, 44, 47, 48, 50, 51, 52, 55, 58, 59, 60, 63, 64, 66, 67, 68, 71, 72, 74, 75, 76, 79, 80, 82, 83, 84, 87, 88, 90, 91, 92, 95, 96, 98, 99, 100, 103, 104, 106, 107, 108, 111


Theta series of quadratic form (or lattice) with Gram matrix [ 2, 1, 0; 1, 3, 1; 0, 1, 2 ].
1, 0, 4, 8, 4, 0, 0, 16, 6, 0, 16, 8, 8, 0, 0, 16, 12, 0, 20, 24, 8, 0, 0, 16, 8, 0, 16, 32, 16, 0, 0, 32, 6, 0, 32, 16, 12, 0, 0, 16, 24, 0, 32, 40, 8, 0, 0, 32, 24, 0, 20, 16, 24, 0, 0, 48, 0, 0, 48, 24, 16, 0, 0, 48, 12, 0, 32, 56, 16, 0, 0, 16, 30, 0, 16, 40, 24, 0, 0, 32


Theta series of quadratic form with Gram matrix [ 2, 1, 0; 1, 4, 1; 0, 1, 2 ].
1, 4, 12, 0, 20, 8, 10, 8, 28, 4, 32, 16, 0, 8, 40, 8, 52, 8, 12, 16, 40, 0, 40, 16, 26, 20, 64, 0, 40, 24, 0, 24, 60, 8, 72, 16, 20, 24, 40, 0, 64, 24, 32, 16, 80, 8, 80, 16, 0, 28, 84, 16, 40, 24, 10, 16, 104, 0, 96, 32, 40, 24, 40, 8, 116, 32, 0, 32, 40, 16, 80, 48, 28, 16, 128, 0, 80


Odd numbers in the triangle of Eulerian numbers.
1, 1, 1, 1, 1, 1, 11, 11, 1, 1, 1, 1, 57, 57, 1, 1, 1191, 1191, 1, 1, 247, 4293, 15619, 15619, 4293, 247, 1, 1, 1, 1, 1013, 1013, 1, 1, 152637, 152637, 1, 1, 4083, 478271, 10187685, 10187685, 478271, 4083, 1, 1, 423281535, 423281535, 1, 1, 16369


Inverse of 451st cyclotomic polynomial.
1, 1, 1, 1, 1, 1, 1, 1, 1, 1, 1, 0, 0, 0, 0, 0, 0, 0, 0, 0, 0, 0, 0, 0, 0, 0, 0, 0, 0, 0, 0, 0, 0, 0, 0, 0, 0, 0, 0, 0, 0, -1, -1, -1, -1, -1, -1, -1, -1, -1, -1, -1, 0, 0, 0, 0, 0, 0, 0, 0, 0, 0, 0, 0, 0, 0, 0, 0, 0, 0, 0, 0, 0, 0, 0, 0, 0, 0, 0, 0, 0


Odd numbers in the triangle of Eulerian numbers that are not 1.
11, 11, 57, 57, 1191, 1191, 247, 4293, 15619, 15619, 4293, 247, 1013, 1013, 152637, 152637, 4083, 478271, 10187685, 10187685, 478271, 4083, 423281535, 423281535, 16369, 2571742175, 12843262863, 12843262863, 2571742175, 16369, 13824739


Triangular array formed from elements to left of middle of Pascal's triangle.
1, 1, 1, 3, 1, 4, 1, 5, 10, 1, 6, 15, 1, 7, 21, 35, 1, 8, 28, 56, 1, 9, 36, 84, 126, 1, 10, 45, 120, 210, 1, 11, 55, 165, 330, 462, 1, 12, 66, 220, 495, 792, 1, 13, 78, 286, 715, 1287, 1716, 1, 14, 91, 364, 1001, 2002, 3003, 1, 15, 105, 455, 1365, 3003, 5005, 6435, 1, 16


Triangular array formed from elements to left of middle of rows of Pascal's triangle that are not 1.
3, 4, 5, 10, 6, 15, 7, 21, 35, 8, 28, 56, 9, 36, 84, 126, 10, 45, 120, 210, 11, 55, 165, 330, 462, 12, 66, 220, 495, 792, 13, 78, 286, 715, 1287, 1716, 14, 91, 364, 1001, 2002, 3003, 15, 105, 455, 1365, 3003, 5005, 6435, 16, 120, 560, 1820, 4368, 8008, 11440


Inverse of 455th cyclotomic polynomial.
1, -1, 0, 0, 0, 1, -1, 1, -1, 0, 1, -1, 1, 0, 0, 0, -1, 1, 0, 0, 1, -1, 0, 0, 0, 1, 0, 0, 0, -1, 1, 0, 0, 1, -1, 0, 0, 0, 1, 0, 0, 0, -1, 1, 0, 0, 1, -1, 0, 0, 0, 1, 0, 0, 0, -1, 1, 0, 0, 1, -1, 0, 0, 0, 1, -1, 1, 0, -1, 1, -1, 1, 0, 0, 0, -1, 1, 0, 0, 0, 0


<a href="/A063691" title="Number of solutions to x^2 + y^2 + z^2 = n in positive integers.">A063691</a> without zeros.
1, 3, 3, 3, 1, 6, 3, 3, 3, 6, 3, 3, 6, 4, 6, 6, 6, 3, 6, 3, 9, 9, 6, 3, 3, 6, 6, 1, 6, 6, 6, 6, 12, 6, 6, 9, 6, 12, 6, 12, 3, 3, 12, 6, 3, 3, 12, 7, 3, 12, 6, 12, 3, 9, 6, 15, 3, 15, 12, 6, 6, 12, 3, 3, 12, 9, 18, 6, 6, 12, 6, 9, 4, 6, 18, 9, 12, 6, 6, 12, 9, 6, 9, 12, 6, 12, 18, 18, 15, 6, 6, 21, 3, 9, 12, 9, 6, 12


Dedekind numbers: monotone Boolean functions, or nonempty antichains of subsets of an n-set
1, 2, 5, 19, 167, 7580, 7828353, 2414682040997, 56130437228687557907787


Triangular array formed from elements to right of middle of rows of the triangle of Eulerian numbers.
1, 1, 11, 1, 26, 1, 302, 57, 1, 1191, 120, 1, 15619, 4293, 247, 1, 88234, 14608, 502, 1, 1310354, 455192, 47840, 1013, 1, 9738114, 2203488, 152637, 2036, 1, 162512286, 66318474, 10187685, 478271, 4083, 1, 1505621508, 423281535, 45533450, 1479726


Triangular array formed from elements to right of middle of rows of the triangle of Eulerian numbers that are greater than 1.
11, 26, 302, 57, 1191, 120, 15619, 4293, 247, 88234, 14608, 502, 1310354, 455192, 47840, 1013, 9738114, 2203488, 152637, 2036, 162512286, 66318474, 10187685, 478271, 4083, 1505621508, 423281535, 45533450, 1479726, 8178, 27971176092


Triangular array formed from odd elements to right of middle of rows of the triangle of Eulerian numbers (<a href="/A008292" title="Triangle of Eulerian numbers T(n,k) (n &gt;= 1, 1 &lt;= k &lt;= n) read by rows.">A008292</a>).
1, 1, 11, 1, 1, 57, 1, 1191, 1, 15619, 4293, 247, 1, 1, 1013, 1, 152637, 1, 10187685, 478271, 4083, 1, 423281535, 1, 12843262863, 2571742175, 16369, 1, 311387598411, 15041229521, 13824739, 1, 6382798925475, 3207483178157, 782115518299


Triangular array formed from odd elements to right of middle of rows of the triangle of Eulerian numbers that are greater than 1.
11, 57, 1191, 15619, 4293, 247, 1013, 152637, 10187685, 478271, 4083, 423281535, 12843262863, 2571742175, 16369, 311387598411, 15041229521, 13824739, 6382798925475, 3207483178157, 782115518299, 85383238549, 3572085255


Inverse of 462nd cyclotomic polynomial.
1, 1, 0, -1, -1, 0, 1, 0, -1, -1, 0, 0, 0, 0, 1, 1, 0, -1, 0, 1, 1, 0, 0, 0, 0, -1, -1, 0, 1, 0, -1, -1, 0, 1, 1, 0, 0, 0, 0, 0, 0, 0, 0, 0, 0, 0, 0, 0, 0, 0, 0, 0, 0, 0, 0, 0, 0, 0, 0, 0, 0, 0, 0, 0, 0, 0, 0, 0, 0, 0, 0, 0, 0, 0, 0, 0, 0, 1, 1, 0, -1


Triangular array formed from even elements to right of middle of rows of the triangle of Eulerian numbers.
26, 302, 120, 88234, 14608, 502, 1310354, 455192, 47840, 9738114, 2203488, 2036, 162512286, 66318474, 1505621508, 45533450, 1479726, 8178, 27971176092, 198410786, 4537314, 102776998928, 848090912, 32752, 83137223185370


Pascal's triangle - 1.
0, 0, 0, 0, 1, 0, 0, 2, 2, 0, 0, 3, 5, 3, 0, 0, 4, 9, 9, 4, 0, 0, 5, 14, 19, 14, 5, 0, 0, 6, 20, 34, 34, 20, 6, 0, 0, 7, 27, 55, 69, 55, 27, 7, 0, 0, 8, 35, 83, 125, 125, 83, 35, 8, 0, 0, 9, 44, 119, 209, 251, 209, 119, 44, 9, 0, 0, 10, 54, 164, 329, 461, 461, 329, 164, 54, 10, 0, 0


Inverse of 465th cyclotomic polynomial.
1, -1, 0, 1, -1, 1, 0, -1, 1, 0, 0, 0, 0, 0, 0, 0, 0, 0, 0, 0, 0, 0, 0, 0, 0, 0, 0, 0, 0, 0, 0, 1, -1, 0, 1, -1, 1, 0, -1, 1, 0, 0, 0, 0, 0, 0, 0, 0, 0, 0, 0, 0, 0, 0, 0, 0, 0, 0, 0, 0, 0, 0, 1, -1, 0, 1, -1, 1, 0, -1, 1, 0, 0, 0, 0, 0, 0, 0, 0, 0, 0


Triangular array formed from odd elements to right of middle of rows of Pascal's triangle.
1, 1, 3, 1, 1, 5, 1, 15, 1, 35, 21, 7, 1, 1, 9, 1, 45, 1, 165, 55, 11, 1, 495, 1, 1287, 715, 13, 1, 3003, 1001, 91, 1, 6435, 5005, 3003, 1365, 455, 105, 15, 1, 1, 17, 1, 153, 1, 969, 171, 19, 1, 4845, 1, 20349, 5985, 21, 1, 74613, 7315, 231, 1, 245157, 100947, 33649


Triangular array formed from even elements to right of middle of rows of Pascal's triangle.
4, 10, 6, 56, 28, 8, 126, 84, 36, 210, 120, 10, 462, 330, 792, 220, 66, 12, 1716, 286, 78, 2002, 364, 14, 11440, 8008, 4368, 1820, 560, 120, 16, 24310, 19448, 12376, 6188, 2380, 680, 136, 43758, 31824, 18564, 8568, 3060, 816, 18, 92378, 75582, 50388


Expansion of (1 + 2*x)/(1 - 2*x)^3.
1, 8, 36, 128, 400, 1152, 3136, 8192, 20736, 51200, 123904, 294912, 692224, 1605632, 3686400, 8388608, 18939904, 42467328, 94633984, 209715200, 462422016, 1015021568, 2218786816, 4831838208, 10485760000


Inverse of 469th cyclotomic polynomial.
1, 1, 1, 1, 1, 1, 1, 0, 0, 0, 0, 0, 0, 0, 0, 0, 0, 0, 0, 0, 0, 0, 0, 0, 0, 0, 0, 0, 0, 0, 0, 0, 0, 0, 0, 0, 0, 0, 0, 0, 0, 0, 0, 0, 0, 0, 0, 0, 0, 0, 0, 0, 0, 0, 0, 0, 0, 0, 0, 0, 0, 0, 0, 0, 0, 0, 0, -1, -1, -1, -1, -1, -1, -1, 0, 0, 0, 0, 0, 0, 0


Exponential generating function = (1+2*x)/(1-2*x)^3.
1, 8, 72, 768, 9600, 138240, 2257920, 41287680, 836075520, 18579456000, 449622835200, 11771943321600, 331576403558400, 9998303861145600, 321374052679680000, 10969567664799744000, 396275631890890752000


Expansion of (1+2*x)/(1-2*x)^2.
1, 6, 20, 56, 144, 352, 832, 1920, 4352, 9728, 21504, 47104, 102400, 221184, 475136, 1015808, 2162688, 4587520, 9699328, 20447232, 42991616, 90177536, 188743680, 394264576, 822083584, 1711276032, 3556769792, 7381975040, 15300820992


2^n*n!*(2*n+1).
1, 6, 40, 336, 3456, 42240, 599040, 9676800, 175472640, 3530096640, 78033715200, 1880240947200, 49049763840000, 1377317368627200, 41421544567603200, 1328346084409344000, 45249466617298944000, 1631723190138961920000


Inverse of 473rd cyclotomic polynomial.
1, 1, 1, 1, 1, 1, 1, 1, 1, 1, 1, 0, 0, 0, 0, 0, 0, 0, 0, 0, 0, 0, 0, 0, 0, 0, 0, 0, 0, 0, 0, 0, 0, 0, 0, 0, 0, 0, 0, 0, 0, 0, 0, -1, -1, -1, -1, -1, -1, -1, -1, -1, -1, -1, 0, 0, 0, 0, 0, 0, 0, 0, 0, 0, 0, 0, 0, 0, 0, 0, 0, 0, 0, 0, 0, 0, 0, 0, 0, 0, 0


Expansion of (1+2*x) / (1-2*x)^4.
1, 10, 56, 240, 880, 2912, 8960, 26112, 72960, 197120, 518144, 1331200, 3354624, 8314880, 20316160, 49020928, 116981760, 276430848, 647495680, 1504706560, 3471835136, 7958691840, 18136170496, 41104179200, 92694118400, 208071032832, 465064427520


Expansion of (1+2x)/(1-2x)^4 (E.g.f.).
1, 10, 112, 1440, 21120, 349440, 6451200, 131604480, 2941747200, 71530905600, 1880240947200, 53137244160000, 1606870263398400, 51776930709504000, 1771128112545792000, 64103411041173504000


Inverse of 476th cyclotomic polynomial.
1, 0, -1, 0, 1, 0, -1, 0, 1, 0, -1, 0, 1, 0, 0, 0, 0, 0, 0, 0, 0, 0, 0, 0, 0, 0, 0, 0, 0, 0, 0, 0, 0, 0, 1, 0, -1, 0, 1, 0, -1, 0, 1, 0, -1, 0, 1, 0, 0, 0, 0, 0, 0, 0, 0, 0, 0, 0, 0, 0, 0, 0, 0, 0, 0, 0, 0, 0, 0, 0, 0, 0, 0, 0, 0, 0, 0, 0, 0, 0, 0


List of totally balanced sequences of 2n binary digits written in base 10. Binary expansion of each term contains n 0's and n 1's and reading from left to right (the most significant to the least significant bit), the number of 0's never exceeds the number of 1's.
0, 2, 10, 12, 42, 44, 50, 52, 56, 170, 172, 178, 180, 184, 202, 204, 210, 212, 216, 226, 228, 232, 240, 682, 684, 690, 692, 696, 714, 716, 722, 724, 728, 738, 740, 744, 752, 810, 812, 818, 820, 824, 842, 844, 850, 852, 856, 866, 868, 872, 880


Weight distribution of [ 18,9,8 ] self-dual code over GF(4).
1, 0, 0, 0, 2754, 18360, 77112, 110160, 50949, 2808


Weight distribution of [ 17,9,7 ] code over GF(4).
1, 0, 0, 0, 0, 0, 0, 1224, 1530, 10200, 8160, 51408, 25704, 85680, 24480, 45288, 5661, 2808


Positions of involutions (permutations whose square is the identity) in reverse colexicographic order (<a href="/A055089" title="List of all finite permutations in reversed colexicographic ordering.">A055089</a>/<a href="/A195663" title="Array read by antidiagonals: Consecutive finite permutations of positive integers in reverse colexicographic order.">A195663</a>).
0, 1, 2, 5, 6, 7, 14, 16, 21, 23, 24, 25, 26, 29, 54, 55, 60, 67, 80, 82, 86, 94, 105, 107, 111, 119, 120, 121, 122, 125, 126, 127, 134, 136, 141, 143, 264, 265, 266, 269, 288, 289, 314, 316, 339, 341, 390, 391, 396, 403, 414, 415, 444, 450, 469


Inverse of 481st cyclotomic polynomial.
1, 1, 1, 1, 1, 1, 1, 1, 1, 1, 1, 1, 1, 0, 0, 0, 0, 0, 0, 0, 0, 0, 0, 0, 0, 0, 0, 0, 0, 0, 0, 0, 0, 0, 0, 0, 0, -1, -1, -1, -1, -1, -1, -1, -1, -1, -1, -1, -1, -1, 0, 0, 0, 0, 0, 0, 0, 0, 0, 0, 0, 0, 0, 0, 0, 0, 0, 0, 0, 0, 0, 0, 0, 0, 0, 0, 0, 0, 0, 0, 0


a(n) = gcd(n, 2^n - 1).
1, 1, 1, 1, 1, 3, 1, 1, 1, 1, 1, 3, 1, 1, 1, 1, 1, 9, 1, 5, 7, 1, 1, 3, 1, 1, 1, 1, 1, 3, 1, 1, 1, 1, 1, 9, 1, 1, 1, 5, 1, 21, 1, 1, 1, 1, 1, 3, 1, 1, 1, 1, 1, 27, 1, 1, 1, 1, 1, 15, 1, 1, 7, 1, 1, 3, 1, 1, 1, 1, 1, 9, 1, 1, 1, 1, 1, 3, 1, 5, 1, 1, 1, 21, 1, 1, 1, 1, 1, 9, 1, 1, 1, 1, 1, 3, 1, 1


Inverse of 483rd cyclotomic polynomial.
1, -1, 0, 1, -1, 0, 1, 0, -1, 1, 0, -1, 1, 0, 0, 0, 0, 0, 0, 0, 0, 0, 0, 1, -1, 0, 1, -1, 0, 1, 0, -1, 1, 0, -1, 1, 0, 0, 0, 0, 0, 0, 0, 0, 0, 0, 1, -1, 0, 1, -1, 0, 1, 0, -1, 1, 0, -1, 1, 0, 0, 0, 0, 0, 0, 0, 0, 0, 0, 0, 0, 0, 0, 0, 0, 0, 0, 0, 0, 0, 0


Odd triangular numbers.
1, 3, 15, 21, 45, 55, 91, 105, 153, 171, 231, 253, 325, 351, 435, 465, 561, 595, 703, 741, 861, 903, 1035, 1081, 1225, 1275, 1431, 1485, 1653, 1711, 1891, 1953, 2145, 2211, 2415, 2485, 2701, 2775, 3003, 3081, 3321, 3403, 3655, 3741, 4005, 4095, 4371, 4465, 4753, 4851


Even triangular numbers.
0, 6, 10, 28, 36, 66, 78, 120, 136, 190, 210, 276, 300, 378, 406, 496, 528, 630, 666, 780, 820, 946, 990, 1128, 1176, 1326, 1378, 1540, 1596, 1770, 1830, 2016, 2080, 2278, 2346, 2556, 2628, 2850, 2926, 3160, 3240, 3486, 3570, 3828, 3916, 4186, 4278, 4560


Central binomial coefficient - 1.
0, 0, 1, 2, 5, 9, 19, 34, 69, 125, 251, 461, 923, 1715, 3431, 6434, 12869, 24309, 48619, 92377, 184755, 352715, 705431, 1352077, 2704155, 5200299, 10400599, 20058299, 40116599, 77558759, 155117519, 300540194, 601080389, 1166803109, 2333606219, 4537567649


Theta series of hypothetical extremal 3-modular even 36-dimensional lattice with minimal norm 8 and det = 3^18.
1, 0, 0, 0, 646380, 24820992, 565367040, 7735875840, 74930308740, 554813521920, 3327411177216, 16817959549440, 73810081135980, 287829601113600, 1014561150624000, 3277808159415552, 9820670338068660


Theta series of hypothetical extremal 3-modular even 48-dimensional lattice with minimal norm 10 and det = 3^24.
1, 0, 0, 0, 0, 14152320, 805896000, 28658448000, 615404790000, 9246706560000, 104318470226880, 934113267360000, 6910941216816000, 43557573896928000, 239503256693064000, 1170760086470782080


Varying radii of inscribed circles within primitive Pythagorean triples as a function of increasing values of hypotenuse.
1, 2, 3, 3, 6, 5, 4, 10, 5, 12, 7, 15, 14, 6, 15, 20, 9, 21, 7, 18, 28, 11, 8, 21, 30, 35, 22, 9, 36, 24, 35, 13, 42, 33, 45, 10, 26, 40, 44, 15, 39, 11, 30, 45, 55, 56, 30, 63, 52, 12, 33, 66, 17, 63, 65, 72, 34, 13, 77, 60, 55, 70, 78, 19, 51, 14, 88, 39, 60, 77, 38, 91, 68, 90


Number of 1's in binary representation of n-th prime.
1, 2, 2, 3, 3, 3, 2, 3, 4, 4, 5, 3, 3, 4, 5, 4, 5, 5, 3, 4, 3, 5, 4, 4, 3, 4, 5, 5, 5, 4, 7, 3, 3, 4, 4, 5, 5, 4, 5, 5, 5, 5, 7, 3, 4, 5, 5, 7, 5, 5, 5, 7, 5, 7, 2, 4, 4, 5, 4, 4, 5, 4, 5, 6, 5, 6, 5, 4, 6, 6, 4, 6, 7, 6, 7, 8, 4, 5, 4, 5, 5, 5, 7, 5, 7, 7, 4, 5, 6, 7, 6, 8, 7, 7, 7, 8, 8, 3, 4


Number of graphs with unlabeled (non-isolated) nodes and n labeled edges.
1, 1, 2, 9, 70, 794, 12055, 233238, 5556725, 158931613, 5350854707, 208746406117, 9315261027289, 470405726166241, 26636882237942128, 1678097862705130667, 116818375064650241036, 8932347052564257212796, 746244486452472386213939, 67796741482683128375533560


