Number of graphs with loops, having unlabeled (non-isolated) nodes and n labeled edges.
1, 2, 7, 43, 403, 5245, 89132, 1898630, 49209846, 1517275859, 54669946851, 2269075206395, 107199678164289, 5707320919486026, 339510756324234931, 22400182888853554291, 1628654713107465602783, 129754625253841669625051


Inverse of 493rd cyclotomic polynomial.
1, 1, 1, 1, 1, 1, 1, 1, 1, 1, 1, 1, 1, 1, 1, 1, 1, 0, 0, 0, 0, 0, 0, 0, 0, 0, 0, 0, 0, -1, -1, -1, -1, -1, -1, -1, -1, -1, -1, -1, -1, -1, -1, -1, -1, -1, 0, 0, 0, 0, 0, 0, 0, 0, 0, 0, 0, 0, 0, 0, 0, 0, 0, 0, 0, 0, 0, 0, 0, 0, 0, 0, 0


Inverse of 494th cyclotomic polynomial.
1, -1, 1, -1, 1, -1, 1, -1, 1, -1, 1, -1, 1, 0, 0, 0, 0, 0, 0, 1, -1, 1, -1, 1, -1, 1, -1, 1, -1, 1, -1, 1, 0, 0, 0, 0, 0, 0, 0, 0, 0, 0, 0, 0, 0, 0, 0, 0, 0, 0, 0, 0, 0, 0, 0, 0, 0, 0, 0, 0, 0, 0, 0, 0, 0, 0, 0, 0, 0, 0, 0, 0, 0, 0, 0, 0, 0, 0, 0, 0, 0


Inverse of 495th cyclotomic polynomial.
1, 0, 0, -1, 0, 0, 0, 0, 0, 1, 0, 0, -1, 0, 0, 1, 0, 0, 0, 0, 0, -1, 0, 0, 1, 0, 0, 0, 0, 0, 0, 0, 0, 1, 0, 0, -1, 0, 0, 0, 0, 0, 1, 0, 0, -1, 0, 0, 1, 0, 0, 0, 0, 0, -1, 0, 0, 1, 0, 0, 0, 0, 0, 0, 0, 0, 1, 0, 0, -1, 0, 0, 0, 0, 0, 1, 0, 0, -1, 0, 0


Number of digraphs with unlabeled (non-isolated) nodes and n labeled edges.
1, 1, 6, 68, 1206, 29982, 981476, 40515568, 2044492988, 123175320988, 8697475219688, 709097832452880, 65934837808883016, 6920436929999656936, 812724019581549433520, 105986960037601701495680


Inverse of 497th cyclotomic polynomial.
1, 1, 1, 1, 1, 1, 1, 0, 0, 0, 0, 0, 0, 0, 0, 0, 0, 0, 0, 0, 0, 0, 0, 0, 0, 0, 0, 0, 0, 0, 0, 0, 0, 0, 0, 0, 0, 0, 0, 0, 0, 0, 0, 0, 0, 0, 0, 0, 0, 0, 0, 0, 0, 0, 0, 0, 0, 0, 0, 0, 0, 0, 0, 0, 0, 0, 0, 0, 0, 0, 0, -1, -1, -1, -1, -1, -1, -1, 0, 0, 0


Number of digraphs with loops, having unlabeled (non-isolated) nodes and n labeled edges.
1, 2, 13, 162, 3075, 80978, 2784067, 119971162, 6289972169, 392257225754, 28582571639293, 2398695602082442, 229094801646110203, 24652935339990534970, 2963620352166634246995


a(n) = floor( n! / e ).
0, 0, 2, 8, 44, 264, 1854, 14832, 133496, 1334960, 14684570, 176214840, 2290792932, 32071101048, 481066515734, 7697064251744, 130850092279664, 2355301661033952, 44750731559645106, 895014631192902120


Truncation of Bernoulli number: floor(|B_2n|) * sign(B_2n).
1, 0, 0, 0, 0, 0, 0, 1, -7, 54, -529, 6192, -86580, 1425517, -27298231, 601580873, -15116315767, 429614643061, -13711655205088, 488332318973593, -19296579341940068, 841693047573682615, -40338071854059455413, 2115074863808199160560, -120866265222965259346027


Floor( GAMMA(n+1/2) ).
1, 0, 1, 3, 11, 52, 287, 1871, 14034, 119292, 1133278, 11899423, 136843365, 1710542068, 23092317922, 334838609873, 5189998453040, 85634974475162, 1498612053315336, 27724322986333718, 540624298233507504


[ GAMMA(n+1/3) ].
2, 0, 1, 2, 9, 40, 214, 1355, 9940, 82834, 773118, 7988887, 90540729, 1116669003, 14888920041, 213407853922, 3272253760146, 53446811415729, 926411397872639, 16984208960998389, 328361373245968867


[ GAMMA(n+2/3) ].
1, 0, 1, 4, 14, 68, 389, 2593, 19884, 172328, 1665837, 17768938, 207304278, 2625854188, 35886673906, 526337883959, 8245960182038, 137432669700633, 2427977164711192, 45322240407942257, 891337394689531069


[ GAMMA(n+1/4) ].
3, 0, 1, 2, 8, 35, 184, 1155, 8376, 69106, 639232, 6552134, 73711509, 902965985, 11964299312, 170491265198, 2599991794272, 42249866656927, 728810199831991, 13300786146933842, 256040133328476465


[ GAMMA(n+3/4) ].
1, 0, 1, 4, 16, 78, 453, 3057, 23698, 207358, 2021746, 21733773, 255371835, 3255990905, 44769874946, 660355655453, 10400601573396, 174210076354396, 3092228855290534, 57979291036697518, 1145090997974775999


Inverse of 506th cyclotomic polynomial.
1, -1, 1, -1, 1, -1, 1, -1, 1, -1, 1, 0, 0, 0, 0, 0, 0, 0, 0, 0, 0, 0, 0, 1, -1, 1, -1, 1, -1, 1, -1, 1, -1, 1, 0, 0, 0, 0, 0, 0, 0, 0, 0, 0, 0, 0, 0, 0, 0, 0, 0, 0, 0, 0, 0, 0, 0, 0, 0, 0, 0, 0, 0, 0, 0, 0, 0, 0, 0, 0, 0, 0, 0, 0, 0, 0, 0, 0, 0, 0, 0


Nearest integer to GAMMA(n+1/3).
3, 1, 1, 3, 9, 40, 214, 1355, 9940, 82834, 773118, 7988888, 90540730, 1116669003, 14888920041, 213407853922, 3272253760146, 53446811415729, 926411397872639, 16984208960998389, 328361373245968867


Nearest integer to GAMMA(n+2/3).
1, 1, 2, 4, 15, 69, 389, 2594, 19884, 172328, 1665838, 17768938, 207304278, 2625854188, 35886673906, 526337883959, 8245960182038, 137432669700633, 2427977164711192, 45322240407942257, 891337394689531069


Nearest integer to GAMMA(n+1/4).
4, 1, 1, 3, 8, 35, 185, 1155, 8377, 69106, 639233, 6552134, 73711509, 902965986, 11964299312, 170491265198, 2599991794272, 42249866656927, 728810199831991, 13300786146933842, 256040133328476465


Inverse of 510th cyclotomic polynomial.
1, 1, 0, -1, -1, -1, 0, 1, 1, 0, 0, 0, 0, 0, 0, 0, 0, -1, -1, 0, 1, 1, 1, 0, -1, -1, 0, 0, 0, 0, 0, 0, 0, 0, 1, 1, 0, -1, -1, -1, 0, 1, 1, 0, 0, 0, 0, 0, 0, 0, 0, 0, 0, 0, 0, 0, 0, 0, 0, 0, 0, 0, 0, 0, 0, 0, 0, 0, 0, 0, 0, 0, 0, 0, 0, 0, 0, 0, 0, 0, 0


Inverse of 511th cyclotomic polynomial.
1, 1, 1, 1, 1, 1, 1, 0, 0, 0, 0, 0, 0, 0, 0, 0, 0, 0, 0, 0, 0, 0, 0, 0, 0, 0, 0, 0, 0, 0, 0, 0, 0, 0, 0, 0, 0, 0, 0, 0, 0, 0, 0, 0, 0, 0, 0, 0, 0, 0, 0, 0, 0, 0, 0, 0, 0, 0, 0, 0, 0, 0, 0, 0, 0, 0, 0, 0, 0, 0, 0, 0, 0, -1, -1, -1, -1, -1, -1, -1, 0


Nearest integer to GAMMA(n+1/2).
2, 1, 1, 3, 12, 52, 288, 1871, 14034, 119292, 1133278, 11899423, 136843365, 1710542068, 23092317922, 334838609873, 5189998453040, 85634974475162, 1498612053315336, 27724322986333718, 540624298233507504


Nearest integer to GAMMA(n+3/4).
1, 1, 2, 4, 17, 79, 453, 3058, 23698, 207359, 2021746, 21733773, 255371836, 3255990905, 44769874946, 660355655453, 10400601573396, 174210076354396, 3092228855290534, 57979291036697518, 1145090997974775999


Number of Hamiltonian paths in a 4 X (2n+1) grid starting at the lower left corner and finishing in the upper right corner.
1, 4, 20, 111, 624, 3505, 19676, 110444, 619935, 3479776, 19532449, 109638260, 615414276, 3454402959, 19390027600, 108838828241, 610926955724, 3429215026140, 19248644351551, 108045225087424, 606472354675265, 3404210752374756, 19108292005806324


Number of Hamiltonian paths from NW to SW corners in a grid with 2n rows and 4 columns.
0, 1, 8, 47, 264, 1480, 8305, 46616, 261663, 1468752, 8244304, 46276385, 259755560, 1458042831, 8184190168, 45938958232, 257861540369, 1447411446840, 8124514782015, 45603992276896, 255981331487648


Order of shuffle group for deck of 3n cards.
1, 6, 720, 72, 239500800, 1307674368000, 6402373705728000, 51090942171709440000, 310224200866619719680000, 648, 265252859812191058636308480000000


Inverse of 517th cyclotomic polynomial.
1, 1, 1, 1, 1, 1, 1, 1, 1, 1, 1, 0, 0, 0, 0, 0, 0, 0, 0, 0, 0, 0, 0, 0, 0, 0, 0, 0, 0, 0, 0, 0, 0, 0, 0, 0, 0, 0, 0, 0, 0, 0, 0, 0, 0, 0, 0, -1, -1, -1, -1, -1, -1, -1, -1, -1, -1, -1, 0, 0, 0, 0, 0, 0, 0, 0, 0, 0, 0, 0, 0, 0, 0, 0, 0, 0, 0, 0, 0, 0, 0


Inverse of 518th cyclotomic polynomial.
1, -1, 1, -1, 1, -1, 1, 0, 0, 0, 0, 0, 0, 0, 0, 0, 0, 0, 0, 0, 0, 0, 0, 0, 0, 0, 0, 0, 0, 0, 0, 0, 0, 0, 0, 0, 0, 1, -1, 1, -1, 1, -1, 1, 0, 0, 0, 0, 0, 0, 0, 0, 0, 0, 0, 0, 0, 0, 0, 0, 0, 0, 0, 0, 0, 0, 0, 0, 0, 0, 0, 0, 0, 0, 0, 0, 0, 0, 0, 0, 0


Neither == 0 (mod 4) nor a power of 3.
1, 2, 5, 6, 7, 10, 11, 13, 14, 15, 17, 18, 19, 21, 22, 23, 25, 26, 29, 30, 31, 33, 34, 35, 37, 38, 39, 41, 42, 43, 45, 46, 47, 49, 50, 51, 53, 54, 55, 57, 58, 59, 61, 62, 63, 65, 66, 67, 69, 70, 71, 73, 74, 75


Largest convex area that can be tiled with n equilateral triangles whose sides s_k are relatively prime, i.e., gcd(s_1,...,s_n) = 1.
1, 2, 3, 7, 11, 20, 36, 71, 146, 260, 495, 860, 1559, 2831, 5114


List of sizes of squares occurring in lowest order example of a perfect squared square.
2, 4, 6, 7, 8, 9, 11, 15, 16, 17, 18, 19, 24, 25, 27, 29, 33, 35, 37, 42, 50


Form array in which n-th row is obtained by expanding (1+x+x^2)^n and taking the 2nd column from the center.
1, 3, 10, 30, 90, 266, 784, 2304, 6765, 19855, 58278, 171106, 502593, 1477035, 4343160, 12778152, 37616427, 110797569, 326527350, 962803170, 2840372304, 8383467708, 24755608584, 73133433800, 216143407675, 639062383401


Form array in which n-th row is obtained by expanding (1+x+x^2)^n and taking the 3rd column from the center.
1, 4, 15, 50, 161, 504, 1554, 4740, 14355, 43252, 129844, 388752, 1161615, 3465840, 10329336, 30759120, 91538523, 272290140, 809676735, 2407049106, 7154586747, 21263575256, 63191778950, 187790510700, 558069593445, 1658498131836


Form array in which n-th row is obtained by expanding (1 + x + x^2)^n and taking the 4th column from the center.
1, 5, 21, 77, 266, 882, 2850, 9042, 28314, 87802, 270270, 827190, 2520336, 7651632, 23162976, 69954048, 210859245, 634569201, 1907165337, 5725520801, 17172595110, 51465297950, 154135675070, 461366154990, 1380317174145


Inverse of 525th cyclotomic polynomial.
1, 0, 0, 0, 0, -1, 0, 0, 0, 0, 0, 0, 0, 0, 0, 1, 0, 0, 0, 0, -1, 0, 0, 0, 0, 1, 0, 0, 0, 0, 0, 0, 0, 0, 0, 0, 0, 0, 0, 0, 0, 0, 0, 0, 0, 0, 0, 0, 0, 0, 1, 0, 0, 0, 0, -1, 0, 0, 0, 0, 1, 0, 0, 0, 0, 0, 0, 0, 0, 0, 0, 0, 0, 0, 0, 0, 0, 0, 0, 0, 0


B-trees of order 3 with n leaves.
0, 1, 1, 1, 1, 2, 2, 3, 4, 5, 8, 14, 23, 32, 43, 63, 97, 149, 224, 332, 489, 727, 1116, 1776, 2897, 4782, 7895, 12909, 20752, 32670, 50426, 76767, 116206, 176289, 269615, 416774, 650647, 1023035, 1614864, 2551783, 4028217, 6344749, 9966479, 15614300, 24407844


Inverse of 527th cyclotomic polynomial.
1, 1, 1, 1, 1, 1, 1, 1, 1, 1, 1, 1, 1, 1, 1, 1, 1, 0, 0, 0, 0, 0, 0, 0, 0, 0, 0, 0, 0, 0, 0, -1, -1, -1, -1, -1, -1, -1, -1, -1, -1, -1, -1, -1, -1, -1, -1, -1, 0, 0, 0, 0, 0, 0, 0, 0, 0, 0, 0, 0, 0, 0, 0, 0, 0, 0, 0, 0, 0, 0, 0, 0


Number of books required for n book-lengths of overhang in the harmonic book stapling problem. Sum_{i=1..a(n)} 1/i &gt;= 2n and Sum_{i=1..a(n)-1} 1/i &lt; 2n.
4, 31, 227, 1674, 12367, 91380, 675214, 4989191, 36865412, 272400600, 2012783315, 14872568831, 109894245429, 812014744422, 6000022499693, 44334502845080, 327590128640500, 2420581837980561, 17885814992891026


Continued fraction for Catalan's constant 1 - 1/9 + 1/25 - 1/49 + 1/81 - ...
0, 1, 10, 1, 8, 1, 88, 4, 1, 1, 7, 22, 1, 2, 3, 26, 1, 11, 1, 10, 1, 9, 3, 1, 1, 1, 1, 1, 1, 2, 2, 1, 11, 1, 1, 1, 6, 1, 12, 1, 4, 7, 1, 1, 2, 5, 1, 5, 9, 1, 1, 1, 1, 33, 4, 1, 1, 3, 5, 3, 2, 1, 2, 1, 2, 1, 7, 6, 3, 1, 3, 3, 1, 1, 2, 1, 14, 1, 4, 4, 1, 2, 4, 1, 17, 4, 1, 14, 1, 1, 1, 12, 1


Erroneous version of <a href="/A003656" title="Discriminants of real quadratic fields with unique factorization.">A003656</a>.
5, 13, 17, 21, 29, 37, 41, 53, 57, 61, 69, 73, 77


Rectilinear crossing number of complete graph on n nodes.
0, 0, 0, 0, 1, 3, 9, 19, 36, 62, 102, 153, 229, 324, 447, 603, 798, 1029, 1318, 1657, 2055, 2528, 3077, 3699, 4430, 5250, 6180


Inverse of 532nd cyclotomic polynomial.
1, 0, -1, 0, 1, 0, -1, 0, 1, 0, -1, 0, 1, 0, 0, 0, 0, 0, 0, 0, 0, 0, 0, 0, 0, 0, 0, 0, 0, 0, 0, 0, 0, 0, 0, 0, 0, 0, 1, 0, -1, 0, 1, 0, -1, 0, 1, 0, -1, 0, 1, 0, 0, 0, 0, 0, 0, 0, 0, 0, 0, 0, 0, 0, 0, 0, 0, 0, 0, 0, 0, 0, 0, 0, 0, 0, 0, 0, 0, 0, 0


Inverse of 533rd cyclotomic polynomial.
1, 1, 1, 1, 1, 1, 1, 1, 1, 1, 1, 1, 1, 0, 0, 0, 0, 0, 0, 0, 0, 0, 0, 0, 0, 0, 0, 0, 0, 0, 0, 0, 0, 0, 0, 0, 0, 0, 0, 0, 0, -1, -1, -1, -1, -1, -1, -1, -1, -1, -1, -1, -1, -1, 0, 0, 0, 0, 0, 0, 0, 0, 0, 0, 0, 0, 0, 0, 0, 0, 0, 0, 0, 0, 0, 0, 0, 0, 0, 0, 0


Toroidal crossing number of complete graph.
0, 0, 0, 0, 0, 0, 0, 4, 9, 23, 42, 70, 105, 154, 226, 326


Numbers n such that a cube can be divided into n sub-cubes.
1, 8, 15, 20, 22, 27, 29, 34, 36, 38, 39, 41, 43, 45, 46, 48, 49, 50, 51, 52, 53, 54, 55, 56, 57, 58, 59, 60, 61, 62, 63, 64, 65, 66, 67, 68, 69, 70, 71, 72, 73, 74, 75, 76, 77, 78, 79, 80, 81, 82, 83, 84, 85, 86, 87, 88, 89, 90, 91, 92, 93, 94, 95, 96, 97, 98, 99, 100, 101


Primorial plus 1 prime indices: n such that n-th Euclid number <a href="/A006862" title="Euclid numbers: 1 + product of the first n primes.">A006862</a>(n) = 1 + (Product of first n primes) is prime.
0, 1, 2, 3, 4, 5, 11, 75, 171, 172, 384, 457, 616, 643, 1391, 1613, 2122, 2647, 2673, 4413, 13494, 31260, 33237


Primes in Sylvester's sequence <a href="/A000058" title="Sylvester's sequence: a(n+1) = a(n)^2 - a(n) + 1, with a(0) = 2.">A000058</a>.
2, 3, 7, 43, 3263443


n-th Euler number <a href="/A000364" title="Euler (or secant or &quot;Zig&quot;) numbers: e.g.f. (even powers only) sec(x) = 1/cos(x).">A000364</a>(n) is prime.
2, 3, 19, 227, 255


Inverse of 539th cyclotomic polynomial.
1, 0, 0, 0, 0, 0, 0, 1, 0, 0, 0, 0, 0, 0, 1, 0, 0, 0, 0, 0, 0, 1, 0, 0, 0, 0, 0, 0, 1, 0, 0, 0, 0, 0, 0, 1, 0, 0, 0, 0, 0, 0, 1, 0, 0, 0, 0, 0, 0, 0, 0, 0, 0, 0, 0, 0, 0, 0, 0, 0, 0, 0, 0, 0, 0, 0, 0, 0, 0, 0, 0, 0, 0, 0, 0, 0, 0, -1, 0, 0, 0


Decimal expansion of 1 / M(1,sqrt(2)) (Gauss's constant).
8, 3, 4, 6, 2, 6, 8, 4, 1, 6, 7, 4, 0, 7, 3, 1, 8, 6, 2, 8, 1, 4, 2, 9, 7, 3, 2, 7, 9, 9, 0, 4, 6, 8, 0, 8, 9, 9, 3, 9, 9, 3, 0, 1, 3, 4, 9, 0, 3, 4, 7, 0, 0, 2, 4, 4, 9, 8, 2, 7, 3, 7, 0, 1, 0, 3, 6, 8, 1, 9, 9, 2, 7, 0, 9, 5, 2, 6, 4, 1, 1, 8, 6, 9, 6, 9, 1, 1, 6, 0, 3, 5, 1, 2, 7, 5, 3, 2, 4, 1, 2, 9, 0, 6, 7, 8, 5


Binary reflected Gray code.
0, 1, 11, 10, 110, 111, 101, 100, 1100, 1101, 1111, 1110, 1010, 1011, 1001, 1000, 11000, 11001, 11011, 11010, 11110, 11111, 11101, 11100, 10100, 10101, 10111, 10110, 10010, 10011, 10001, 10000, 110000, 110001, 110011, 110010, 110110


Jacobsthal-Lucas numbers.
2, 1, 5, 7, 17, 31, 65, 127, 257, 511, 1025, 2047, 4097, 8191, 16385, 32767, 65537, 131071, 262145, 524287, 1048577, 2097151, 4194305, 8388607, 16777217, 33554431, 67108865, 134217727, 268435457, 536870911, 1073741825, 2147483647, 4294967297, 8589934591


Number of solutions to Langford (or Langford-Skolem) problem (up to reversal of the order).
0, 0, 1, 1, 0, 0, 26, 150, 0, 0, 17792, 108144, 0, 0, 39809640, 326721800, 0, 0, 256814891280, 2636337861200, 0, 0, 3799455942515488, 46845158056515936, 0, 0, 111683611098764903232, 1607383260609382393152, 0, 0


Maximal multiplicative persistence (or length) of any n-digit number.
1, 4, 5, 6, 7, 7, 8, 9, 9, 10, 10, 10, 10, 10, 11, 11, 11, 11, 11, 11, 11, 11, 11, 11, 11, 11, 11, 11, 11, 11, 11, 11, 11, 11, 11, 11, 11, 11, 11, 11, 11, 11, 11, 11, 11, 11, 11, 11, 11, 11, 11, 11, 11, 11, 11, 11, 11, 11, 11, 11, 11, 11, 11, 11, 11, 11, 11, 11, 11, 11, 11, 11


Erroneous version of <a href="/A001606" title="Indices of prime Lucas numbers.">A001606</a>.
2, 4, 5, 7, 8, 11, 13, 16, 17, 19, 37, 41, 47, 53, 61, 71, 79, 113, 313, 353


Inverse of 546th cyclotomic polynomial.
1, 1, 0, -1, -1, 0, 1, 0, -1, -1, 0, 1, 1, -1, -1, 0, 1, 1, 0, -1, 0, 1, 1, 0, -1, -1, 1, 1, 0, -1, -1, 0, 1, 0, -1, -1, 0, 1, 1, 0, 0, 0, 0, 0, 0, 0, 0, 0, 0, 0, 0, 0, 0, 0, 0, 0, 0, 0, 0, 0, 0, 0, 0, 0, 0, 0, 0, 0, 0, 0, 0, 0, 0, 0, 0, 0, 0, 0, 0, 0, 0


Euler's &quot;Lucky&quot; numbers: n such that m^2-m+n is prime for m=0..n-1.
2, 3, 5, 11, 17, 41


Multiplicity of K_3 in K_n.
0, 0, 0, 0, 0, 0, 2, 4, 8, 12, 20, 28, 40, 52, 70, 88, 112, 136, 168, 200, 240, 280, 330, 380, 440, 500, 572, 644, 728, 812, 910, 1008, 1120, 1232, 1360, 1488, 1632, 1776, 1938, 2100, 2280, 2460, 2660, 2860, 3080, 3300, 3542, 3784, 4048, 4312


Erroneous version of <a href="/A000228" title="Number of hexagonal polyominoes (or hexagonal polyforms, or planar polyhexes) with n cells.">A000228</a>.
1, 1, 2, 7, 22, 82, 333, 1448, 6572, 30490, 143552, 683101


Erroneous version of <a href="/A001168" title="Number of fixed polyominoes with n cells.">A001168</a>.
1, 2, 6, 19, 53, 216, 760, 2725, 9910, 39446, 125268


Inverse of 551st cyclotomic polynomial.
1, 1, 1, 1, 1, 1, 1, 1, 1, 1, 1, 1, 1, 1, 1, 1, 1, 1, 1, 0, 0, 0, 0, 0, 0, 0, 0, 0, 0, -1, -1, -1, -1, -1, -1, -1, -1, -1, -1, -1, -1, -1, -1, -1, -1, -1, -1, -1, 0, 0, 0, 0, 0, 0, 0, 0, 0, 0, 0, 0, 0, 0, 0, 0, 0, 0, 0, 0, 0, 0, 0, 0


Numbers n giving rise to prime quadruples (30n+11, 30n+13, 30n+17, 30n+19).
0, 3, 6, 27, 49, 62, 69, 108, 115, 188, 314, 433, 521, 524, 535, 601, 630, 647, 700, 742, 843, 1057, 1161, 1459, 1711, 1844, 2099, 2240, 2316, 2407, 2575, 2656, 2701, 2757, 2960, 3261, 3304, 3370, 3661, 3884, 3976, 4073, 4515, 4805, 5242, 5523, 5561, 5705


Inverse of 553rd cyclotomic polynomial.
1, 1, 1, 1, 1, 1, 1, 0, 0, 0, 0, 0, 0, 0, 0, 0, 0, 0, 0, 0, 0, 0, 0, 0, 0, 0, 0, 0, 0, 0, 0, 0, 0, 0, 0, 0, 0, 0, 0, 0, 0, 0, 0, 0, 0, 0, 0, 0, 0, 0, 0, 0, 0, 0, 0, 0, 0, 0, 0, 0, 0, 0, 0, 0, 0, 0, 0, 0, 0, 0, 0, 0, 0, 0, 0, 0, 0, 0, 0, -1, -1


a(n+1) is the smallest number &gt; a(n) such that the digits of a(n)^2 are all (with multiplicity) contained in the digits of a(n+1)^2, with a(0)=1.
1, 4, 13, 14, 31, 36, 54, 96, 113, 311, 487, 854, 1036, 1277, 1646, 3214, 8351, 10456, 11414, 11536, 11563, 17606, 17813, 30287, 36786, 41544, 54927, 56547, 56586, 57363, 62469, 62634, 72813, 72897, 76944, 78345, 95061, 97944, 100963, 101944


Inverse of 555th cyclotomic polynomial.
1, -1, 0, 1, -1, 1, 0, -1, 1, 0, 0, 0, 0, 0, 0, 0, 0, 0, 0, 0, 0, 0, 0, 0, 0, 0, 0, 0, 0, 0, 0, 0, 0, 0, 0, 0, 0, 1, -1, 0, 1, -1, 1, 0, -1, 1, 0, 0, 0, 0, 0, 0, 0, 0, 0, 0, 0, 0, 0, 0, 0, 0, 0, 0, 0, 0, 0, 0, 0, 0, 0, 0, 0, 0, 1, -1, 0, 1, -1, 1, 0


Decimal expansion of rabbit constant.
7, 0, 9, 8, 0, 3, 4, 4, 2, 8, 6, 1, 2, 9, 1, 3, 1, 4, 6, 4, 1, 7, 8, 7, 3, 9, 9, 4, 4, 4, 5, 7, 5, 5, 9, 7, 0, 1, 2, 5, 0, 2, 2, 0, 5, 7, 6, 7, 8, 6, 0, 5, 1, 6, 9, 5, 7, 0, 0, 2, 6, 4, 4, 6, 5, 1, 2, 8, 7, 1, 2, 8, 1, 4, 8, 4, 6, 5, 9, 6, 2, 4, 7, 8, 3, 1, 6, 1, 3, 2, 4, 5, 9, 9, 9, 3, 8, 8, 3, 9, 2, 6, 5


Sierpi<unkown>ski numbers of the first kind: n^n + 1.
2, 2, 5, 28, 257, 3126, 46657, 823544, 16777217, 387420490, 10000000001, 285311670612, 8916100448257, 302875106592254, 11112006825558017, 437893890380859376, 18446744073709551617, 827240261886336764178, 39346408075296537575425, 1978419655660313589123980


Numbers n such that n and sigma(n) are relatively prime, where sigma(n) = sum of divisors of n, <a href="/A000203" title="a(n) = sigma(n), the sum of the divisors of n. Also called sigma_1(n).">A000203</a>.
1, 2, 3, 4, 5, 7, 8, 9, 11, 13, 16, 17, 19, 21, 23, 25, 27, 29, 31, 32, 35, 36, 37, 39, 41, 43, 47, 49, 50, 53, 55, 57, 59, 61, 63, 64, 65, 67, 71, 73, 75, 77, 79, 81, 83, 85, 89, 93, 97, 98, 100, 101, 103, 107, 109, 111, 113, 115, 119, 121, 125, 127, 128, 129, 131, 133


Inverse of 559th cyclotomic polynomial.
1, 1, 1, 1, 1, 1, 1, 1, 1, 1, 1, 1, 1, 0, 0, 0, 0, 0, 0, 0, 0, 0, 0, 0, 0, 0, 0, 0, 0, 0, 0, 0, 0, 0, 0, 0, 0, 0, 0, 0, 0, 0, 0, -1, -1, -1, -1, -1, -1, -1, -1, -1, -1, -1, -1, -1, 0, 0, 0, 0, 0, 0, 0, 0, 0, 0, 0, 0, 0, 0, 0, 0, 0, 0, 0, 0, 0, 0, 0, 0, 0


Super-3 Numbers (3n^3 contains substring '333' in its decimal expansion).
261, 462, 471, 481, 558, 753, 1036, 1046, 1471, 1645, 1752, 1848, 1923, 1926, 1968, 2031, 2231, 2232, 2363, 2395, 2471, 2591, 2610, 3058, 3087, 3148, 3163, 3172, 3181, 3471, 3494, 3542, 3851, 3884, 4143, 4269, 4314, 4471, 4527, 4554, 4620, 4710, 4732


Inverse of 561st cyclotomic polynomial.
1, -1, 0, 1, -1, 0, 1, -1, 0, 1, -1, 1, 0, -1, 1, 0, -1, 2, -1, -1, 2, -1, 0, 1, -1, 0, 1, -1, 1, 0, -1, 1, 0, -1, 2, -1, -1, 2, -1, 0, 1, -1, 0, 1, -1, 1, 0, -1, 1, 0, -1, 1, 0, -1, 1, 0, 0, 0, 0, 0, 0, 0, 0, 0, 0, 0, 0, 0, 0, 0, 0, 0, 0, 0, 0, 0, 0, 0, 0, 0, 0


Consider the Morse-Thue sequence (<a href="/A010060" title="Thue-Morse sequence: let A_k denote the first 2^k terms; then A_0 = 0 and for k &gt;= 0, A_{k+1} = A_k B_k, where B_k is obtain...">A010060</a>) as defining a binary constant and convert it to decimal.
4, 1, 2, 4, 5, 4, 0, 3, 3, 6, 4, 0, 1, 0, 7, 5, 9, 7, 7, 8, 3, 3, 6, 1, 3, 6, 8, 2, 5, 8, 4, 5, 5, 2, 8, 3, 0, 8, 9, 4, 7, 8, 3, 7, 4, 4, 5, 5, 7, 6, 9, 5, 5, 7, 5, 7, 3, 3, 7, 9, 4, 1, 5, 3, 4, 8, 7, 9, 3, 5, 9, 2, 3, 6, 5, 7, 8, 2, 5, 8, 8, 9, 6, 3, 8, 0, 4, 5, 4, 0, 4, 8, 6, 2, 1, 2, 1, 3, 3, 3, 9, 6, 2, 5, 6


Continued fraction for Thue-Morse constant.
0, 2, 2, 2, 1, 4, 3, 5, 2, 1, 4, 2, 1, 5, 44, 1, 4, 1, 2, 4, 1, 1, 1, 5, 14, 1, 50, 15, 5, 1, 1, 1, 4, 2, 1, 4, 1, 43, 1, 4, 1, 2, 1, 3, 16, 1, 2, 1, 2, 1, 50, 1, 2, 424, 1, 2, 5, 2, 1, 1, 1, 5, 5, 2, 22, 5, 1, 1, 1, 1274, 3, 5, 2, 1, 1, 1, 4, 1, 1, 15, 154, 7, 2, 1, 2, 2, 1, 2, 1, 1, 50


Smallest k such that phi(x) = k has exactly n solutions.
3, 0, 1, 2, 4, 8, 12, 32, 36, 40, 24, 48, 160, 396, 2268, 704, 312, 72, 336, 216, 936, 144, 624, 1056, 1760, 360, 2560, 384, 288, 1320, 3696, 240, 768, 9000, 432, 7128, 4200, 480, 576, 1296, 1200, 15936, 3312, 3072, 3240, 864, 3120, 7344, 3888, 720, 1680


Average of twin prime pairs.
4, 6, 12, 18, 30, 42, 60, 72, 102, 108, 138, 150, 180, 192, 198, 228, 240, 270, 282, 312, 348, 420, 432, 462, 522, 570, 600, 618, 642, 660, 810, 822, 828, 858, 882, 1020, 1032, 1050, 1062, 1092, 1152, 1230, 1278, 1290, 1302, 1320, 1428, 1452, 1482, 1488, 1608


Vampire numbers (definition 2): numbers n with an even number of digits which have a factorization n = i*j where i and j have the same number of digits and the multiset of the digits of n coincides with the multiset of the digits of i and j.
1260, 1395, 1435, 1530, 1827, 2187, 6880, 102510, 104260, 105210, 105264, 105750, 108135, 110758, 115672, 116725, 117067, 118440, 120600, 123354, 124483, 125248, 125433, 125460, 125500, 126027, 126846, 129640


Smallest n-digit narcissistic (or Armstrong) number: smallest n-digit number equal to sum of n-th powers of its digits (or 0 if no such number exists).
1, 0, 153, 1634, 54748, 548834, 1741725, 24678050, 146511208, 4679307774, 32164049650, 0, 0, 28116440335967, 0, 4338281769391370, 21897142587612075, 0, 1517841543307505039, 63105425988599693916, 128468643043731391252, 0


The regular paper-folding sequence (or dragon curve sequence).
1, 1, 0, 1, 1, 0, 0, 1, 1, 1, 0, 0, 1, 0, 0, 1, 1, 1, 0, 1, 1, 0, 0, 0, 1, 1, 0, 0, 1, 0, 0, 1, 1, 1, 0, 1, 1, 0, 0, 1, 1, 1, 0, 0, 1, 0, 0, 0, 1, 1, 0, 1, 1, 0, 0, 0, 1, 1, 0, 0, 1, 0, 0, 1, 1, 1, 0, 1, 1, 0, 0, 1, 1, 1, 0, 0, 1, 0, 0, 1, 1, 1, 0, 1, 1, 0, 0, 0, 1, 1, 0, 0, 1, 0, 0, 0, 1, 1, 0


Binary expansion of Thue constant (or Roth's constant).
0, 1, 1, 0, 1, 1, 0, 1, 1, 1, 1, 1, 0, 1, 1, 0, 1, 1, 1, 1, 1, 0, 1, 1, 0, 1, 1, 0, 1, 1, 0, 1, 1, 0, 1, 1, 1, 1, 1, 0, 1, 1, 0, 1, 1, 1, 1, 1, 0, 1, 1, 0, 1, 1, 0, 1, 1, 0, 1, 1, 0, 1, 1, 1, 1, 1, 0, 1, 1, 0, 1, 1, 1, 1, 1, 0, 1, 1, 0, 1, 1, 1, 1, 1, 0, 1, 1, 0, 1, 1, 1, 1, 1, 0, 1, 1, 0, 1, 1


Inverse of 570th cyclotomic polynomial.
1, 1, 0, -1, -1, -1, 0, 1, 1, 0, 0, 0, 0, 0, 0, 0, 0, 0, 0, -1, -1, 0, 1, 1, 1, 0, -1, -1, 0, 0, 0, 0, 0, 0, 0, 0, 0, 0, 1, 1, 0, -1, -1, -1, 0, 1, 1, 0, 0, 0, 0, 0, 0, 0, 0, 0, 0, 0, 0, 0, 0, 0, 0, 0, 0, 0, 0, 0, 0, 0, 0, 0, 0, 0, 0, 0, 0, 0, 0, 0, 0


Binary irreducible polynomials (primes in the ring GF(2)[X]), evaluated at X=2.
2, 3, 7, 11, 13, 19, 25, 31, 37, 41, 47, 55, 59, 61, 67, 73, 87, 91, 97, 103, 109, 115, 117, 131, 137, 143, 145, 157, 167, 171, 185, 191, 193, 203, 211, 213, 229, 239, 241, 247, 253, 283, 285, 299, 301, 313, 319, 333, 351, 355, 357, 361, 369, 375


Inverse of 572nd cyclotomic polynomial.
1, 0, -1, 0, 1, 0, -1, 0, 1, 0, -1, 0, 1, 0, -1, 0, 1, 0, -1, 0, 1, 0, 0, 0, 0, 0, 1, 0, -1, 0, 1, 0, -1, 0, 1, 0, -1, 0, 1, 0, -1, 0, 1, 0, -1, 0, 1, 0, 0, 0, 0, 0, 0, 0, 0, 0, 0, 0, 0, 0, 0, 0, 0, 0, 0, 0, 0, 0, 0, 0, 0, 0, 0, 0, 0, 0, 0, 0, 0, 0, 0


Orders of magic squares having all-different sum-of-squares values for the rows and columns (except for the necessary 180 degree symmetry).
3, 23, 43, 47, 61, 67, 113, 127, 137, 149, 173, 193, 199


Inverse of 574th cyclotomic polynomial.
1, -1, 1, -1, 1, -1, 1, 0, 0, 0, 0, 0, 0, 0, 0, 0, 0, 0, 0, 0, 0, 0, 0, 0, 0, 0, 0, 0, 0, 0, 0, 0, 0, 0, 0, 0, 0, 0, 0, 0, 0, 1, -1, 1, -1, 1, -1, 1, 0, 0, 0, 0, 0, 0, 0, 0, 0, 0, 0, 0, 0, 0, 0, 0, 0, 0, 0, 0, 0, 0, 0, 0, 0, 0, 0, 0, 0, 0, 0, 0, 0


Number of Hamiltonian paths in a 5 X n grid starting at the lower left corner and finishing in the upper right corner.
0, 1, 1, 8, 20, 104, 378, 1670, 6706, 28417, 117204, 490865, 2039569, 8512474, 35444636, 147780722, 615715196, 2566325356, 10694300534, 44570089963, 185740837148, 774080813649, 3225945847829, 13444117980220


Number of Hamiltonian paths in a 5 X n grid starting in the lower left corner and ending in the lower right.
0, 0, 1, 4, 23, 86, 397, 1584, 6820, 28002, 117852, 488824, 2043133, 8502298, 35463855, 147729456, 615817511, 2566065066, 10694840588, 44568760860, 185743671308, 774073998864, 3225960662493, 13444082934608


Nim-Grundy function for Take-a-Square (or Subtract-a-Square) game.
0, 1, 0, 1, 2, 0, 1, 0, 1, 2, 0, 1, 0, 1, 2, 0, 1, 0, 1, 2, 0, 1, 0, 1, 2, 3, 2, 3, 4, 5, 3, 2, 3, 4, 0, 1, 2, 3, 2, 0, 1, 2, 3, 2, 0, 1, 2, 3, 2, 3, 4, 5, 0, 1, 3, 4, 5, 0, 1, 3, 4, 5, 0, 1, 3, 0, 1, 0, 1, 2, 4, 3, 0, 1, 5, 6, 2, 3, 4, 5, 6, 2, 3, 4, 5, 0, 1, 6, 3, 2, 4, 2, 6, 4, 5, 0, 1, 6, 4


Nim function for Take-a-Factorial-Game.
0, 1, 2, 0, 1, 2, 3, 0, 1, 2, 0, 1, 2, 3, 0, 1, 2, 0, 1, 2, 3, 0, 1, 2, 3, 0, 1, 2, 0, 1, 2, 3, 0, 1, 2, 0, 1, 2, 3, 0, 1, 2, 0, 1, 2, 3, 0, 1, 2, 3, 0, 1, 2, 0, 1, 2, 3, 0, 1, 2, 0, 1, 2, 3, 0, 1, 2, 0, 1, 2, 3, 0, 1, 2, 3, 0, 1, 2, 0, 1, 2, 3, 0, 1, 2, 0, 1, 2, 3, 0, 1, 2, 0, 1, 2, 3, 0, 1, 2


Nim function for Take-a-Fibonacci-Game.
0, 1, 2, 3, 0, 1, 2, 3, 4, 5, 0, 1, 2, 3, 0, 1, 2, 3, 4, 5, 0, 1, 2, 3, 0, 1, 2, 3, 4, 5, 0, 1, 2, 3, 4, 5, 0, 1, 2, 3, 0, 1, 2, 3, 4, 5, 0, 1, 2, 3, 0, 1, 2, 3, 4, 5, 0, 1, 2, 3, 0, 1, 2, 3, 4, 5, 0, 1, 2, 3, 4, 5, 0, 1, 2, 3, 0, 1, 2, 3, 4, 5, 0, 1, 2, 3, 0, 1, 2, 3, 4, 5, 0, 1, 2, 3, 0, 1, 2


Nim function for Take-a-Prime (or Subtract-a-Prime) Game.
0, 0, 1, 1, 2, 2, 3, 3, 4, 0, 0, 1, 1, 2, 2, 3, 3, 4, 4, 5, 5, 6, 6, 7, 7, 0, 4, 1, 5, 2, 6, 3, 4, 7, 0, 0, 1, 1, 2, 2, 3, 3, 4, 8, 5, 7, 6, 8, 9, 0, 4, 1, 5, 2, 6, 0, 4, 1, 5, 2, 6, 3, 4, 7, 5, 8, 4, 10, 5, 7, 6, 8, 4, 7, 5, 8, 6, 10, 9, 7, 4, 8, 5, 10, 6, 0, 4, 1, 5, 2, 6, 0, 4, 1, 5, 2, 6, 3


Inverse of 581st cyclotomic polynomial.
1, 1, 1, 1, 1, 1, 1, 0, 0, 0, 0, 0, 0, 0, 0, 0, 0, 0, 0, 0, 0, 0, 0, 0, 0, 0, 0, 0, 0, 0, 0, 0, 0, 0, 0, 0, 0, 0, 0, 0, 0, 0, 0, 0, 0, 0, 0, 0, 0, 0, 0, 0, 0, 0, 0, 0, 0, 0, 0, 0, 0, 0, 0, 0, 0, 0, 0, 0, 0, 0, 0, 0, 0, 0, 0, 0, 0, 0, 0, 0, 0


a(n) = floor(n^2/12 + 5/4).
1, 1, 1, 2, 2, 3, 4, 5, 6, 8, 9, 11, 13, 15, 17, 20, 22, 25, 28, 31, 34, 38, 41, 45, 49, 53, 57, 62, 66, 71, 76, 81, 86, 92, 97, 103, 109, 115, 121, 128, 134, 141, 148, 155, 162, 170, 177, 185, 193, 201, 209, 218, 226, 235, 244, 253, 262, 272, 281, 291, 301, 311, 321


Inverse of 583rd cyclotomic polynomial.
1, 1, 1, 1, 1, 1, 1, 1, 1, 1, 1, 0, 0, 0, 0, 0, 0, 0, 0, 0, 0, 0, 0, 0, 0, 0, 0, 0, 0, 0, 0, 0, 0, 0, 0, 0, 0, 0, 0, 0, 0, 0, 0, 0, 0, 0, 0, 0, 0, 0, 0, 0, 0, -1, -1, -1, -1, -1, -1, -1, -1, -1, -1, -1, 0, 0, 0, 0, 0, 0, 0, 0, 0, 0, 0, 0, 0, 0, 0, 0, 0


Stairs of ideals of gradient type in the theory of singularities.
1, 2, 3, 5, 6, 10, 10, 13, 15


Inverse of 585th cyclotomic polynomial.
1, 0, 0, -1, 0, 0, 0, 0, 0, 1, 0, 0, -1, 0, 0, 1, 0, 0, 0, 0, 0, -1, 0, 0, 1, 0, 0, 0, 0, 0, 0, 0, 0, 0, 0, 0, 0, 0, 0, 1, 0, 0, -1, 0, 0, 0, 0, 0, 1, 0, 0, -1, 0, 0, 1, 0, 0, 0, 0, 0, -1, 0, 0, 1, 0, 0, 0, 0, 0, 0, 0, 0, 0, 0, 0, 0, 0, 0, 1, 0, 0


Conjectured dimensions of spaces of weight systems of chord diagrams.
1, 1, 2, 3, 6, 10, 19, 33, 60, 104, 184, 316, 548, 931, 1588, 2676, 4511, 7539, 12590, 20890, 34603, 57036, 93804, 153655, 251109, 408961, 664467, 1076398, 1739660, 2804166, 4510035, 7236242, 11585908, 18509442, 29511312, 46957178, 74575323, 118213424, 187052097, 295453415


Conjectured numbers of Vassiliev invariants of knots.
1, 0, 1, 1, 3, 4, 9, 14, 27, 44, 80, 132, 232, 383, 657, 1088


Numbers n such that n^2 is a sum of distinct factorials.
1, 3, 5, 11, 12, 27, 29, 71, 72, 213, 215, 603, 635, 1917, 1183893


Inverse of 589th cyclotomic polynomial.
1, 1, 1, 1, 1, 1, 1, 1, 1, 1, 1, 1, 1, 1, 1, 1, 1, 1, 1, 0, 0, 0, 0, 0, 0, 0, 0, 0, 0, 0, 0, -1, -1, -1, -1, -1, -1, -1, -1, -1, -1, -1, -1, -1, -1, -1, -1, -1, -1, -1, 0, 0, 0, 0, 0, 0, 0, 0, 0, 0, 0, 0, 0, 0, 0, 0, 0, 0, 0, 0, 0


Class numbers h(D) of imaginary quadratic fields with discriminant D=1-4*n.
1, 1, 1, 2, 1, 3, 1, 3, 2, 4, 1, 5, 2, 4, 3, 4, 1, 7, 2, 5, 3, 6, 2, 8, 2, 5, 3, 8, 2, 10, 2, 5, 5, 6, 3, 10, 2, 7, 4, 10, 1, 11, 4, 6, 5, 8, 2, 13, 4, 9, 4, 6, 3, 14, 4, 7, 5, 12, 2, 15, 3, 6, 7, 12, 4, 13, 2, 11, 4, 12, 3, 14, 4, 8, 8, 10, 3, 19, 4, 10, 4, 12, 3, 18, 6, 7, 5, 12, 4, 19


Class numbers h(D) of imaginary quadratic fields with discriminant D=0,1 mod 4, D&lt;0.
1, 1, 1, 1, 1, 1, 2, 1, 1, 2, 3, 2, 1, 1, 3, 2, 2, 2, 4, 2, 1, 3, 5, 2, 2, 2, 4, 4, 3, 2, 4, 2, 1, 4, 7, 2, 2, 3, 5, 4, 3, 4, 6, 2, 2, 3, 8, 4, 2, 2, 5, 6, 3, 3, 8, 2, 2, 6, 10, 4, 2, 3, 5, 4, 5, 4, 6, 4, 3, 6, 10, 4, 2, 2, 7, 6, 4, 4, 10, 4, 1, 8, 11, 4, 4, 3, 6, 6, 5, 4, 8, 4, 2, 5, 13, 4, 4


Congruent to 0 or 3 mod 4.
0, 3, 4, 7, 8, 11, 12, 15, 16, 19, 20, 23, 24, 27, 28, 31, 32, 35, 36, 39, 40, 43, 44, 47, 48, 51, 52, 55, 56, 59, 60, 63, 64, 67, 68, 71, 72, 75, 76, 79, 80, 83, 84, 87, 88, 91, 92, 95, 96, 99, 100, 103, 104, 107, 108, 111, 112, 115, 116, 119, 120, 123, 124


Discriminants of imaginary quadratic fields with class number 1 (negated).
3, 4, 7, 8, 11, 19, 43, 67, 163


Discriminants of imaginary quadratic fields with class number 2 (negated).
15, 20, 24, 35, 40, 51, 52, 88, 91, 115, 123, 148, 187, 232, 235, 267, 403, 427


Inverse of 595th cyclotomic polynomial.
1, -1, 0, 0, 0, 1, -1, 1, -1, 0, 1, -1, 1, -1, 1, 0, -1, 2, -2, 1, 0, 0, 1, -2, 2, -1, 0, 1, -1, 1, -1, 1, 0, -1, 2, -2, 1, 0, 0, 1, -2, 2, -1, 0, 1, -1, 1, -1, 1, 0, -1, 2, -2, 1, 0, 0, 1, -2, 2, -1, 0, 1, -1, 1, -1, 1, 0, -1, 2, -2, 1, 0, 0, 1, -2, 2, -1, 0, 1, -1, 1


Partial sums of <a href="/A001935" title="Number of partitions with no even part repeated; partitions of n in which no parts are multiples of 4.">A001935</a>; at one time this was conjectured to agree with <a href="/A007478" title="Dimension of primitive Vassiliev knot invariants of order n.">A007478</a>.
1, 1, 1, 1, 2, 3, 5, 8, 12, 18, 27, 39, 55, 77, 106, 144, 194, 258, 340, 445, 577, 743, 951, 1209, 1529, 1924, 2408, 3000, 3722, 4598, 5658, 6938, 8477, 10323, 12533, 15169, 18307, 22035, 26451, 31673, 37836, 45092, 53620, 63626, 75342, 89038, 105024, 123648


a(n) = (3n)!/(6^n).
1, 1, 20, 1680, 369600, 168168000, 137225088000, 182509367040000, 369398958888960000, 1080491954750208000000, 4386797336285844480000000, 23934366266775567482880000000, 170891375144777551827763200000000, 1561776277448122046153927884800000000


Inverse of 598th cyclotomic polynomial.
1, -1, 1, -1, 1, -1, 1, -1, 1, -1, 1, -1, 1, 0, 0, 0, 0, 0, 0, 0, 0, 0, 0, 1, -1, 1, -1, 1, -1, 1, -1, 1, -1, 1, -1, 1, 0, 0, 0, 0, 0, 0, 0, 0, 0, 0, 0, 0, 0, 0, 0, 0, 0, 0, 0, 0, 0, 0, 0, 0, 0, 0, 0, 0, 0, 0, 0, 0, 0, 0, 0, 0, 0, 0, 0, 0, 0, 0, 0, 0, 0


a(n) = (4n)!/(24^n).
1, 1, 70, 34650, 63063000, 305540235000, 3246670537110000, 66475579247327250000, 2390461829733887910000000, 140810154080474667338550000000, 12868639981414579848070084500000000, 1746930746117010628955362040959500000000


a(n) = (5n)!/(5!^n).
1, 1, 252, 756756, 11732745024, 623360743125120, 88832646059788350720, 28837919555681211870935040, 18975581770994682860770223800320, 23183587808948692737291767860055162880, 49120458506088132224064306071170476903628800


Tetranacci numbers arising in connection with current algebras sp(2)_n.
3, 5, 10, 19, 37, 71, 137, 264, 509, 981, 1891, 3645, 7026, 13543, 26105, 50319, 96993, 186960, 360377, 694649, 1338979, 2580965, 4974970, 9589563, 18484477, 35629975, 68678985, 132383000, 255176437


Inverse of 602nd cyclotomic polynomial.
1, -1, 1, -1, 1, -1, 1, 0, 0, 0, 0, 0, 0, 0, 0, 0, 0, 0, 0, 0, 0, 0, 0, 0, 0, 0, 0, 0, 0, 0, 0, 0, 0, 0, 0, 0, 0, 0, 0, 0, 0, 0, 0, 1, -1, 1, -1, 1, -1, 1, 0, 0, 0, 0, 0, 0, 0, 0, 0, 0, 0, 0, 0, 0, 0, 0, 0, 0, 0, 0, 0, 0, 0, 0, 0, 0, 0, 0, 0, 0, 0


Numbers that are the product of exactly three (not necessarily distinct) primes.
8, 12, 18, 20, 27, 28, 30, 42, 44, 45, 50, 52, 63, 66, 68, 70, 75, 76, 78, 92, 98, 99, 102, 105, 110, 114, 116, 117, 124, 125, 130, 138, 147, 148, 153, 154, 164, 165, 170, 171, 172, 174, 175, 182, 186, 188, 190, 195, 207, 212, 222, 230, 231, 236, 238, 242, 244


Numbers that are products of 4 primes (these numbers are sometimes called &quot;4-almost primes&quot;, a generalization of semiprimes).
16, 24, 36, 40, 54, 56, 60, 81, 84, 88, 90, 100, 104, 126, 132, 135, 136, 140, 150, 152, 156, 184, 189, 196, 198, 204, 210, 220, 225, 228, 232, 234, 248, 250, 260, 276, 294, 296, 297, 306, 308, 315, 328, 330, 340, 342, 344, 348, 350, 351, 364, 372, 375, 376


Numbers that are products of 5 primes (or 5-almost primes, a generalization of semiprimes).
32, 48, 72, 80, 108, 112, 120, 162, 168, 176, 180, 200, 208, 243, 252, 264, 270, 272, 280, 300, 304, 312, 368, 378, 392, 396, 405, 408, 420, 440, 450, 456, 464, 468, 496, 500, 520, 552, 567, 588, 592, 594, 612, 616, 630, 656, 660, 675, 680, 684, 688, 696


Erroneous version of <a href="/A001272" title="Numbers n such that n! - (n-1)! + (n-2)! - (n-3)! + ... - (-1)^n*1! is prime.">A001272</a>.
3, 4, 5, 6, 7, 8, 41, 59, 61, 105, 160


a(n) = solution to the postage stamp problem with 2 denominations and n stamps.
2, 4, 7, 10, 14, 18, 23, 28, 34, 40, 47, 54, 62, 70, 79, 88, 98, 108, 119, 130, 142, 154, 167, 180, 194, 208, 223, 238, 254, 270, 287, 304, 322, 340, 359, 378, 398, 418, 439, 460, 482, 504, 527, 550, 574, 598, 623, 648, 674, 700, 727, 754, 782, 810, 839, 868


Antidiagonals of the prime-composite array B(m,n) (see <a href="/A067681" title="Diagonals and antidiagonals of the prime-composite array, B(m,n) which are zeros from the Third Borve Conjecture.">A067681</a>) that are zeros from the first Borve conjecture.
4, 8, 12, 23, 30, 35, 46, 49, 70, 73, 88, 97, 102, 106, 118, 123, 146, 162, 167, 171, 195, 205, 236, 240, 242, 245, 254, 270, 272, 290, 292, 297, 320, 325, 332, 342, 355, 365, 374, 444, 453, 502, 508, 523, 532, 578, 585, 596, 599, 609, 634, 645, 663, 677, 687


Inverse of 609th cyclotomic polynomial.
1, -1, 0, 1, -1, 0, 1, 0, -1, 1, 0, -1, 1, 0, 0, 0, 0, 0, 0, 0, 0, 0, 0, 0, 0, 0, 0, 0, 0, 1, -1, 0, 1, -1, 0, 1, 0, -1, 1, 0, -1, 1, 0, 0, 0, 0, 0, 0, 0, 0, 0, 0, 0, 0, 0, 0, 0, 0, 1, -1, 0, 1, -1, 0, 1, 0, -1, 1, 0, -1, 1, 0, 0, 0, 0, 0, 0, 0, 0, 0, 0


Exponential generating function is -f(x) * int(exp(exp(-t)-1),t,0,x) where f(x) = exp(1-x-exp(-x)) is an exponential generating function for <a href="/A014182" title="Expansion of e.g.f. exp(1-x-exp(-x)).">A014182</a>.
-1, 1, 1, -5, 5, 21, -105, 141, 777, -5513, 13209, 39821, -527525, 2257425, -41511, -70561285, 531862173, -1559180499, -8858267353, 147780183829, -936560917615, 1352130196615, 38710924110081, -487251979381019, 2846575686392251, 872653153712201


Inverse of 611th cyclotomic polynomial.
1, 1, 1, 1, 1, 1, 1, 1, 1, 1, 1, 1, 1, 0, 0, 0, 0, 0, 0, 0, 0, 0, 0, 0, 0, 0, 0, 0, 0, 0, 0, 0, 0, 0, 0, 0, 0, 0, 0, 0, 0, 0, 0, 0, 0, 0, 0, -1, -1, -1, -1, -1, -1, -1, -1, -1, -1, -1, -1, -1, 0, 0, 0, 0, 0, 0, 0, 0, 0, 0, 0, 0, 0, 0, 0, 0, 0, 0, 0, 0, 0


Triangle of numbers arising from analysis of Levine's sequence <a href="/A011784" title="Levine's sequence. First construct a triangle as follows. Row 1 is {1,1}; if row n is {r_1, ..., r_k} then row n+1 consists ...">A011784</a>.
1, 1, 3, 1, 15, 10, 3, 1, 105, 105, 55, 30, 10, 3, 1, 945, 1260, 910, 630, 350, 168, 76, 30, 10, 3, 1


Row sums of <a href="/A014621" title="Triangle of numbers arising from analysis of Levine's sequence A011784.">A014621</a>.
1, 1, 4, 29, 309, 4383


Sequence arising from analysis of Levine's sequence <a href="/A011784" title="Levine's sequence. First construct a triangle as follows. Row 1 is {1,1}; if row n is {r_1, ..., r_k} then row n+1 consists ...">A011784</a>.
1, 1, 2, 7, 33, 201, 1479, 12842, 127952


Inverse of 615th cyclotomic polynomial.
1, -1, 0, 1, -1, 1, 0, -1, 1, 0, 0, 0, 0, 0, 0, 0, 0, 0, 0, 0, 0, 0, 0, 0, 0, 0, 0, 0, 0, 0, 0, 0, 0, 0, 0, 0, 0, 0, 0, 0, 0, 1, -1, 0, 1, -1, 1, 0, -1, 1, 0, 0, 0, 0, 0, 0, 0, 0, 0, 0, 0, 0, 0, 0, 0, 0, 0, 0, 0, 0, 0, 0, 0, 0, 0, 0, 0, 0, 0, 0, 0


Inverse of 616th cyclotomic polynomial.
1, 0, 0, 0, -1, 0, 0, 0, 1, 0, 0, 0, -1, 0, 0, 0, 1, 0, 0, 0, -1, 0, 0, 0, 1, 0, 0, 0, 0, 0, 0, 0, 0, 0, 0, 0, 0, 0, 0, 0, 0, 0, 0, 0, 1, 0, 0, 0, -1, 0, 0, 0, 1, 0, 0, 0, -1, 0, 0, 0, 1, 0, 0, 0, -1, 0, 0, 0, 1, 0, 0, 0, 0, 0, 0, 0, 0, 0, 0, 0, 0


Number of intersection points of diagonals of an n-gon in general position, plus number of vertices.
0, 1, 2, 3, 5, 10, 21, 42, 78, 135, 220, 341, 507, 728, 1015, 1380, 1836, 2397, 3078, 3895, 4865, 6006, 7337, 8878, 10650, 12675, 14976, 17577, 20503, 23780, 27435, 31496, 35992, 40953, 46410, 52395, 58941, 66082, 73853, 82290, 91430, 101311


Consider all complete bipartite graphs on 2n nodes and all possible assignment of weights w(i) (for nodes i=1,...,2n); sequence gives maximal number of ways to orient the edges of the graph so that each node i has w(i) edges oriented towards it (for i=1,...,2n).
1, 1, 2, 3, 6, 15, 90, 310, 1860, 8280, 163560, 1346940, 21476700


Number of segments (and sides) created by diagonals of an n-gon in general position.
3, 8, 20, 45, 91, 168, 288, 465, 715, 1056, 1508, 2093, 2835, 3760, 4896, 6273, 7923, 9880, 12180, 14861, 17963, 21528, 25600, 30225, 35451, 41328, 47908, 55245, 63395, 72416, 82368, 93313, 105315, 118440, 132756, 148333, 165243, 183560


Number of segments created by diagonals of n-gon.
0, 4, 15, 39, 84, 160, 279, 455, 704, 1044, 1495, 2079, 2820, 3744, 4879, 6255, 7904, 9860, 12159, 14839, 17940, 21504, 25575, 30199, 35424, 41300, 47879, 55215, 63364, 72384, 82335, 93279, 105280, 118404, 132719, 148295, 165204, 183520


Distinct elements occurring in triangle of Eulerian numbers (unsorted).
1, 4, 11, 26, 66, 57, 302, 120, 1191, 2416, 247, 4293, 15619, 502, 14608, 88234, 156190, 1013, 47840, 455192, 1310354, 2036, 152637, 2203488, 9738114, 15724248, 4083, 478271, 10187685, 66318474, 162512286, 8178, 1479726, 45533450


Numbers in order in which they appear in Pascal's triangle.
1, 2, 3, 4, 6, 5, 10, 15, 20, 7, 21, 35, 8, 28, 56, 70, 9, 36, 84, 126, 45, 120, 210, 252, 11, 55, 165, 330, 462, 12, 66, 220, 495, 792, 924, 13, 78, 286, 715, 1287, 1716, 14, 91, 364, 1001, 2002, 3003, 3432, 105, 455, 1365, 5005, 6435, 16, 560, 1820, 4368, 8008, 11440


Odd pentagonal numbers.
1, 5, 35, 51, 117, 145, 247, 287, 425, 477, 651, 715, 925, 1001, 1247, 1335, 1617, 1717, 2035, 2147, 2501, 2625, 3015, 3151, 3577, 3725, 4187, 4347, 4845, 5017, 5551, 5735, 6305, 6501, 7107, 7315, 7957, 8177, 8855, 9087, 9801, 10045, 10795, 11051, 11837


Even pentagonal numbers.
0, 12, 22, 70, 92, 176, 210, 330, 376, 532, 590, 782, 852, 1080, 1162, 1426, 1520, 1820, 1926, 2262, 2380, 2752, 2882, 3290, 3432, 3876, 4030, 4510, 4676, 5192, 5370, 5922, 6112, 6700, 6902, 7526, 7740, 8400, 8626, 9322


a(n) = (2*n+1)*(4*n+1).
1, 15, 45, 91, 153, 231, 325, 435, 561, 703, 861, 1035, 1225, 1431, 1653, 1891, 2145, 2415, 2701, 3003, 3321, 3655, 4005, 4371, 4753, 5151, 5565, 5995, 6441, 6903, 7381, 7875, 8385, 8911, 9453, 10011, 10585, 11175, 11781, 12403, 13041, 13695, 14365, 15051


a(n) = 2*n*(4*n - 1).
0, 6, 28, 66, 120, 190, 276, 378, 496, 630, 780, 946, 1128, 1326, 1540, 1770, 2016, 2278, 2556, 2850, 3160, 3486, 3828, 4186, 4560, 4950, 5356, 5778, 6216, 6670, 7140, 7626, 8128, 8646, 9180, 9730, 10296, 10878, 11476, 12090, 12720, 13366, 14028, 14706


Inverse of 627th cyclotomic polynomial.
1, -1, 0, 1, -1, 0, 1, -1, 0, 1, -1, 1, 0, -1, 1, 0, -1, 1, 0, 0, 0, 0, 1, -1, 0, 1, -1, 0, 1, -1, 1, 0, -1, 1, 0, -1, 1, 0, 0, 0, 0, 1, -1, 0, 1, -1, 0, 1, -1, 1, 0, -1, 1, 0, -1, 1, 0, -1, 1, 0, 0, 0, 0, 0, 0, 0, 0, 0, 0, 0, 0, 0, 0, 0, 0, 0, 0, 0, 0, 0, 0


Odd heptagonal numbers (<a href="/A000566" title="Heptagonal numbers (or 7-gonal numbers): n(5n-3)/2.">A000566</a>).
1, 7, 55, 81, 189, 235, 403, 469, 697, 783, 1071, 1177, 1525, 1651, 2059, 2205, 2673, 2839, 3367, 3553, 4141, 4347, 4995, 5221, 5929, 6175, 6943, 7209, 8037, 8323, 9211, 9517, 10465, 10791, 11799, 12145, 13213, 13579, 14707, 15093, 16281, 16687, 17935


Inverse of 629th cyclotomic polynomial.
1, 1, 1, 1, 1, 1, 1, 1, 1, 1, 1, 1, 1, 1, 1, 1, 1, 0, 0, 0, 0, 0, 0, 0, 0, 0, 0, 0, 0, 0, 0, 0, 0, 0, 0, 0, 0, -1, -1, -1, -1, -1, -1, -1, -1, -1, -1, -1, -1, -1, -1, -1, -1, -1, 0, 0, 0, 0, 0, 0, 0, 0, 0, 0, 0, 0, 0, 0, 0, 0, 0, 0


Inverse of 630th cyclotomic polynomial.
1, 0, 0, 1, 0, 0, 0, 0, 0, -1, 0, 0, -1, 0, 0, -1, 0, 0, 0, 0, 0, 0, 0, 0, 0, 0, 0, 0, 0, 0, 1, 0, 0, 1, 0, 0, 1, 0, 0, 0, 0, 0, 0, 0, 0, 0, 0, 0, 0, 0, 0, -1, 0, 0, -1, 0, 0, -1, 0, 0, 0, 0, 0, 1, 0, 0, 1, 0, 0, 0, 0, 0, 0, 0, 0, 0, 0, 0, 0, 0, 0


Even heptagonal numbers (<a href="/A000566" title="Heptagonal numbers (or 7-gonal numbers): n(5n-3)/2.">A000566</a>).
0, 18, 34, 112, 148, 286, 342, 540, 616, 874, 970, 1288, 1404, 1782, 1918, 2356, 2512, 3010, 3186, 3744, 3940, 4558, 4774, 5452, 5688, 6426, 6682, 7480, 7756, 8614, 8910, 9828, 10144, 11122, 11458, 12496, 12852, 13950, 14326, 15484, 15880, 17098, 17514, 18792


Odd octagonal numbers: (2n+1)(6n+1).
1, 21, 65, 133, 225, 341, 481, 645, 833, 1045, 1281, 1541, 1825, 2133, 2465, 2821, 3201, 3605, 4033, 4485, 4961, 5461, 5985, 6533, 7105, 7701, 8321, 8965, 9633, 10325, 11041, 11781, 12545, 13333, 14145, 14981, 15841, 16725, 17633, 18565, 19521, 20501, 21505


Even octagonal numbers: 4*n*(3*n-1).
0, 8, 40, 96, 176, 280, 408, 560, 736, 936, 1160, 1408, 1680, 1976, 2296, 2640, 3008, 3400, 3816, 4256, 4720, 5208, 5720, 6256, 6816, 7400, 8008, 8640, 9296, 9976, 10680, 11408, 12160, 12936, 13736, 14560, 15408, 16280, 17176, 18096, 19040, 20008, 21000, 22016


Triangular array starting with {1,1}; then i-th term in a row gives number of i's in next row.
1, 1, 1, 2, 1, 2, 2, 1, 2, 2, 3, 3, 1, 2, 2, 3, 3, 4, 4, 4, 5, 5, 5, 1, 2, 2, 3, 3, 4, 4, 4, 5, 5, 5, 6, 6, 6, 6, 7, 7, 7, 7, 8, 8, 8, 8, 9, 9, 9, 9, 9, 10, 10, 10, 10, 10, 11, 11, 11, 11, 11


Form array starting with {1,1}; then i-th term in a row gives number of i's in next row; sequence is formed from final term in each row.
1, 2, 2, 3, 5, 11, 38, 272, 6474, 1090483, 4363282578, 2940715000315189, 7930047000157075949085439, 14412592242471457956514645440241289655074, 70636608026754077888330819116433040562582634705380432362008848092


a(n) = (n-1)^a(1) + (n-2)^a(2) + (n-3)^a(3) + ... + 1^a(n-1).
1, 1, 3, 6, 16, 101, 66341, 2535301200456458802993449461708


Inverse of 637th cyclotomic polynomial.
1, 0, 0, 0, 0, 0, 0, 1, 0, 0, 0, 0, 0, 0, 1, 0, 0, 0, 0, 0, 0, 1, 0, 0, 0, 0, 0, 0, 1, 0, 0, 0, 0, 0, 0, 1, 0, 0, 0, 0, 0, 0, 1, 0, 0, 0, 0, 0, 0, 0, 0, 0, 0, 0, 0, 0, 0, 0, 0, 0, 0, 0, 0, 0, 0, 0, 0, 0, 0, 0, 0, 0, 0, 0, 0, 0, 0, 0, 0, 0, 0


Inverse of 638th cyclotomic polynomial.
1, -1, 1, -1, 1, -1, 1, -1, 1, -1, 1, 0, 0, 0, 0, 0, 0, 0, 0, 0, 0, 0, 0, 0, 0, 0, 0, 0, 0, 1, -1, 1, -1, 1, -1, 1, -1, 1, -1, 1, 0, 0, 0, 0, 0, 0, 0, 0, 0, 0, 0, 0, 0, 0, 0, 0, 0, 0, 0, 0, 0, 0, 0, 0, 0, 0, 0, 0, 0, 0, 0, 0, 0, 0, 0, 0, 0, 0, 0, 0, 0


Number of partitions of n into its divisors with at least one part of size 1.
1, 1, 1, 2, 1, 5, 1, 6, 3, 8, 1, 33, 1, 11, 11, 26, 1, 66, 1, 76, 15, 17, 1, 378, 5, 20, 18, 136, 1, 648, 1, 166, 23, 26, 23, 1954, 1, 29, 27, 1212, 1, 1500, 1, 309, 261, 35, 1, 8600, 7, 378, 35, 422, 1, 2877, 35, 2803, 39, 44, 1, 66129, 1, 47, 461, 1626, 41, 4936


Number of partitions of n into its nonprime power divisors with at least one part of size 1.
1, 1, 1, 1, 1, 1, 1, 1, 1, 1, 1, 2, 1, 1, 1, 1, 1, 3, 1, 2, 1, 1, 1, 6, 1, 1, 1, 2, 1, 15, 1, 1, 1, 1, 1, 16, 1, 1, 1, 6, 1, 21, 1, 2, 3, 1, 1, 26, 1, 5, 1, 2, 1, 18, 1, 6, 1, 1, 1, 238, 1, 1, 3, 1, 1, 31, 1, 2, 1, 31, 1, 139, 1, 1, 5, 2, 1, 37, 1, 26, 1, 1, 1, 414, 1, 1, 1, 6, 1, 612, 1, 2, 1, 1


Number of partitions of n into its prime power divisors with at least one part of size 1.
1, 1, 1, 2, 1, 5, 1, 6, 3, 8, 1, 27, 1, 11, 11, 26, 1, 43, 1, 63, 15, 17, 1, 215, 5, 20, 18, 114, 1, 226, 1, 166, 23, 26, 23, 734, 1, 29, 27, 728, 1, 422, 1, 261, 181, 35, 1, 2697, 7, 179, 35, 357, 1, 791, 35, 1729, 39, 44, 1, 6747, 1, 47, 325, 1626, 41, 996, 1, 594, 47


Number of partitions of n into its nonprime divisors with at least one part of size 1.
1, 1, 1, 1, 1, 1, 1, 2, 1, 1, 1, 5, 1, 1, 1, 6, 1, 5, 1, 8, 1, 1, 1, 33, 1, 1, 3, 11, 1, 15, 1, 26, 1, 1, 1, 116, 1, 1, 1, 76, 1, 21, 1, 17, 11, 1, 1, 378, 1, 8, 1, 20, 1, 66, 1, 136, 1, 1, 1, 961, 1, 1, 15, 166, 1, 31, 1, 26, 1, 31, 1, 4246, 1, 1, 11, 29, 1, 37, 1, 1212, 18, 1, 1


Number of partitions of n in its prime divisors with at least one part of size 1.
1, 1, 1, 2, 1, 5, 1, 4, 3, 8, 1, 16, 1, 11, 11, 8, 1, 33, 1, 26, 15, 17, 1, 56, 5, 20, 9, 36, 1, 226, 1, 16, 23, 26, 23, 120, 1, 29, 27, 92, 1, 422, 1, 56, 78, 35, 1, 208, 7, 140, 35, 66, 1, 261, 35, 128, 39, 44, 1, 1487, 1, 47, 108, 32, 41, 996, 1, 86, 47, 1062, 1, 456, 1, 56


Inverse of 644th cyclotomic polynomial.
1, 0, -1, 0, 1, 0, -1, 0, 1, 0, -1, 0, 1, 0, 0, 0, 0, 0, 0, 0, 0, 0, 0, 0, 0, 0, 0, 0, 0, 0, 0, 0, 0, 0, 0, 0, 0, 0, 0, 0, 0, 0, 0, 0, 0, 0, 1, 0, -1, 0, 1, 0, -1, 0, 1, 0, -1, 0, 1, 0, 0, 0, 0, 0, 0, 0, 0, 0, 0, 0, 0, 0, 0, 0, 0, 0, 0, 0, 0, 0, 0


Inverse of 645th cyclotomic polynomial.
1, -1, 0, 1, -1, 1, 0, -1, 1, 0, 0, 0, 0, 0, 0, 0, 0, 0, 0, 0, 0, 0, 0, 0, 0, 0, 0, 0, 0, 0, 0, 0, 0, 0, 0, 0, 0, 0, 0, 0, 0, 0, 0, 1, -1, 0, 1, -1, 1, 0, -1, 1, 0, 0, 0, 0, 0, 0, 0, 0, 0, 0, 0, 0, 0, 0, 0, 0, 0, 0, 0, 0, 0, 0, 0, 0, 0, 0, 0, 0, 0


Inverse of 646th cyclotomic polynomial.
1, -1, 1, -1, 1, -1, 1, -1, 1, -1, 1, -1, 1, -1, 1, -1, 1, 0, 0, 1, -1, 1, -1, 1, -1, 1, -1, 1, -1, 1, -1, 1, -1, 1, -1, 1, 0, 0, 0, 0, 0, 0, 0, 0, 0, 0, 0, 0, 0, 0, 0, 0, 0, 0, 0, 0, 0, 0, 0, 0, 0, 0, 0, 0, 0, 0, 0, 0, 0, 0, 0, 0, 0, 0, 0, 0, 0, 0, 0, 0, 0


Numbers of letters in n (in the Norwegian language Bokmal).
2, 2, 3, 4, 3, 4, 3, 4, 2, 2, 6, 4, 7, 7, 6, 7, 6, 5, 6, 4, 7, 6, 7, 8, 7, 8, 7, 8, 6, 6, 9, 8, 9, 10, 9, 10, 9, 10, 8, 5, 8, 7, 8, 9, 8, 9, 8, 9, 7, 5, 8, 7, 8, 9, 8, 9, 8, 9, 7, 6, 9, 8, 9, 10, 9, 10, 9, 10, 8, 5, 8, 7, 8, 9, 8, 9, 8, 9, 7, 4, 7, 6, 7, 8, 7, 8, 7, 8, 6, 5, 8, 7, 8, 9, 8, 9


Numbers m that divide 2^k + 1 for some k.
1, 2, 3, 5, 9, 11, 13, 17, 19, 25, 27, 29, 33, 37, 41, 43, 53, 57, 59, 61, 65, 67, 81, 83, 97, 99, 101, 107, 109, 113, 121, 125, 129, 131, 137, 139, 145, 149, 157, 163, 169, 171, 173, 177, 179, 181, 185, 193, 197, 201, 205, 209, 211, 227, 229, 241, 243, 249, 251, 257, 265


Inverse of 649th cyclotomic polynomial.
1, 1, 1, 1, 1, 1, 1, 1, 1, 1, 1, 0, 0, 0, 0, 0, 0, 0, 0, 0, 0, 0, 0, 0, 0, 0, 0, 0, 0, 0, 0, 0, 0, 0, 0, 0, 0, 0, 0, 0, 0, 0, 0, 0, 0, 0, 0, 0, 0, 0, 0, 0, 0, 0, 0, 0, 0, 0, 0, -1, -1, -1, -1, -1, -1, -1, -1, -1, -1, -1, 0, 0, 0, 0, 0, 0, 0, 0, 0, 0, 0


Numbers n that are odd and do not divide 2^k + 1 for any k &gt;= 1.
7, 15, 21, 23, 31, 35, 39, 45, 47, 49, 51, 55, 63, 69, 71, 73, 75, 77, 79, 85, 87, 89, 91, 93, 95, 103, 105, 111, 115, 117, 119, 123, 127, 133, 135, 141, 143, 147, 151, 153, 155, 159, 161, 165, 167, 175, 183, 187, 189, 191, 195, 199, 203, 207, 213, 215, 217, 219


Inverse of 651st cyclotomic polynomial.
1, -1, 0, 1, -1, 0, 1, 0, -1, 1, 0, -1, 1, 0, 0, 0, 0, 0, 0, 0, 0, 0, 0, 0, 0, 0, 0, 0, 0, 0, 0, 1, -1, 0, 1, -1, 0, 1, 0, -1, 1, 0, -1, 1, 0, 0, 0, 0, 0, 0, 0, 0, 0, 0, 0, 0, 0, 0, 0, 0, 0, 0, 1, -1, 0, 1, -1, 0, 1, 0, -1, 1, 0, -1, 1, 0, 0, 0, 0, 0, 0


Numbers that do not divide 2^k + 1 for any k&gt;0.
2, 4, 6, 7, 8, 10, 12, 14, 15, 16, 18, 20, 21, 22, 23, 24, 26, 28, 30, 31, 32, 34, 35, 36, 38, 39, 40, 42, 44, 45, 46, 47, 48, 49, 50, 51, 52, 54, 55, 56, 58, 60, 62, 63, 64, 66, 68, 69, 70, 71, 72, 73, 74, 75, 76, 77, 78, 79, 80, 82, 84, 85, 86, 87, 88, 89, 90, 91, 92, 93, 94


Primes p such that order of 2 mod p (=<a href="/A007733" title="Period of binary representation of 1/n. Also, multiplicative order of 2 modulo the odd part of n (=A000265(n)).">A007733</a>(p)) is even.
3, 5, 11, 13, 17, 19, 29, 37, 41, 43, 53, 59, 61, 67, 83, 97, 101, 107, 109, 113, 131, 137, 139, 149, 157, 163, 173, 179, 181, 193, 197, 211, 227, 229, 241, 251, 257, 269, 277, 281, 283, 293, 307, 313, 317, 331, 347, 349, 353, 373, 379, 389, 397, 401, 409, 419


Primes p such that multiplicative order of 2 modulo p is odd.
7, 23, 31, 47, 71, 73, 79, 89, 103, 127, 151, 167, 191, 199, 223, 233, 239, 263, 271, 311, 337, 359, 367, 383, 431, 439, 463, 479, 487, 503, 599, 601, 607, 631, 647, 719, 727, 743, 751, 823, 839, 863, 881, 887, 911, 919, 937, 967, 983, 991, 1031, 1039, 1063


Order of 2 modulo the n-th prime.
2, 4, 3, 10, 12, 8, 18, 11, 28, 5, 36, 20, 14, 23, 52, 58, 60, 66, 35, 9, 39, 82, 11, 48, 100, 51, 106, 36, 28, 7, 130, 68, 138, 148, 15, 52, 162, 83, 172, 178, 180, 95, 96, 196, 99, 210, 37, 226, 76, 29, 119, 24, 50, 16, 131, 268, 135, 92, 70, 94, 292, 102, 155, 156, 316


Number of new fractions m/n, where (m,n)=1 and &quot;new&quot; means the value of mn has not occurred before.
1, 1, 2, 2, 4, 1, 6, 4, 6, 2, 10, 3, 12, 3, 5, 8, 16, 3, 18, 6, 7, 5, 22, 5, 20, 6, 18, 8, 28, 4, 30, 16, 12, 8, 18, 9, 36, 9, 14, 12, 40, 6, 42, 13, 17, 11, 46, 11, 42, 10, 19, 15, 52, 9, 25, 20, 21, 14, 58, 10, 60, 15, 28, 32, 29, 9, 66, 21, 26, 11, 70, 20, 72, 18, 23, 23, 42, 11, 78, 23, 54


Partial sums of <a href="/A014665" title="Number of new fractions m/n, where (m,n)=1 and &quot;new&quot; means the value of mn has not occurred before.">A014665</a>.
1, 2, 4, 6, 10, 11, 17, 21, 27, 29, 39, 42, 54, 58, 63, 71, 87, 90, 108, 114, 121, 126


Inverse of 658th cyclotomic polynomial.
1, -1, 1, -1, 1, -1, 1, 0, 0, 0, 0, 0, 0, 0, 0, 0, 0, 0, 0, 0, 0, 0, 0, 0, 0, 0, 0, 0, 0, 0, 0, 0, 0, 0, 0, 0, 0, 0, 0, 0, 0, 0, 0, 0, 0, 0, 0, 1, -1, 1, -1, 1, -1, 1, 0, 0, 0, 0, 0, 0, 0, 0, 0, 0, 0, 0, 0, 0, 0, 0, 0, 0, 0, 0, 0, 0, 0, 0, 0, 0, 0


a(1) = 1, a(n) = Sum_{k=1..n-1} Sum_{d|k} a(d).
1, 1, 3, 7, 16, 33, 71, 143, 295, 594, 1206, 2413, 4871, 9743, 19559, 39138, 78428, 156857, 314047, 628095, 1256809, 2513693, 5028594, 10057189, 20116979, 40233975, 80472823, 160945945, 321901713, 643803427, 1287627061, 2575254123, 5150547536, 10301096282


Inverse of 660th cyclotomic polynomial.
1, 0, 1, 0, 0, 0, -1, 0, -1, 0, -1, 0, 0, 0, 1, 0, 1, 0, 0, 0, 0, 0, -1, 0, -1, 0, 0, 0, 1, 0, 1, 0, 1, 0, 0, 0, -1, 0, -1, 0, 0, 0, 0, 0, 1, 0, 1, 0, 0, 0, -1, 0, -1, 0, -1, 0, 0, 0, 1, 0, 1, 0, 0, 0, 0, 0, 0, 0, 0, 0, 0, 0, 0, 0, 0, 0, 0, 0, 0, 0, 0


G.f.: (1+x)*(1+x^3)*(1+x^5)*(1+x^7)*(1+x^9)/((1-x^2)*(1-x^4)*(1-x^6)*(1-x^8)*(1-x^10)).
1, 1, 1, 2, 3, 4, 5, 7, 10, 13, 16, 20, 26, 32, 38, 47, 58, 69, 81, 96, 114, 133, 153, 177, 206, 236, 267, 304, 346, 390, 437, 490, 550, 613, 679, 753, 835, 921, 1011, 1111, 1221, 1335, 1455, 1586, 1728, 1877, 2032, 2200, 2382, 2571, 2768, 2980, 3207, 3443, 3689, 3952


Poincar<unkown> series [or Poincare series] (or Molien series) for mod 2 cohomology of alternating group A_7 subset A_8 acting on polynomial ring F_2[ x_1,y_1,z_1,w_1 ].
1, 0, 0, 0, 0, 0, 0, 0, 1, 0, 0, 0, 1, 0, 1, 1, 1, 0, 1, 0, 2, 1, 1, 1, 3, 1, 2, 2, 3, 2, 3, 1, 5, 3, 3, 4, 6, 3, 5, 5, 7, 5, 7, 5, 9, 7, 7, 8, 12, 8, 11, 10, 12, 11, 13, 11, 17, 14, 14, 15, 20, 15, 19, 19, 22, 20, 22, 20, 27, 24, 25


Inverse of 663rd cyclotomic polynomial.
1, -1, 0, 1, -1, 0, 1, -1, 0, 1, -1, 0, 1, 0, -1, 1, 0, 0, 0, 0, 0, 0, 0, 0, 0, 0, 1, -1, 0, 1, 0, -1, 1, 0, 0, 0, 0, 0, 0, 0, 0, 0, 0, 1, -1, 0, 1, 0, -1, 1, 0, -1, 1, 0, -1, 1, 0, -1, 1, 0, 0, 0, 0, 0, 0, 0, 0, 0, 0, 0, 0, 0, 0, 0, 0, 0, 0, 0, 0, 0, 0


Smallest prime factor of greatest proper divisor of n.
1, 1, 1, 2, 1, 3, 1, 2, 3, 5, 1, 2, 1, 7, 5, 2, 1, 3, 1, 2, 7, 11, 1, 2, 5, 13, 3, 2, 1, 3, 1, 2, 11, 17, 7, 2, 1, 19, 13, 2, 1, 3, 1, 2, 3, 23, 1, 2, 7, 5, 17, 2, 1, 3, 11, 2, 19, 29, 1, 2, 1, 31, 3, 2, 13, 3, 1, 2, 23, 5, 1, 2, 1, 37, 5, 2, 11, 3, 1, 2, 3, 41, 1, 2, 17, 43, 29, 2, 1, 3, 13, 2, 31, 47


Inverse of 665th cyclotomic polynomial.
1, -1, 0, 0, 0, 1, -1, 1, -1, 0, 1, -1, 1, -1, 1, 0, -1, 1, -1, 2, -1, 0, 0, -1, 2, -1, 1, -1, 0, 1, -1, 1, -1, 1, 0, -1, 1, -1, 2, -1, 0, 0, -1, 2, -1, 1, -1, 0, 1, -1, 1, -1, 1, 0, -1, 1, -1, 2, -1, 0, 0, -1, 2, -1, 1, -1, 0, 1, -1, 1, -1, 1, 0, -1, 1, -1, 2, -1, 0, 0, -1


The infinite Fibonacci word (start with 1, apply 1-&gt;2, 2-&gt;21, take limit).
2, 1, 2, 2, 1, 2, 1, 2, 2, 1, 2, 2, 1, 2, 1, 2, 2, 1, 2, 1, 2, 2, 1, 2, 2, 1, 2, 1, 2, 2, 1, 2, 2, 1, 2, 1, 2, 2, 1, 2, 1, 2, 2, 1, 2, 2, 1, 2, 1, 2, 2, 1, 2, 1, 2, 2, 1, 2, 2, 1, 2, 1, 2, 2, 1, 2, 2, 1, 2, 1, 2, 2, 1, 2, 1, 2, 2, 1, 2, 2, 1, 2, 1, 2, 2, 1, 2, 2, 1, 2, 1, 2, 2


Inverse of 667th cyclotomic polynomial.
1, 1, 1, 1, 1, 1, 1, 1, 1, 1, 1, 1, 1, 1, 1, 1, 1, 1, 1, 1, 1, 1, 1, 0, 0, 0, 0, 0, 0, -1, -1, -1, -1, -1, -1, -1, -1, -1, -1, -1, -1, -1, -1, -1, -1, -1, -1, -1, -1, -1, -1, -1, 0, 0, 0, 0, 0, 0, 0, 0, 0, 0, 0, 0, 0, 0, 0, 0, 0, 0, 0


First differences of <a href="/A001468" title="There are a(n) 2's between successive 1's.">A001468</a>.
1, -1, 1, 0, -1, 1, -1, 1, 0, -1, 1, 0, -1, 1, -1, 1, 0, -1, 1, -1, 1, 0, -1, 1, 0, -1, 1, -1, 1, 0, -1, 1, 0, -1, 1, -1, 1, 0, -1, 1, -1, 1, 0, -1, 1, 0, -1, 1, -1, 1, 0, -1, 1, -1, 1, 0, -1, 1, 0, -1, 1, -1, 1, 0, -1, 1, 0, -1, 1, -1, 1, 0, -1, 1, -1, 1, 0, -1, 1, 0, -1, 1, -1, 1, 0, -1, 1, 0, -1, 1, -1, 1


Poincar<unkown> series [or Poincare series] (or Molien series) for mod 2 cohomology of Lyons group.
1, 0, 0, 0, 0, 0, 0, 1, 1, 0, 0, 1, 1, 1, 2, 2, 1, 1, 2, 2, 3, 3, 2, 3, 4, 4, 4, 5, 5, 5, 5, 5, 8, 7, 6, 9, 9, 8, 9, 11, 11, 11, 12, 12, 14, 14, 13, 16, 18, 17, 18, 19, 19, 21, 21, 22, 26, 25, 23, 27, 30, 28, 30, 33, 33, 34, 34


G.f.: (1+x^3)^2/((1-x^2)*(1-x^3)*(1-x^4)).
1, 0, 1, 3, 2, 3, 6, 6, 7, 10, 11, 13, 16, 17, 20, 24, 25, 28, 33, 35, 38, 43, 46, 50, 55, 58, 63, 69, 72, 77, 84, 88, 93, 100, 105, 111, 118, 123, 130, 138, 143, 150, 159, 165, 172, 181, 188, 196, 205, 212, 221, 231, 238, 247, 258, 266, 275, 286, 295, 305


Inverse of 671st cyclotomic polynomial.
1, 1, 1, 1, 1, 1, 1, 1, 1, 1, 1, 0, 0, 0, 0, 0, 0, 0, 0, 0, 0, 0, 0, 0, 0, 0, 0, 0, 0, 0, 0, 0, 0, 0, 0, 0, 0, 0, 0, 0, 0, 0, 0, 0, 0, 0, 0, 0, 0, 0, 0, 0, 0, 0, 0, 0, 0, 0, 0, 0, 0, -1, -1, -1, -1, -1, -1, -1, -1, -1, -1, -1, 0, 0, 0, 0, 0, 0, 0, 0, 0


Fix 0; exchange even and odd numbers.
0, 2, 1, 4, 3, 6, 5, 8, 7, 10, 9, 12, 11, 14, 13, 16, 15, 18, 17, 20, 19, 22, 21, 24, 23, 26, 25, 28, 27, 30, 29, 32, 31, 34, 33, 36, 35, 38, 37, 40, 39, 42, 41, 44, 43, 46, 45, 48, 47, 50, 49, 52, 51, 54, 53, 56, 55, 58, 57, 60, 59, 62, 61, 64, 63, 66, 65, 68, 67, 70


The Collatz or 3x+1 function: a(n) = n/2 if n is even, otherwise (3n+1)/2.
0, 2, 1, 5, 2, 8, 3, 11, 4, 14, 5, 17, 6, 20, 7, 23, 8, 26, 9, 29, 10, 32, 11, 35, 12, 38, 13, 41, 14, 44, 15, 47, 16, 50, 17, 53, 18, 56, 19, 59, 20, 62, 21, 65, 22, 68, 23, 71, 24, 74, 25, 77, 26, 80, 27, 83, 28, 86, 29, 89, 30, 92, 31, 95, 32, 98, 33, 101, 34, 104


In the sequence of positive integers add 1 to each prime number.
1, 3, 4, 4, 6, 6, 8, 8, 9, 10, 12, 12, 14, 14, 15, 16, 18, 18, 20, 20, 21, 22, 24, 24, 25, 26, 27, 28, 30, 30, 32, 32, 33, 34, 35, 36, 38, 38, 39, 40, 42, 42, 44, 44, 45, 46, 48, 48, 49, 50, 51, 52, 54, 54, 55, 56, 57, 58, 60, 60, 62, 62, 63, 64, 65, 66, 68, 68, 69, 70, 72, 72


In the sequence of positive integers subtract 1 from each prime number.
1, 1, 2, 4, 4, 6, 6, 8, 9, 10, 10, 12, 12, 14, 15, 16, 16, 18, 18, 20, 21, 22, 22, 24, 25, 26, 27, 28, 28, 30, 30, 32, 33, 34, 35, 36, 36, 38, 39, 40, 40, 42, 42, 44, 45, 46, 46, 48, 49, 50, 51, 52, 52, 54, 55, 56, 57, 58, 58, 60, 60, 62, 63, 64, 65, 66, 66, 68, 69, 70, 70, 72


In sequence of positive integers add 1 to first prime and subtract 1 from 2nd prime; add 1 to 3rd prime and subtract 1 from 4th prime and so on.
1, 3, 2, 4, 6, 6, 6, 8, 9, 10, 12, 12, 12, 14, 15, 16, 18, 18, 18, 20, 21, 22, 24, 24, 25, 26, 27, 28, 28, 30, 32, 32, 33, 34, 35, 36, 36, 38, 39, 40, 42, 42, 42, 44, 45, 46, 48, 48, 49, 50, 51, 52, 52, 54, 55, 56, 57, 58, 60, 60, 60, 62, 63, 64, 65, 66, 68, 68, 69, 70, 70, 72


In sequence of prime numbers add 1 to first prime, 3rd prime, fifth prime, ... then subtract 1 from 2nd prime, fourth prime, sixth prime and so on.
3, 2, 6, 6, 12, 12, 18, 18, 24, 28, 32, 36, 42, 42, 48, 52, 60, 60, 68, 70, 74, 78, 84, 88, 98, 100, 104, 106, 110, 112, 128, 130, 138, 138, 150, 150, 158, 162, 168, 172, 180, 180, 192, 192, 198, 198, 212, 222, 228, 228, 234, 238, 242, 250, 258, 262, 270, 270


In sequence of odd primes add 1 to first prime, 3rd prime, 5th prime, ... then subtract 1 from 2nd prime, fourth prime, sixth prime and so on.
4, 4, 8, 10, 14, 16, 20, 22, 30, 30, 38, 40, 44, 46, 54, 58, 62, 66, 72, 72, 80, 82, 90, 96, 102, 102, 108, 108, 114, 126, 132, 136, 140, 148, 152, 156, 164, 166, 174, 178, 182, 190, 194, 196, 200, 210, 224, 226, 230, 232, 240, 240, 252, 256, 264, 268, 272, 276


a(n) = n-th prime + n.
3, 5, 8, 11, 16, 19, 24, 27, 32, 39, 42, 49, 54, 57, 62, 69, 76, 79, 86, 91, 94, 101, 106, 113, 122, 127, 130, 135, 138, 143, 158, 163, 170, 173, 184, 187, 194, 201, 206, 213, 220, 223, 234, 237, 242, 245, 258, 271, 276, 279, 284, 291, 294, 305, 312, 319, 326


a(n) = prime(n)-n, the number of nonprimes less than prime(n).
1, 1, 2, 3, 6, 7, 10, 11, 14, 19, 20, 25, 28, 29, 32, 37, 42, 43, 48, 51, 52, 57, 60, 65, 72, 75, 76, 79, 80, 83, 96, 99, 104, 105, 114, 115, 120, 125, 128, 133, 138, 139, 148, 149, 152, 153, 164, 175, 178, 179, 182, 187, 188, 197, 202, 207, 212, 213, 218, 221, 222


a(n) = n + prime(n+1).
4, 7, 10, 15, 18, 23, 26, 31, 38, 41, 48, 53, 56, 61, 68, 75, 78, 85, 90, 93, 100, 105, 112, 121, 126, 129, 134, 137, 142, 157, 162, 169, 172, 183, 186, 193, 200, 205, 212, 219, 222, 233, 236, 241, 244, 257, 270, 275, 278, 283, 290, 293, 304, 311, 318, 325, 328


Inverse of 682nd cyclotomic polynomial.
1, -1, 1, -1, 1, -1, 1, -1, 1, -1, 1, 0, 0, 0, 0, 0, 0, 0, 0, 0, 0, 0, 0, 0, 0, 0, 0, 0, 0, 0, 0, 1, -1, 1, -1, 1, -1, 1, -1, 1, -1, 1, 0, 0, 0, 0, 0, 0, 0, 0, 0, 0, 0, 0, 0, 0, 0, 0, 0, 0, 0, 0, 0, 0, 0, 0, 0, 0, 0, 0, 0, 0, 0, 0, 0, 0, 0, 0, 0, 0, 0


a(n) = prime(n) - (n-1).
2, 2, 3, 4, 7, 8, 11, 12, 15, 20, 21, 26, 29, 30, 33, 38, 43, 44, 49, 52, 53, 58, 61, 66, 73, 76, 77, 80, 81, 84, 97, 100, 105, 106, 115, 116, 121, 126, 129, 134, 139, 140, 149, 150, 153, 154, 165, 176, 179, 180, 183, 188, 189, 198, 203, 208, 213, 214, 219, 222, 223


In sequence of prime numbers add 1 to first number, 3rd number, 5th number, ... then subtract 1 from 2nd number, 4th number, 6th number and so on.
3, 2, 7, 5, 14, 10, 21, 15, 28, 24, 37, 31, 48, 36, 55, 45, 68, 52, 77, 61, 84, 68, 95, 77, 110, 88, 117, 93, 124, 98, 143, 115, 154, 122, 167, 133, 176, 144, 187, 153, 200, 160, 213, 171, 220, 176, 235, 199, 252, 204, 259, 213, 268, 224, 285, 235, 298, 242, 307


a(n) = ithprime(n+1) - (-1)^n*ceiling(n/2).
4, 4, 9, 9, 16, 14, 23, 19, 34, 26, 43, 35, 50, 40, 61, 51, 70, 58, 81, 63, 90, 72, 101, 85, 114, 90, 121, 95, 128, 112, 147, 121, 156, 132, 169, 139, 182, 148, 193, 159, 202, 170, 215, 175, 222, 188, 247, 203, 254, 208, 265, 215, 278, 230, 291, 241, 300, 248, 311


Poincar<unkown> series [or Poincare series] (or Molien series) for mod 2 cohomology of Q_8.
1, 2, 2, 1, 1, 2, 2, 1, 1, 2, 2, 1, 1, 2, 2, 1, 1, 2, 2, 1, 1, 2, 2, 1, 1, 2, 2, 1, 1, 2, 2, 1, 1, 2, 2, 1, 1, 2, 2, 1, 1, 2, 2, 1, 1, 2, 2, 1, 1, 2, 2, 1, 1, 2, 2, 1, 1, 2, 2, 1, 1, 2, 2, 1, 1, 2, 2, 1, 1, 2, 2, 1, 1, 2, 2, 1, 1, 2, 2, 1, 1, 2, 2, 1, 1, 2, 2, 1, 1, 2, 2, 1, 1, 2, 2, 1, 1, 2, 2, 1, 1, 2, 2, 1, 1


Poincar<unkown> series [or Poincare series] (or Molien series) for mod 2 cohomology of universal W-group W(3).
1, 3, 14, 30, 77, 138, 273, 438, 748, 1113, 1729, 2436, 3542, 4788, 6630, 8676, 11571, 14751, 19096, 23826, 30107, 36894, 45695, 55146, 67158, 79989, 96019, 113064, 134044, 156264, 183260, 211752, 245973, 281979, 324786, 369702, 422617, 478002


Poincar<unkown> series [or Poincare series] (or Molien series) for mod 2 cohomology of universal W-group W(4).
1, 4, 30, 96, 339, 870, 2244, 4916, 10595, 20694, 39603, 70968, 124695, 209022, 344223, 547140, 856218, 1303302, 1956955, 2873728, 4169880, 5940792, 8375445, 11627928, 15994602, 21715460, 29241122, 38933808


Inverse of 689th cyclotomic polynomial.
1, 1, 1, 1, 1, 1, 1, 1, 1, 1, 1, 1, 1, 0, 0, 0, 0, 0, 0, 0, 0, 0, 0, 0, 0, 0, 0, 0, 0, 0, 0, 0, 0, 0, 0, 0, 0, 0, 0, 0, 0, 0, 0, 0, 0, 0, 0, 0, 0, 0, 0, 0, 0, -1, -1, -1, -1, -1, -1, -1, -1, -1, -1, -1, -1, -1, 0, 0, 0, 0, 0, 0, 0, 0, 0, 0, 0, 0, 0, 0, 0


Inverse of 690th cyclotomic polynomial.
1, 1, 0, -1, -1, -1, 0, 1, 1, 0, 0, 0, 0, 0, 0, 0, 0, 0, 0, 0, 0, 0, 0, -1, -1, 0, 1, 1, 1, 0, -1, -1, 0, 0, 0, 0, 0, 0, 0, 0, 0, 0, 0, 0, 0, 0, 1, 1, 0, -1, -1, -1, 0, 1, 1, 0, 0, 0, 0, 0, 0, 0, 0, 0, 0, 0, 0, 0, 0, 0, 0, 0, 0, 0, 0, 0, 0, 0, 0, 0, 0


Poincar<unkown> series [or Poincare series] (or Molien series) for mod 2 cohomology of universal W-group W(5).
1, 5, 55, 251, 1160, 4075, 13503, 39025, 106385, 266303, 634523, 1423885, 3068221, 6319228, 12586625, 24192381, 45219809, 82110565, 145625490, 252124434, 427810236, 711268950, 1162164778, 1865955326


Number of multiplications to compute n-th power by the Chandah-sutra method .
0, 1, 2, 2, 3, 3, 4, 3, 4, 4, 5, 4, 5, 5, 6, 4, 5, 5, 6, 5, 6, 6, 7, 5, 6, 6, 7, 6, 7, 7, 8, 5, 6, 6, 7, 6, 7, 7, 8, 6, 7, 7, 8, 7, 8, 8, 9, 6, 7, 7, 8, 7, 8, 8, 9, 7, 8, 8, 9, 8, 9, 9, 10, 6, 7, 7, 8, 7, 8, 8, 9, 7, 8, 8, 9, 8, 9, 9, 10, 7, 8, 8, 9, 8, 9, 9


Inverse of 693rd cyclotomic polynomial.
1, 0, 0, -1, 0, 0, 0, 0, 0, 1, 0, 0, -1, 0, 0, 0, 0, 0, 1, 0, 0, 0, 0, 0, -1, 0, 0, 1, 0, 0, 0, 0, 0, 0, 0, 0, 0, 0, 0, 0, 0, 0, 1, 0, 0, -1, 0, 0, 0, 0, 0, 1, 0, 0, 0, 0, 0, -1, 0, 0, 1, 0, 0, 0, 0, 0, 0, 0, 0, 0, 0, 0, 0, 0, 0, 1, 0, 0, -1, 0, 0


