Inverse of 742nd cyclotomic polynomial.
1, -1, 1, -1, 1, -1, 1, 0, 0, 0, 0, 0, 0, 0, 0, 0, 0, 0, 0, 0, 0, 0, 0, 0, 0, 0, 0, 0, 0, 0, 0, 0, 0, 0, 0, 0, 0, 0, 0, 0, 0, 0, 0, 0, 0, 0, 0, 0, 0, 0, 0, 0, 0, 1, -1, 1, -1, 1, -1, 1, 0, 0, 0, 0, 0, 0, 0, 0, 0, 0, 0, 0, 0, 0, 0, 0, 0, 0, 0, 0, 0


Primes of the form x^2 + 27y^2.
31, 43, 109, 127, 157, 223, 229, 277, 283, 307, 397, 433, 439, 457, 499, 601, 643, 691, 727, 733, 739, 811, 919, 997, 1021, 1051, 1069, 1093, 1327, 1399, 1423, 1459, 1471, 1579, 1597, 1627, 1657, 1699, 1723, 1753, 1777, 1789, 1801, 1831, 1933, 1999, 2017


Primes p==1 (mod 6) such that 3 and -3 are both cubes (one implies other) modulo p.
61, 67, 73, 103, 151, 193, 271, 307, 367, 439, 499, 523, 547, 577, 613, 619, 643, 661, 727, 757, 787, 853, 919, 967, 991, 997, 1009, 1021, 1093, 1117, 1249, 1303, 1321, 1399, 1531, 1543, 1549, 1597, 1609, 1621, 1669, 1759, 1783, 1861, 1867


Primes p == 1 mod 8 such that 2 and -2 are both 4th powers (one implies other) mod p.
73, 89, 113, 233, 257, 281, 337, 353, 577, 593, 601, 617, 881, 937, 1033, 1049, 1097, 1153, 1193, 1201, 1217, 1249, 1289, 1433, 1481, 1553, 1601, 1609, 1721, 1753, 1777, 1801, 1889, 1913, 2089, 2113, 2129, 2273, 2281, 2393, 2441, 2473, 2593, 2657, 2689


3 and -3 are both 4th powers (one implies other) mod these primes p=1 mod 8.
193, 313, 433, 577, 601, 673, 769, 937, 1201, 1297, 1321, 1657, 1801, 1993, 2137, 2473, 2521, 2593, 2833, 2953, 3169, 3529, 3673, 3697, 3769, 3889, 4057, 4129, 4153, 4297, 4441, 4513, 4561, 4801, 4969, 5113, 5209, 5233, 5281, 5449, 5521


Squares of numbers in array formed from odd elements to the right of middle of rows of triangle of Eulerian numbers.
1, 1, 121, 1, 1, 3249, 1, 1418481, 1, 243953161, 18429849, 61009, 1, 1, 1026169, 1, 23298053769, 1, 103788925659225, 228743149441, 16670889, 1, 179167257871956225, 1, 164949400968114956769, 6613857814673730625


Inverse of 748th cyclotomic polynomial.
1, 0, -1, 0, 1, 0, -1, 0, 1, 0, -1, 0, 1, 0, -1, 0, 1, 0, -1, 0, 1, 0, 0, 0, 0, 0, 0, 0, 0, 0, 0, 0, 0, 0, 1, 0, -1, 0, 1, 0, -1, 0, 1, 0, -1, 0, 1, 0, -1, 0, 1, 0, -1, 0, 1, 0, 0, 0, 0, 0, 0, 0, 0, 0, 0, 0, 0, 0, 0, 0, 0, 0, 0, 0, 0, 0, 0, 0, 0, 0, 0


Squares of numbers in array formed from odd elements to the right of middle of rows of triangle of Eulerian numbers that are not 1.
121, 3249, 1418481, 243953161, 18429849, 61009


Squares of numbers in array formed from even elements to the right of middle of rows of triangle of Eulerian numbers.
676, 91204, 14400, 7785238756, 213393664, 252004, 1717027605316, 207199756864, 2288665600, 94830864276996, 4855359366144, 4145296, 26410243100945796, 4398139993688676, 2266896125352194064


Squares of numbers in array formed from odd elements to the right of middle of rows of Pascal triangle that are not 1.
9, 25, 225, 1225, 441, 49, 81, 2025, 27225, 3025, 121, 245025, 1656369, 511225, 169, 9018009, 1002001, 8281, 41409225, 25050025, 9018009, 1863225, 207025, 11025, 225, 289, 23409, 938961, 29241, 361, 23474025, 414081801, 35820225, 441


Squares of numbers in array formed from odd elements to the right of middle of rows of Pascal triangle.
1, 1, 9, 1, 1, 25, 1, 225, 1, 1225, 441, 49, 1, 1, 81, 1, 2025, 1, 27225, 3025, 121, 1, 245025, 1, 1656369, 511225, 169, 1, 9018009, 1002001, 8281, 1, 41409225, 25050025, 9018009, 1863225, 207025, 11025, 225, 1, 1, 289, 1, 23409, 1, 938961


Squares of numbers in array formed from even elements to the right of middle of rows of Pascal triangle.
16, 100, 36, 3136, 784, 64, 15876, 7056, 1296, 44100, 14400, 100, 213444, 108900, 627264, 48400, 4356, 144, 2944656, 81796, 6084, 4008004, 132496, 196, 130873600, 64128064, 19079424, 3312400, 313600, 14400, 256, 590976100, 378224704


Inverse of 754th cyclotomic polynomial.
1, -1, 1, -1, 1, -1, 1, -1, 1, -1, 1, -1, 1, 0, 0, 0, 0, 0, 0, 0, 0, 0, 0, 0, 0, 0, 0, 0, 0, 1, -1, 1, -1, 1, -1, 1, -1, 1, -1, 1, -1, 1, 0, 0, 0, 0, 0, 0, 0, 0, 0, 0, 0, 0, 0, 0, 0, 0, 0, 0, 0, 0, 0, 0, 0, 0, 0, 0, 0, 0, 0, 0, 0, 0, 0, 0, 0, 0, 0, 0, 0


Squares of distinct elements in Pascal triangle.
1, 4, 9, 16, 36, 25, 100, 225, 400, 49, 441, 1225, 64, 784, 3136, 4900, 81, 1296, 7056, 15876, 2025, 14400, 44100, 63504, 121, 3025, 27225, 108900, 213444, 144, 4356, 48400, 245025, 627264, 853776, 169, 6084, 81796, 511225, 1656369, 2944656, 196


Squares of distinct elements in triangle of Eulerian numbers.
1, 16, 121, 676, 4356, 3249, 91204, 14400, 1418481, 5837056, 61009, 18429849, 243953161, 252004, 213393664, 7785238756, 24395316100, 1026169, 2288665600, 207199756864, 1717027605316, 4145296, 23298053769, 4855359366144


3n shuffle group does not accomplish a perfect shuffle.
9, 12, 24, 27, 36, 48, 60, 72, 81, 84, 96, 108, 120


Order of shuffle group on n cards {0..n-1} generated by i-&gt;n-1-i and i-&gt;min{2i,2n-1-2i}.
1, 2, 6, 12, 60, 120, 5040, 32, 181440, 3628800, 39916800, 95040, 3113510400, 87178291200, 1307674368000, 80, 177843714048000, 6402373705728000, 121645100408832000, 1216451004088320000, 25545471085854720000


Inverse of 759th cyclotomic polynomial.
1, -1, 0, 1, -1, 0, 1, -1, 0, 1, -1, 1, 0, -1, 1, 0, -1, 1, 0, -1, 1, 0, 0, 1, -1, 0, 1, -1, 0, 1, -1, 0, 1, -1, 1, 0, -1, 1, 0, -1, 1, 0, -1, 1, 0, 0, 1, -1, 0, 1, -1, 0, 1, -1, 0, 1, -1, 1, 0, -1, 1, 0, -1, 1, 0, -1, 1, 0, 0, 0, 0, 0, 0, 0, 0, 0, 0, 0, 0, 0, 0


Squares of odd pentagonal numbers.
1, 25, 1225, 2601, 13689, 21025, 61009, 82369, 180625, 227529, 423801, 511225, 855625, 1002001, 1555009, 1782225, 2614689, 2948089, 4141225, 4609609, 6255001, 6890625, 9090225, 9928801, 12794929, 13875625, 17530969, 18896409, 23474025, 25170289, 30813601


Squares of even pentagonal numbers.
144, 484, 4900, 8464, 30976, 44100, 108900, 141376, 283024, 348100, 611524, 725904, 1166400, 1350244, 2033476, 2310400, 3312400, 3709476, 5116644, 5664400, 7573504, 8305924, 10824100, 11778624, 15023376, 16240900, 20340100


Squares of odd hexagonal numbers.
1, 225, 2025, 8281, 23409, 53361, 105625, 189225, 314721, 494209, 741321, 1071225, 1500625, 2047761, 2732409, 3575881, 4601025, 5832225, 7295401, 9018009, 11029041, 13359025, 16040025, 19105641, 22591009, 26532801, 30969225, 35940025, 41486481, 47651409


Squares of even hexagonal numbers.
36, 784, 4356, 14400, 36100, 76176, 142884, 246016, 396900, 608400, 894916, 1272384, 1758276, 2371600, 3132900, 4064256, 5189284, 6533136, 8122500, 9985600, 12152196, 14653584, 17522596, 20793600, 24502500, 28686736


Squares of odd heptagonal numbers.
1, 49, 3025, 6561, 35721, 55225, 162409, 219961, 485809, 613089, 1147041, 1385329, 2325625, 2725801, 4239481, 4862025, 7144929, 8059921, 11336689, 12623809, 17147881, 18896409, 24950025, 27258841, 35153041, 38130625, 48205249, 51969681, 64593369, 69272329


Inverse of 765th cyclotomic polynomial.
1, 0, 0, -1, 0, 0, 0, 0, 0, 1, 0, 0, -1, 0, 0, 1, 0, 0, 0, 0, 0, -1, 0, 0, 1, 0, 0, 0, 0, 0, 0, 0, 0, 0, 0, 0, 0, 0, 0, 0, 0, 0, 0, 0, 0, 0, 0, 0, 0, 0, 0, 1, 0, 0, -1, 0, 0, 0, 0, 0, 1, 0, 0, -1, 0, 0, 1, 0, 0, 0, 0, 0, -1, 0, 0, 1, 0, 0, 0, 0, 0


Expansion of exp ( - x - (1/2)*x^2 - (1/6)*x^3).
1, -1, 0, 1, 2, -6, -14, 20, 204, 28, -2584, -6876, 33760, 219296, -121848, -6020456, -15177904, 126126960, 950679424, -898745392, -38731873824, -123922308896, 1126028191520, 10547325457536, -5093629711808


Inverse of 767th cyclotomic polynomial.
1, 1, 1, 1, 1, 1, 1, 1, 1, 1, 1, 1, 1, 0, 0, 0, 0, 0, 0, 0, 0, 0, 0, 0, 0, 0, 0, 0, 0, 0, 0, 0, 0, 0, 0, 0, 0, 0, 0, 0, 0, 0, 0, 0, 0, 0, 0, 0, 0, 0, 0, 0, 0, 0, 0, 0, 0, 0, 0, -1, -1, -1, -1, -1, -1, -1, -1, -1, -1, -1, -1, -1, 0, 0, 0, 0, 0, 0, 0, 0, 0


Position of the start of the first occurrence of n after the decimal point in Pi = 3.14159265358979323846264338327950288...
32, 1, 6, 9, 2, 4, 7, 13, 11, 5, 49, 94, 148, 110, 1, 3, 40, 95, 424, 37, 53, 93, 135, 16, 292, 89, 6, 28, 33, 186, 64, 137, 15, 24, 86, 9, 285, 46, 17, 43, 70, 2, 92, 23, 59, 60, 19, 119, 87, 57, 31, 48, 172, 8, 191, 130, 210, 404, 10, 4, 127, 219, 20, 312, 22, 7, 117, 98, 605


Numbers n equal to the number of 1's in the decimal digits of all numbers &lt;= n.
0, 1, 199981, 199982, 199983, 199984, 199985, 199986, 199987, 199988, 199989, 199990, 200000, 200001, 1599981, 1599982, 1599983, 1599984, 1599985, 1599986, 1599987, 1599988, 1599989, 1599990, 2600000, 2600001, 13199998, 35000000


Inverse of 770th cyclotomic polynomial.
1, 1, 0, 0, 0, -1, -1, -1, -1, 0, 1, 0, 0, 1, 1, 0, 0, 0, 0, 0, 0, -1, 0, 1, 0, -1, 0, 0, 0, 0, 0, 0, 1, 0, -1, 0, 1, 0, 0, 0, 0, 0, 0, -1, 0, 1, 0, -1, 0, 0, 0, 0, 0, 0, 1, 1, 0, 0, 1, 0, -1, -1, -1, -1, 0, 0, 0, 1, 1, 0, 0, 0, 0, 0, 0, 0, 0, 1, 1, 0, 0


Triangle of numbers associated with Genocchi numbers.
1, 1, 1, 1, 3, 3, 5, 3, 3, 17, 17, 31, 25, 31, 17, 17, 155, 155, 293, 259, 349, 259, 293, 155, 155, 2073, 2073, 3991, 3681, 5151, 4289, 5151, 3681, 3991, 2073, 2073, 38227, 38227, 74381, 70235, 100325, 88507, 109765, 88507, 100325, 70235, 74381, 38227


Seidel's triangle, read by rows.
1, 1, 1, 1, 2, 1, 2, 3, 3, 8, 6, 3, 8, 14, 17, 17, 56, 48, 34, 17, 56, 104, 138, 155, 155, 608, 552, 448, 310, 155, 608, 1160, 1608, 1918, 2073, 2073, 9440, 8832, 7672, 6064, 4146, 2073, 9440, 18272, 25944, 32008, 36154, 38227


Triangle of numbers associated with Genocchi numbers.
1, 1, 1, 3, 5, 3, 17, 31, 25, 31, 17, 155, 293, 259, 349, 259, 293, 155, 2073, 3991, 3681, 5151, 4289, 5151, 3681, 3991, 2073, 38227, 74381, 70235, 100325, 88507, 109765, 88507, 100325, 70235, 74381, 38227, 929569, 1820911, 1744457, 2523191, 2302121


Triangle of numbers associated with Genocchi numbers.
1, 3, 3, 17, 25, 17, 155, 259, 259, 155, 2073, 3681, 4289, 3681, 2073, 38227, 70235, 88507, 88507, 70235, 38227, 929569, 1744457, 2302121, 2500393, 2302121, 1744457, 929569, 28820619, 54852531, 74568595, 85191699, 85191699, 74568595


Triangle of numbers associated with Genocchi numbers.
1, 1, 1, 2, 3, 2, 7, 12, 12, 7, 38, 69, 81, 69, 38, 295, 552, 702, 702, 552, 295, 3098, 5901, 7857, 8559, 7857, 5901, 3098, 42271, 81444, 111618, 128034, 128034, 111618, 81444, 42271, 726734, 1411197, 1971945, 2339631, 2467665, 2339631, 1971945


Sum [ k^2/n ], k=0..n.
1, 3, 6, 9, 13, 18, 24, 30, 35, 43, 52, 61, 69, 80, 92, 102, 113, 125, 140, 155, 169, 184, 202, 220, 231, 251, 270, 291, 309, 332, 354, 376, 397, 419, 446, 469, 493, 520, 550, 578, 601, 631, 660, 693, 721, 754, 788


Inverse of 777th cyclotomic polynomial.
1, -1, 0, 1, -1, 0, 1, 0, -1, 1, 0, -1, 1, 0, 0, 0, 0, 0, 0, 0, 0, 0, 0, 0, 0, 0, 0, 0, 0, 0, 0, 0, 0, 0, 0, 0, 0, 1, -1, 0, 1, -1, 0, 1, 0, -1, 1, 0, -1, 1, 0, 0, 0, 0, 0, 0, 0, 0, 0, 0, 0, 0, 0, 0, 0, 0, 0, 0, 0, 0, 0, 0, 0, 0, 1, -1, 0, 1, -1, 0, 1


Expansion of Jacobi theta constant (theta_2/2)^12.
1, 12, 66, 232, 627, 1452, 2982, 5544, 9669, 16016, 25158, 38160, 56266, 80124, 111816, 153528, 205260, 270876, 353870, 452496, 574299, 724044, 895884, 1103520, 1353330, 1633500, 1966482, 2360072, 2792703, 3299340, 3892922, 4533936, 5273841, 6134448


Inverse of 779th cyclotomic polynomial.
1, 1, 1, 1, 1, 1, 1, 1, 1, 1, 1, 1, 1, 1, 1, 1, 1, 1, 1, 0, 0, 0, 0, 0, 0, 0, 0, 0, 0, 0, 0, 0, 0, 0, 0, 0, 0, 0, 0, 0, 0, -1, -1, -1, -1, -1, -1, -1, -1, -1, -1, -1, -1, -1, -1, -1, -1, -1, -1, -1, 0, 0, 0, 0, 0, 0, 0, 0, 0, 0, 0, 0, 0, 0, 0, 0, 0, 0, 0, 0, 0


Inverse of 780th cyclotomic polynomial.
1, 0, 1, 0, 0, 0, -1, 0, -1, 0, -1, 0, 0, 0, 1, 0, 1, 0, 0, 0, 0, 0, 0, 0, 0, 0, -1, 0, -1, 0, 0, 0, 1, 0, 1, 0, 1, 0, 0, 0, -1, 0, -1, 0, 0, 0, 0, 0, 0, 0, 0, 0, 1, 0, 1, 0, 0, 0, -1, 0, -1, 0, -1, 0, 0, 0, 1, 0, 1, 0, 0, 0, 0, 0, 0, 0, 0, 0, 0, 0, 0


Inverse of 781st cyclotomic polynomial.
1, 1, 1, 1, 1, 1, 1, 1, 1, 1, 1, 0, 0, 0, 0, 0, 0, 0, 0, 0, 0, 0, 0, 0, 0, 0, 0, 0, 0, 0, 0, 0, 0, 0, 0, 0, 0, 0, 0, 0, 0, 0, 0, 0, 0, 0, 0, 0, 0, 0, 0, 0, 0, 0, 0, 0, 0, 0, 0, 0, 0, 0, 0, 0, 0, 0, 0, 0, 0, 0, 0, -1, -1, -1, -1, -1, -1, -1, -1, -1, -1


Inverse of 782nd cyclotomic polynomial.
1, -1, 1, -1, 1, -1, 1, -1, 1, -1, 1, -1, 1, -1, 1, -1, 1, 0, 0, 0, 0, 0, 0, 1, -1, 1, -1, 1, -1, 1, -1, 1, -1, 1, -1, 1, -1, 1, -1, 1, 0, 0, 0, 0, 0, 0, 0, 0, 0, 0, 0, 0, 0, 0, 0, 0, 0, 0, 0, 0, 0, 0, 0, 0, 0, 0, 0, 0, 0, 0, 0, 0, 0, 0, 0, 0, 0, 0, 0, 0, 0


Squares of even heptagonal numbers.
0, 324, 1156, 12544, 21904, 81796, 116964, 291600, 379456, 763876, 940900, 1658944, 1971216, 3175524, 3678724, 5550736, 6310144, 9060100, 10150596, 14017536, 15523600, 20775364, 22791076, 29724304, 32353344, 41293476, 44649124, 55950400, 60155536, 74200996


Squares of odd octagonal numbers.
1, 441, 4225, 17689, 50625, 116281, 231361, 416025, 693889, 1092025, 1640961, 2374681, 3330625, 4549689, 6076225, 7958041, 10246401, 12996025, 16265089, 20115225, 24611521, 29822521, 35820225, 42680089, 50481025, 59305401


Squares of even octagonal numbers.
0, 64, 1600, 9216, 30976, 78400, 166464, 313600, 541696, 876096, 1345600, 1982464, 2822400, 3904576, 5271616, 6969600, 9048064, 11560000, 14561856, 18113536, 22278400, 27123264, 32718400, 39137536, 46457856, 54760000


Squares of odd tetrahedral numbers.
1, 1225, 27225, 207025, 938961, 3136441, 8555625, 20205025, 42837025, 83521321, 152300281, 262926225, 433680625, 688275225, 1056835081, 1576963521, 2294889025, 3266694025, 4559625625, 6253488241, 8442118161, 11234940025


Squares of even tetrahedral numbers (<a href="/A015220" title="Even tetrahedral numbers.">A015220</a>).
16, 100, 400, 3136, 7056, 14400, 48400, 81796, 132496, 313600, 462400, 665856, 1299600, 1768900, 2371600, 4096576, 5290000, 6760000, 10732176, 13351716, 16483600, 24601600, 29767936, 35808256, 50979600, 60372900, 71166096


Squares of odd square pyramidal numbers.
1, 25, 3025, 8281, 81225, 148225, 670761, 1030225, 3186225, 4447881, 10962721, 14402025, 30525625, 38452401, 73188025, 89397025, 156975841, 187279225, 308880625, 361722361, 567440041, 654592225, 985646025, 1122987121


Squares of even square pyramidal numbers.
196, 900, 19600, 41616, 256036, 422500, 1537600, 2238016, 6100900, 8236900, 18696976, 24010000, 48024900, 59505796, 108493056, 130873600, 222308100, 262634436, 421891600, 490179600, 752624356, 862596900, 1275918400


Squares of odd pentagonal pyramidal numbers.
1, 5625, 164025, 1399489, 6765201, 23532201, 66015625, 159138225, 342731169, 676572121, 1246160601, 2169230625, 3603000625, 5752160649, 8877596841, 13305853201, 19439330625, 27767223225, 38877191929, 53467775361


Squares of even pentagonal pyramidal numbers.
0, 36, 324, 1600, 15876, 38416, 82944, 302500, 527076, 876096, 2160900, 3240000, 4734976, 9474084, 13032100, 17640000, 30980356, 40297104, 51840000, 83283876, 104162436, 129231424, 194602500, 236421376, 285474816, 409252900, 486202500


Squares of odd hexagonal pyramidal numbers.
1, 49, 9025, 25921, 275625, 511225, 2393209, 3705625, 11675889, 16378209, 40844881, 53831569, 115025625, 145226601, 278055625, 340218025, 600103009, 716900625, 1186595809, 1391066209, 2188461961, 2526771289, 3813680025


Inverse of 793rd cyclotomic polynomial.
1, 1, 1, 1, 1, 1, 1, 1, 1, 1, 1, 1, 1, 0, 0, 0, 0, 0, 0, 0, 0, 0, 0, 0, 0, 0, 0, 0, 0, 0, 0, 0, 0, 0, 0, 0, 0, 0, 0, 0, 0, 0, 0, 0, 0, 0, 0, 0, 0, 0, 0, 0, 0, 0, 0, 0, 0, 0, 0, 0, 0, -1, -1, -1, -1, -1, -1, -1, -1, -1, -1, -1, -1, -1, 0, 0, 0, 0, 0, 0, 0


Squares of even hexagonal pyramidal numbers.
484, 2500, 63504, 138384, 894916, 1493284, 5569600, 8156736, 22562500, 30580900, 70090384, 90250000, 181764324, 225660484, 413552896, 499611904, 852056100, 1007808516, 1624090000, 1888771600, 2907582084, 3335062500, 4943777344, 5605816384, 8050755076


Inverse of 795th cyclotomic polynomial.
1, -1, 0, 1, -1, 1, 0, -1, 1, 0, 0, 0, 0, 0, 0, 0, 0, 0, 0, 0, 0, 0, 0, 0, 0, 0, 0, 0, 0, 0, 0, 0, 0, 0, 0, 0, 0, 0, 0, 0, 0, 0, 0, 0, 0, 0, 0, 0, 0, 0, 0, 0, 0, 1, -1, 0, 1, -1, 1, 0, -1, 1, 0, 0, 0, 0, 0, 0, 0, 0, 0, 0, 0, 0, 0, 0, 0, 0, 0, 0, 0


Expansion of Jacobi theta constant (theta_2/2)^16.
1, 16, 120, 576, 2060, 6048, 15424, 35200, 73518, 143280, 263584, 461376, 775160, 1256928, 1973760, 3017088, 4503557, 6572880, 9411984, 13249280, 18340932, 25034976, 33739520, 44879616, 59057510, 76949920, 99212352, 126838080, 160884264, 202296960, 252645376


Expansion of Jacobi theta constant (theta_2/2)^20.
1, 20, 190, 1160, 5225, 18924, 58350, 158840, 391020, 886540, 1877676, 3753640, 7140485, 13014240, 22846170, 38794448, 63969485, 102744780, 161143180, 247386480, 372472353, 550858280, 801535160, 1148976360, 1624208445, 2266848372, 3126467670, 4264095520


Inverse of 798th cyclotomic polynomial.
1, 1, 0, -1, -1, 0, 1, 0, -1, -1, 0, 1, 1, 0, 0, 0, 0, 0, 0, -1, -1, 0, 1, 1, 0, -1, 0, 1, 1, 0, -1, -1, 0, 0, 0, 0, 0, 0, 1, 1, 0, -1, -1, 0, 1, 0, -1, -1, 0, 1, 1, 0, 0, 0, 0, 0, 0, 0, 0, 0, 0, 0, 0, 0, 0, 0, 0, 0, 0, 0, 0, 0, 0, 0, 0, 0, 0, 0, 0, 0, 0


Inverse of 799th cyclotomic polynomial.
1, 1, 1, 1, 1, 1, 1, 1, 1, 1, 1, 1, 1, 1, 1, 1, 1, 0, 0, 0, 0, 0, 0, 0, 0, 0, 0, 0, 0, 0, 0, 0, 0, 0, 0, 0, 0, 0, 0, 0, 0, 0, 0, 0, 0, 0, 0, -1, -1, -1, -1, -1, -1, -1, -1, -1, -1, -1, -1, -1, -1, -1, -1, -1, 0, 0, 0, 0, 0, 0, 0, 0, 0, 0, 0, 0, 0, 0, 0, 0, 0


Expansion of Jacobi theta constant (theta_2/2)^24.
1, 24, 276, 2048, 11178, 48576, 177400, 565248, 1612875, 4200352, 10131156, 22892544, 48897678, 99448320, 193740408, 363315200, 658523925, 1157743824, 1980143600, 3303168000, 5386270686, 8602175744, 13477895856, 20748607488, 31425764410, 46883528256, 68969957700


Multiplicity of trivial character in V_n, where V = Sum V_n is the graded module for the Monster simple group.
1, 1, 1, 2, 2, 4, 4, 7, 8, 12, 14, 22, 25, 36, 44, 61, 74, 102, 124, 167, 206, 271, 335, 440, 542, 701, 870, 1115, 1381, 1762, 2180, 2763, 3422, 4310, 5333, 6697, 8272, 10342, 12773, 15913, 19624, 24386, 30034, 37219, 45799, 56611, 69576, 85841


a(n) = Sum_{k=1..n-1} ceiling(k^2/n).
0, 1, 3, 5, 8, 12, 17, 22, 26, 33, 41, 49, 56, 66, 77, 86, 96, 107, 121, 135, 148, 162, 179, 196, 206, 225, 243, 263, 280, 302, 323, 344, 364, 385, 411, 433, 456, 482, 511, 538, 560, 589, 617, 649, 676, 708, 741, 774, 798, 831, 869, 903, 936, 972, 1013, 1052


Inverse of 803rd cyclotomic polynomial.
1, 1, 1, 1, 1, 1, 1, 1, 1, 1, 1, 0, 0, 0, 0, 0, 0, 0, 0, 0, 0, 0, 0, 0, 0, 0, 0, 0, 0, 0, 0, 0, 0, 0, 0, 0, 0, 0, 0, 0, 0, 0, 0, 0, 0, 0, 0, 0, 0, 0, 0, 0, 0, 0, 0, 0, 0, 0, 0, 0, 0, 0, 0, 0, 0, 0, 0, 0, 0, 0, 0, 0, 0, -1, -1, -1, -1, -1, -1, -1, -1


See program line.
1, 5, 13, 26, 47, 76, 115, 164, 228, 307, 401, 512, 643, 794, 967, 1162, 1385, 1632, 1909, 2214, 2551, 2920, 3323, 3760, 4235, 4751, 5301, 5900, 6539, 7222, 7951, 8724, 9553, 10429, 11357, 12336, 13375


Inverse of 805th cyclotomic polynomial.
1, -1, 0, 0, 0, 1, -1, 1, -1, 0, 1, -1, 1, -1, 1, 0, -1, 1, -1, 1, 0, 0, 0, 0, 0, 0, 0, 0, 1, -1, 1, -1, 0, 1, -1, 1, -1, 1, 0, -1, 1, -1, 1, 0, 0, 0, 0, 0, 0, 0, 0, 1, -1, 1, -1, 0, 1, -1, 1, -1, 1, 0, -1, 1, -1, 1, 0, 0, 0, 0, 0, 0, 0, 0, 1, -1, 1, -1, 0, 1, -1


Inverse of 806th cyclotomic polynomial.
1, -1, 1, -1, 1, -1, 1, -1, 1, -1, 1, -1, 1, 0, 0, 0, 0, 0, 0, 0, 0, 0, 0, 0, 0, 0, 0, 0, 0, 0, 0, 1, -1, 1, -1, 1, -1, 1, -1, 1, -1, 1, -1, 1, 0, 0, 0, 0, 0, 0, 0, 0, 0, 0, 0, 0, 0, 0, 0, 0, 0, 0, 0, 0, 0, 0, 0, 0, 0, 0, 0, 0, 0, 0, 0, 0, 0, 0, 0, 0, 0


See program line.
1, 9, 34, 90, 199, 382, 672, 1100, 1707, 2539, 3640, 5066, 6875, 9128, 11898, 15248, 19265, 24027, 29624, 36144, 43685, 52348, 62242, 73472, 86157, 100423, 116382, 134184, 153943, 175818, 199938


a(n) = Sum_{k=1..n} floor(k^2/n).
1, 2, 4, 7, 9, 13, 18, 24, 29, 34, 42, 51, 57, 67, 78, 90, 97, 110, 122, 137, 149, 163, 180, 198, 211, 226, 246, 265, 281, 303, 324, 348, 365, 386, 412, 439, 457, 483, 512, 540, 561, 590, 618, 651, 679, 709, 742


a(n) is the sum over all floor(k^3/n), k=0 to n inclusive.
1, 4, 11, 24, 43, 71, 109, 160, 222, 298, 391, 502, 631, 781, 953, 1150, 1369, 1617, 1891, 2196, 2531, 2899, 3301, 3740, 4215, 4726, 5283, 5874, 6511, 7193, 7921, 8700, 9521, 10396, 11323, 12306, 13339, 14431, 15581, 16792, 18061, 19394, 20791, 22254, 23784


See program line.
1, 8, 32, 88, 195, 377, 666, 1096, 1701, 2530, 3630, 5056, 6863, 9115, 11884, 15240, 19249, 24012, 29606, 36126, 43665, 52327, 62220, 73452, 86137, 100398, 116364, 134158, 153915, 175789, 199908


a(n) = (1/3)*(n^2+2*n+3)*(n+1)^2.
1, 8, 33, 96, 225, 456, 833, 1408, 2241, 3400, 4961, 7008, 9633, 12936, 17025, 22016, 28033, 35208, 43681, 53600, 65121, 78408, 93633, 110976, 130625, 152776, 177633, 205408, 236321, 270600, 308481


Inverse of 812th cyclotomic polynomial.
1, 0, -1, 0, 1, 0, -1, 0, 1, 0, -1, 0, 1, 0, 0, 0, 0, 0, 0, 0, 0, 0, 0, 0, 0, 0, 0, 0, 0, 0, 0, 0, 0, 0, 0, 0, 0, 0, 0, 0, 0, 0, 0, 0, 0, 0, 0, 0, 0, 0, 0, 0, 0, 0, 0, 0, 0, 0, 1, 0, -1, 0, 1, 0, -1, 0, 1, 0, -1, 0, 1, 0, 0, 0, 0, 0, 0, 0, 0, 0, 0


Numbers n such that n divides s(n), where s(1)=1, s(k)=10*s(k-1)+k (<a href="/A014824" title="a(0) = 0; for n&gt;0, a(n) = 10*a(n-1) + n.">A014824</a>).
1, 2, 3, 5, 6, 9, 10, 15, 18, 22, 27, 30, 42, 45, 54, 66, 78, 81, 90, 110, 111, 126, 135, 162, 198, 205, 210, 222, 234, 242, 243, 270, 294, 330, 333, 342, 378, 390, 405, 410, 462, 465, 486, 506, 546, 555, 594, 615, 630, 666, 702, 726, 729, 810, 858, 882, 930


Inverse of 814th cyclotomic polynomial.
1, -1, 1, -1, 1, -1, 1, -1, 1, -1, 1, 0, 0, 0, 0, 0, 0, 0, 0, 0, 0, 0, 0, 0, 0, 0, 0, 0, 0, 0, 0, 0, 0, 0, 0, 0, 0, 1, -1, 1, -1, 1, -1, 1, -1, 1, -1, 1, 0, 0, 0, 0, 0, 0, 0, 0, 0, 0, 0, 0, 0, 0, 0, 0, 0, 0, 0, 0, 0, 0, 0, 0, 0, 0, 0, 0, 0, 0, 0, 0, 0


a(0) = 0; for n&gt;0, a(n) = 10*a(n-1) + n.
0, 1, 12, 123, 1234, 12345, 123456, 1234567, 12345678, 123456789, 1234567900, 12345679011, 123456790122, 1234567901233, 12345679012344, 123456790123455, 1234567901234566, 12345679012345677, 123456790123456788, 1234567901234567899, 12345679012345679010


a(n) = 4*a(n-1) + n with n&gt;1, a(1)=1.
1, 6, 27, 112, 453, 1818, 7279, 29124, 116505, 466030, 1864131, 7456536, 29826157, 119304642, 477218583, 1908874348, 7635497409, 30541989654, 122167958635, 488671834560, 1954687338261, 7818749353066


Inverse of 817th cyclotomic polynomial.
1, 1, 1, 1, 1, 1, 1, 1, 1, 1, 1, 1, 1, 1, 1, 1, 1, 1, 1, 0, 0, 0, 0, 0, 0, 0, 0, 0, 0, 0, 0, 0, 0, 0, 0, 0, 0, 0, 0, 0, 0, 0, 0, -1, -1, -1, -1, -1, -1, -1, -1, -1, -1, -1, -1, -1, -1, -1, -1, -1, -1, -1, 0, 0, 0, 0, 0, 0, 0, 0, 0, 0, 0, 0, 0, 0, 0, 0, 0, 0, 0


a(1)=1, a(n) = 5*a(n-1) + n.
1, 7, 38, 194, 975, 4881, 24412, 122068, 610349, 3051755, 15258786, 76293942, 381469723, 1907348629, 9536743160, 47683715816, 238418579097, 1192092895503, 5960464477534, 29802322387690, 149011611938471


Inverse of 819th cyclotomic polynomial.
1, 0, 0, -1, 0, 0, 0, 0, 0, 1, 0, 0, -1, 0, 0, 0, 0, 0, 1, 0, 0, 0, 0, 0, -1, 0, 0, 1, 0, 0, 0, 0, 0, -1, 0, 0, 1, 0, 0, 1, 0, 0, -1, 0, 0, 0, 0, 0, 1, 0, 0, -1, 0, 0, 0, 0, 0, 1, 0, 0, 0, 0, 0, -1, 0, 0, 1, 0, 0, 0, 0, 0, -1, 0, 0, 1, 0, 0, 1, 0, 0


a(1)=1, a(n) = 6*a(n-1) + n.
1, 8, 51, 310, 1865, 11196, 67183, 403106, 2418645, 14511880, 87071291, 522427758, 3134566561, 18807399380, 112844396295, 677066377786, 4062398266733, 24374389600416, 146246337602515, 877478025615110


a(1)=1; for n &gt; 1, a(n) = 7*a(n-1) + n.
1, 9, 66, 466, 3267, 22875, 160132, 1120932, 7846533, 54925741, 384480198, 2691361398, 18839529799, 131876708607, 923136960264, 6461958721864, 45233711053065, 316635977371473, 2216451841600330


a(1)=1; for n&gt;1, a(n) = 8*a(n-1)+n.
1, 10, 83, 668, 5349, 42798, 342391, 2739136, 21913097, 175304786, 1402438299, 11219506404, 89756051245, 718048409974, 5744387279807, 45955098238472, 367640785907793, 2941126287262362, 23529010298098915, 188232082384791340, 1505856659078330741


a(1)=1; for n&gt;1, a(n) = 9*a(n-1)+n.
1, 11, 102, 922, 8303, 74733, 672604, 6053444, 54481005, 490329055, 4412961506, 39716653566, 357449882107, 3217048938977, 28953440450808, 260580964057288, 2345228676515609, 21107058088640499


2^n - n(n+1)/2.
1, 1, 1, 2, 6, 17, 43, 100, 220, 467, 969, 1982, 4018, 8101, 16279, 32648, 65400, 130919, 261973, 524098, 1048366, 2096921, 4194051, 8388332, 16776916, 33554107, 67108513, 134217350, 268435050, 536870477


Inverse of 825th cyclotomic polynomial.
1, 0, 0, 0, 0, -1, 0, 0, 0, 0, 0, 0, 0, 0, 0, 1, 0, 0, 0, 0, -1, 0, 0, 0, 0, 1, 0, 0, 0, 0, 0, 0, 0, 0, 0, -1, 0, 0, 0, 0, 1, 0, 0, 0, 0, 0, 0, 0, 0, 0, 0, 0, 0, 0, 0, 1, 0, 0, 0, 0, -1, 0, 0, 0, 0, 0, 0, 0, 0, 0, 1, 0, 0, 0, 0, -1, 0, 0, 0, 0, 1


Inverse of 826th cyclotomic polynomial.
1, -1, 1, -1, 1, -1, 1, 0, 0, 0, 0, 0, 0, 0, 0, 0, 0, 0, 0, 0, 0, 0, 0, 0, 0, 0, 0, 0, 0, 0, 0, 0, 0, 0, 0, 0, 0, 0, 0, 0, 0, 0, 0, 0, 0, 0, 0, 0, 0, 0, 0, 0, 0, 0, 0, 0, 0, 0, 0, 1, -1, 1, -1, 1, -1, 1, 0, 0, 0, 0, 0, 0, 0, 0, 0, 0, 0, 0, 0, 0, 0


Sum modulo n of all the digits of n in every base from 2 to n-1.
2, 3, 2, 3, 1, 0, 2, 4, 1, 9, 6, 9, 14, 9, 5, 0, 14, 11, 19, 3, 20, 7, 18, 25, 5, 2, 24, 12, 5, 28, 9, 18, 0, 8, 0, 10, 26, 12, 3, 30, 21, 19, 24, 37, 27, 39, 17, 14, 36, 35, 24, 3, 32, 17, 42, 1, 47, 56, 44, 0, 11, 50, 21, 2, 55, 55, 17, 5, 61, 69, 55, 3, 14, 14, 59, 38, 22, 62


Sum of all the digits of n in every base from 2 to n-1.
2, 3, 7, 9, 15, 16, 20, 24, 34, 33, 45, 51, 59, 57, 73, 72, 90, 91, 103, 113, 135, 127, 143, 155, 167, 170, 198, 192, 222, 220, 240, 256, 280, 260, 296, 314, 338, 332, 372, 366, 408, 415, 429, 451, 497, 471, 507, 514, 546, 555, 607, 597, 637, 633, 669, 697


Sum of all the digits of n in every prime base from 2 to n-1.
2, 3, 5, 6, 9, 11, 11, 10, 14, 16, 21, 21, 21, 23, 29, 32, 39, 42, 42, 39, 47, 52, 53, 49, 52, 53, 62, 66, 76, 83, 82, 76, 77, 82, 93, 87, 85, 90, 102, 107, 120, 123, 129, 120, 134, 144, 147, 153, 150, 151, 166, 176, 178, 185, 181, 168, 184, 194, 211, 199, 207


Sum of all the digits of n in every prime-power base from 2 to n-1.
2, 3, 7, 9, 13, 13, 16, 19, 26, 28, 36, 39, 42, 34, 45, 44, 55, 59, 63, 64, 76, 75, 80, 82, 82, 87, 102, 112, 128, 113, 120, 121, 129, 130, 148, 149, 154, 156, 175, 187, 207, 214, 219, 217, 238, 227, 237, 228, 233, 239, 262, 246, 256, 261, 265, 260, 284, 299


Sum of all the digits of n in every base prime to n from 2 to n-1.
2, 2, 7, 2, 15, 10, 15, 8, 34, 12, 45, 22, 31, 32, 73, 28, 90, 40, 57, 50, 135, 46, 118, 74, 117, 70, 198, 58, 222, 120, 139, 122, 192, 92, 296, 152, 216, 136, 372, 112, 408, 202, 235, 208, 497, 176, 442, 224, 338, 260, 607, 202, 454, 276, 416, 330, 755, 194, 776


Sum modulo the base of all the digits of n in every base from 2 to n-1.
0, 3, 2, 7, 6, 13, 13, 18, 19, 31, 24, 37, 40, 48, 48, 65, 59, 79, 76, 85, 93, 117, 105, 121, 132, 148, 143, 176, 163, 193, 191, 208, 226, 250, 225, 262, 277, 302, 290, 332, 320, 359, 363, 376, 394, 444, 419, 455, 462, 491, 495, 551, 540, 577, 564, 601, 625


Difference between <a href="/A014837" title="Sum of all the digits of n in every base from 2 to n-1.">A014837</a> and <a href="/A014841" title="Sum modulo the base of all the digits of n in every base from 2 to n-1.">A014841</a>.
2, 0, 5, 2, 9, 3, 7, 6, 15, 2, 21, 14, 19, 9, 25, 7, 31, 12, 27, 28, 42, 10, 38, 34, 35, 22, 55, 16, 59, 27, 49, 48, 54, 10, 71, 52, 61, 30, 82, 34, 88, 56, 66, 75, 103, 27, 88, 59, 84, 64, 112, 46, 97, 56, 105, 96, 130, 28, 138, 114, 108, 70, 118, 66, 146, 94, 121, 86


Sum modulo n of the sum modulo n of all the digits of n in every base from 2 to n-1.
2, 2, 2, 3, 1, 7, 2, 4, 1, 9, 6, 9, 14, 8, 5, 0, 14, 11, 19, 3, 20, 7, 18, 25, 5, 2, 24, 12, 5, 27, 9, 18, 0, 8, 0, 10, 26, 12, 3, 30, 21, 19, 24, 37, 27, 39, 17, 14, 36, 35, 24, 3, 32, 17, 42, 1, 47, 56, 44, 0, 11, 49, 21, 2, 55, 55, 17, 5, 61, 69, 55, 3, 14, 14, 59, 38, 22, 62


a(n) = 2^n - n*(n-1)/2.
1, 2, 3, 5, 10, 22, 49, 107, 228, 476, 979, 1993, 4030, 8114, 16293, 32663, 65416, 130936, 261991, 524117, 1048386, 2096942, 4194073, 8388355, 16776940, 33554132, 67108539, 134217377, 268435078, 536870506, 1073741389, 2147483183


Inverse of 836th cyclotomic polynomial.
1, 0, -1, 0, 1, 0, -1, 0, 1, 0, -1, 0, 1, 0, -1, 0, 1, 0, -1, 0, 1, 0, 0, 0, 0, 0, 0, 0, 0, 0, 0, 0, 0, 0, 0, 0, 0, 0, 1, 0, -1, 0, 1, 0, -1, 0, 1, 0, -1, 0, 1, 0, -1, 0, 1, 0, -1, 0, 1, 0, 0, 0, 0, 0, 0, 0, 0, 0, 0, 0, 0, 0, 0, 0, 0, 0, 0, 0, 0, 0, 0


2^(n-1) - n*(n+1)/2.
0, -1, -2, -2, 1, 11, 36, 92, 211, 457, 958, 1970, 4005, 8087, 16264, 32632, 65383, 130901, 261954, 524078, 1048345, 2096899, 4194028, 8388308, 16776891, 33554081, 67108486, 134217322, 268435021, 536870447, 1073741328, 2147483120


Numbers k such that k-th Catalan number C(2k,k)/(k+1) is divisible by k.
1, 2, 6, 15, 20, 28, 42, 45, 66, 77, 88, 91, 104, 110, 126, 140, 153, 156, 170, 187, 190, 204, 209, 210, 220, 228, 231, 238, 240, 266, 276, 299, 308, 312, 315, 322, 325, 330, 345, 368, 378, 414, 420, 429, 435, 440, 442, 450, 459, 460, 464, 468, 476, 483, 493


n^2 - floor( n/2 ).
0, 1, 3, 8, 14, 23, 33, 46, 60, 77, 95, 116, 138, 163, 189, 218, 248, 281, 315, 352, 390, 431, 473, 518, 564, 613, 663, 716, 770, 827, 885, 946, 1008, 1073, 1139, 1208, 1278, 1351, 1425, 1502, 1580, 1661, 1743, 1828, 1914, 2003, 2093, 2186, 2280, 2377, 2475


Inverse of 840th cyclotomic polynomial.
1, 0, 0, 0, 1, 0, 0, 0, 0, 0, 0, 0, -1, 0, 0, 0, -1, 0, 0, 0, -1, 0, 0, 0, 0, 0, 0, 0, 0, 0, 0, 0, 0, 0, 0, 0, 0, 0, 0, 0, 1, 0, 0, 0, 1, 0, 0, 0, 1, 0, 0, 0, 0, 0, 0, 0, 0, 0, 0, 0, 0, 0, 0, 0, 0, 0, 0, 0, -1, 0, 0, 0, -1, 0, 0, 0, -1, 0, 0, 0, 0


Numbers n such that n divides s(n), where s(1)=1, s(k)=3*s(k-1)+k.
1, 3, 39, 507, 6591, 12207, 85683, 158691, 255567, 285987, 1028703, 1113879, 2062983, 3322371, 3717831, 3820791


Numbers n such that n divides s(n), where s(1)=1, s(k)=4*s(k-1)+k.
1, 2, 3, 4, 6, 9, 10, 12, 18, 20, 21, 27, 30, 36, 42, 50, 54, 60, 63, 68, 78, 81, 84, 90, 100, 108, 110, 126, 147, 150, 156, 162, 171, 180, 189, 204, 210, 220, 234, 243, 250, 252, 270, 294, 300, 310, 324, 330, 340, 342, 378, 390, 410, 420, 441, 450, 468, 486


Numbers n such that n divides s(n), where s(1)=1, s(k)=5*s(k-1)+k.
1, 5, 55, 355, 605, 3905, 6655, 25205, 42955, 73205, 201995, 277255, 472505


Numbers n such that n divides s(n), where s(1)=1, s(k)=6*s(k-1)+k.
1, 2, 3, 5, 6, 10, 14, 15, 25, 30, 42, 50, 70, 75, 98, 110, 125, 129, 150, 186, 210, 250, 258, 294, 330, 350, 375, 406, 490, 550, 625, 645, 686, 750, 770, 930, 1010, 1050, 1210, 1218, 1250, 1290, 1302, 1470, 1555, 1650, 1750, 1806, 1875, 2030


Numbers n such that n divides s(n), where s(1)=1, s(k)=7*s(k-1)+k.
1, 3, 7, 9, 21, 27, 57, 63, 81, 171, 189, 203, 243, 333, 399, 513, 567, 609, 729, 999, 1083, 1197, 1539, 1701, 1827, 2187, 2331, 2943, 2997, 3249, 3591, 4617, 5103, 5481, 5887, 6327, 6561, 6993, 7581, 8829, 8991, 9567, 9747, 10773, 11571, 11977


Numbers n such that n divides s(n), where s(1)=1, s(k)=8*s(k-1)+k.
1, 2, 4, 6, 7, 8, 12, 14, 18, 20, 24, 28, 36, 40, 42, 49, 52, 54, 56, 60, 72, 84, 98, 100, 104, 108, 114, 120, 126, 136, 140, 156, 162, 168, 180, 196, 200, 216, 220, 228, 252, 260, 280, 294, 300, 312, 324, 342, 343, 360, 364, 378, 392, 408, 420, 438, 440, 444


Inverse of 847th cyclotomic polynomial.
1, 0, 0, 0, 0, 0, 0, 0, 0, 0, 0, 1, 0, 0, 0, 0, 0, 0, 0, 0, 0, 0, 1, 0, 0, 0, 0, 0, 0, 0, 0, 0, 0, 1, 0, 0, 0, 0, 0, 0, 0, 0, 0, 0, 1, 0, 0, 0, 0, 0, 0, 0, 0, 0, 0, 1, 0, 0, 0, 0, 0, 0, 0, 0, 0, 0, 1, 0, 0, 0, 0, 0, 0, 0, 0, 0, 0, 0, 0, 0, 0


Numbers n such that n divides s(n), where s(1)=1, s(k)=9*s(k-1)+k.
1, 3, 9, 21, 39, 63, 117, 147, 171, 273, 333, 441, 507, 819, 903, 1029, 1197, 1521, 1911, 2223, 2331, 2709, 3081, 3087, 3249, 3549, 4329, 5733, 6123, 6321, 6327, 6591, 6813, 7203, 8001, 8379, 9243, 10647, 11487, 11739, 12207, 12321, 13377


Numbers n such that n divides s(n), where s(1)=1, s(k)=11*s(k-1)+k.
1, 5, 11, 25, 55, 125, 275, 625, 1375, 3125, 6875, 15625, 16105, 34375, 75025, 78125, 80525, 171875, 173767, 177155, 375125, 390625, 402625, 603775, 825275, 859375, 868835, 885775, 1391555, 1875625, 1953125, 2013125


Numbers n such that n divides s(n), where s(1)=1, s(k)=12*s(k-1)+k.
1, 2, 3, 4, 6, 11, 12, 20, 22, 26, 33, 42, 44, 52, 60, 66, 78, 84, 100, 114, 116, 121, 132, 156, 220, 228, 242, 253, 260, 286, 294, 300, 338, 348, 363, 420, 462, 471, 484, 500, 506, 546, 572, 580, 588, 660, 676, 726, 759, 780, 798, 858, 924, 942, 1012, 1014


Inverse of 851st cyclotomic polynomial.
1, 1, 1, 1, 1, 1, 1, 1, 1, 1, 1, 1, 1, 1, 1, 1, 1, 1, 1, 1, 1, 1, 1, 0, 0, 0, 0, 0, 0, 0, 0, 0, 0, 0, 0, 0, 0, -1, -1, -1, -1, -1, -1, -1, -1, -1, -1, -1, -1, -1, -1, -1, -1, -1, -1, -1, -1, -1, -1, -1, 0, 0, 0, 0, 0, 0, 0, 0, 0


Numbers n such that n divides s(n), where s(1)=1, s(k)=13*s(k-1)+k.
1, 3, 9, 13, 27, 39, 81, 117, 183, 243, 351, 549, 689, 729, 1053, 1647, 2067, 2187, 2379, 3081, 3159, 4941, 6201, 6561, 7137, 9243, 9477, 11163, 14823, 18603, 19683, 21411, 27729, 28431, 33489, 36517, 42627, 44469, 55809, 59049, 64233


Numbers n such that n divides s(n), where s(1)=1, s(k)=14*s(k-1)+k.
1, 2, 6, 7, 10, 13, 14, 18, 26, 30, 42, 50, 54, 70, 78, 90, 91, 110, 126, 130, 150, 162, 169, 182, 210, 234, 250, 270, 330, 338, 342, 350, 366, 378, 390, 450, 486, 546, 550, 630, 650, 702, 710, 750, 770, 810, 910, 930, 990, 1010, 1014, 1026, 1050, 1098


Inverse of 854th cyclotomic polynomial.
1, -1, 1, -1, 1, -1, 1, 0, 0, 0, 0, 0, 0, 0, 0, 0, 0, 0, 0, 0, 0, 0, 0, 0, 0, 0, 0, 0, 0, 0, 0, 0, 0, 0, 0, 0, 0, 0, 0, 0, 0, 0, 0, 0, 0, 0, 0, 0, 0, 0, 0, 0, 0, 0, 0, 0, 0, 0, 0, 0, 0, 1, -1, 1, -1, 1, -1, 1, 0, 0, 0, 0, 0, 0, 0, 0, 0, 0, 0, 0, 0


Inverse of 855th cyclotomic polynomial.
1, 0, 0, -1, 0, 0, 0, 0, 0, 1, 0, 0, -1, 0, 0, 1, 0, 0, 0, 0, 0, -1, 0, 0, 1, 0, 0, 0, 0, 0, 0, 0, 0, 0, 0, 0, 0, 0, 0, 0, 0, 0, 0, 0, 0, 0, 0, 0, 0, 0, 0, 0, 0, 0, 0, 0, 0, 1, 0, 0, -1, 0, 0, 0, 0, 0, 1, 0, 0, -1, 0, 0, 1, 0, 0, 0, 0, 0, -1, 0, 0


Numbers n such that n divides s(n), where s(1)=1, s(k)=15*s(k-1)+k.
1, 3, 5, 7, 15, 21, 35, 49, 55, 105, 147, 165, 245, 343, 385, 605, 723, 735, 903, 915, 1029, 1155, 1715, 1815, 2401, 2485, 2695, 3615, 3685, 4235, 4515, 5061, 5145, 6321, 6405, 6655, 7203, 7455, 8085, 10065, 11055, 12005, 12705, 16807, 17395


Numbers n such that n divides s(n), where s(1)=1, s(k)=16*s(k-1)+k.
1, 2, 3, 4, 5, 6, 8, 9, 10, 12, 15, 16, 18, 20, 21, 24, 25, 27, 30, 34, 36, 39, 40, 42, 45, 48, 50, 54, 55, 60, 63, 68, 72, 75, 78, 80, 81, 84, 90, 100, 102, 105, 108, 110, 117, 120, 125, 126, 135, 136, 144, 147, 150, 155, 156, 162, 165, 168, 170, 171, 180, 189


Inverse of 858th cyclotomic polynomial.
1, 1, 0, -1, -1, 0, 1, 1, 0, -1, -1, -1, 0, 0, 0, 0, 0, 0, 0, 0, 0, 0, 1, 1, 1, 0, 0, 0, 0, 0, 0, 0, 0, 0, 0, -1, -1, -1, 0, 1, 1, 0, -1, -1, 0, 1, 1, 0, 0, 0, 0, 0, 0, 0, 0, 0, 0, 0, 0, 0, 0, 0, 0, 0, 0, 0, 0, 0, 0, 0, 0, 0, 0, 0, 0, 0, 0, 0, 0, 0, 0


Numbers n such that n divides s(n), where s(1)=1, s(k)=18*s(k-1)+k.
1, 2, 3, 6, 9, 17, 18, 21, 34, 38, 42, 51, 63, 102, 114, 126, 147, 153, 289, 294, 306, 342, 357, 441, 578, 646, 714, 722, 798, 867, 882, 1029, 1071, 1314, 1734, 1806, 1842, 1938, 2058, 2142, 2166, 2394, 2499, 2601, 3087, 4658, 4913, 4998, 5202


Numbers n such that n divides s(n), where s(1)=1, s(k)=19*s(k-1)+k.
1, 3, 9, 19, 27, 57, 81, 171, 243, 381, 513, 729, 1143, 1539, 2187, 3429, 4617, 4707, 6561, 7239, 10287, 13053, 13149, 13851, 14121, 19683, 21717, 30861, 39159, 39447, 41553, 42363, 48387, 59049, 65151


Inverse of 861st cyclotomic polynomial.
1, -1, 0, 1, -1, 0, 1, 0, -1, 1, 0, -1, 1, 0, 0, 0, 0, 0, 0, 0, 0, 0, 0, 0, 0, 0, 0, 0, 0, 0, 0, 0, 0, 0, 0, 0, 0, 0, 0, 0, 0, 1, -1, 0, 1, -1, 0, 1, 0, -1, 1, 0, -1, 1, 0, 0, 0, 0, 0, 0, 0, 0, 0, 0, 0, 0, 0, 0, 0, 0, 0, 0, 0, 0, 0, 0, 0, 0, 0, 0, 0


Numbers n such that n divides s(n), where s(1)=1, s(k)=20*s(k-1)+k.
1, 2, 4, 5, 6, 10, 12, 14, 18, 19, 20, 28, 30, 36, 38, 42, 54, 55, 60, 70, 76, 84, 90, 95, 98, 108, 110, 114, 126, 140, 156, 162, 180, 190, 196, 210, 220, 228, 252, 266, 270, 294, 305, 324, 330, 342, 361, 378, 380, 406, 420, 468, 486, 490, 532, 540, 570, 588


Numbers n such that n divides s(n), where s(1)=1, s(k)=21*s(k-1)+k.
1, 3, 5, 7, 15, 21, 25, 35, 75, 105, 125, 175, 301, 375, 525, 625, 875, 903, 1389, 1505, 1875, 2625, 3125, 3165, 4375, 4417, 4515, 6945, 7525, 9375, 9723, 11325, 12943, 13125, 13251, 15625, 15825, 21875, 22085, 22155, 22575, 23233, 31375


Numbers n such that n divides s(n), where s(1)=1, s(k)=22*s(k-1)+k.
1, 2, 3, 6, 7, 9, 11, 14, 18, 21, 22, 27, 33, 39, 42, 46, 49, 54, 63, 66, 77, 78, 81, 98, 99, 117, 126, 138, 147, 154, 162, 189, 198, 231, 234, 243, 273, 294, 297, 322, 342, 343, 351, 378, 406, 414, 429, 441, 462, 486, 506, 507, 539, 546, 567, 594, 602, 686, 693


Numbers n such that n divides s(n), where s(1)=1, s(k)=23*s(k-1)+k.
1, 11, 23, 121, 253, 1331, 2783, 10603, 14641, 29647, 30613, 87967, 116633, 161051, 326117, 336743, 967637, 1282963, 1771561, 2023241


Numbers n such that n divides s(n), where s(1)=1, s(k)=24*s(k-1)+k.
1, 2, 3, 4, 6, 8, 10, 12, 20, 23, 24, 30, 40, 42, 46, 50, 60, 69, 84, 92, 100, 110, 120, 138, 150, 156, 168, 184, 200, 210, 220, 230, 250, 276, 294, 300, 312, 330, 420, 440, 460, 474, 500, 529, 550, 552, 588, 600, 660, 690, 750, 780, 840, 876, 920, 930, 948


Numbers n such that n divides s(n), where s(1)=1, s(k)=25*s(k-1)+k.
1, 3, 5, 9, 15, 21, 25, 27, 45, 55, 63, 75, 81, 93, 105, 135, 147, 165, 171, 189, 225, 243, 275, 279, 315, 355, 405, 441, 465, 495, 513, 525, 567, 605, 609, 651, 675, 729, 735, 825, 837, 855, 903, 915, 945, 1029, 1065, 1155, 1197, 1215, 1265, 1323, 1395


Inverse of 868th cyclotomic polynomial.
1, 0, -1, 0, 1, 0, -1, 0, 1, 0, -1, 0, 1, 0, 0, 0, 0, 0, 0, 0, 0, 0, 0, 0, 0, 0, 0, 0, 0, 0, 0, 0, 0, 0, 0, 0, 0, 0, 0, 0, 0, 0, 0, 0, 0, 0, 0, 0, 0, 0, 0, 0, 0, 0, 0, 0, 0, 0, 0, 0, 0, 0, 1, 0, -1, 0, 1, 0, -1, 0, 1, 0, -1, 0, 1, 0, 0, 0, 0, 0, 0


Inverse of 869th cyclotomic polynomial.
1, 1, 1, 1, 1, 1, 1, 1, 1, 1, 1, 0, 0, 0, 0, 0, 0, 0, 0, 0, 0, 0, 0, 0, 0, 0, 0, 0, 0, 0, 0, 0, 0, 0, 0, 0, 0, 0, 0, 0, 0, 0, 0, 0, 0, 0, 0, 0, 0, 0, 0, 0, 0, 0, 0, 0, 0, 0, 0, 0, 0, 0, 0, 0, 0, 0, 0, 0, 0, 0, 0, 0, 0, 0, 0, 0, 0, 0, 0, -1, -1


Inverse of 870th cyclotomic polynomial.
1, 1, 0, -1, -1, -1, 0, 1, 1, 0, 0, 0, 0, 0, 0, 0, 0, 0, 0, 0, 0, 0, 0, 0, 0, 0, 0, 0, 0, -1, -1, 0, 1, 1, 1, 0, -1, -1, 0, 0, 0, 0, 0, 0, 0, 0, 0, 0, 0, 0, 0, 0, 0, 0, 0, 0, 0, 0, 1, 1, 0, -1, -1, -1, 0, 1, 1, 0, 0, 0, 0, 0, 0, 0, 0, 0, 0, 0, 0, 0, 0


Inverse of 871st cyclotomic polynomial.
1, 1, 1, 1, 1, 1, 1, 1, 1, 1, 1, 1, 1, 0, 0, 0, 0, 0, 0, 0, 0, 0, 0, 0, 0, 0, 0, 0, 0, 0, 0, 0, 0, 0, 0, 0, 0, 0, 0, 0, 0, 0, 0, 0, 0, 0, 0, 0, 0, 0, 0, 0, 0, 0, 0, 0, 0, 0, 0, 0, 0, 0, 0, 0, 0, 0, 0, -1, -1, -1, -1, -1, -1, -1, -1, -1, -1, -1, -1, -1, 0


a(1)=1, a(n)=11*a(n-1)+n.
1, 13, 146, 1610, 17715, 194871, 2143588, 23579476, 259374245, 2853116705, 31384283766, 345227121438, 3797498335831, 41772481694155, 459497298635720, 5054470284992936, 55599173134922313, 611590904484145461, 6727499949325600090


a(1)=1, a(n)=12*a(n-1)+n.
1, 14, 171, 2056, 24677, 296130, 3553567, 42642812, 511713753, 6140565046, 73686780563, 884241366768, 10610896401229, 127330756814762, 1527969081777159, 18335628981325924, 220027547775911105, 2640330573310933278, 31683966879731199355


Inverse of 874th cyclotomic polynomial.
1, -1, 1, -1, 1, -1, 1, -1, 1, -1, 1, -1, 1, -1, 1, -1, 1, -1, 1, 0, 0, 0, 0, 1, -1, 1, -1, 1, -1, 1, -1, 1, -1, 1, -1, 1, -1, 1, -1, 1, -1, 1, 0, 0, 0, 0, 0, 0, 0, 0, 0, 0, 0, 0, 0, 0, 0, 0, 0, 0, 0, 0, 0, 0, 0, 0, 0, 0, 0, 0, 0, 0, 0, 0, 0, 0, 0, 0, 0, 0, 0


n is equal to the number of 1's in all numbers &lt;= n written in base 9.
1, 102772, 102773, 102774, 102775, 102776, 102777, 102778, 102779, 102780, 142155, 142156, 737002, 737003, 737004, 737005, 737006, 737007, 737008, 737009, 737010, 1594323, 1594324, 1697095, 1697096, 1697097, 1697098


n is equal to the number of 1's in all numbers &lt;= n written in base 8.
1, 8177, 8178, 8179, 8180, 8181, 8182, 8183, 8184, 8192, 8193, 49137, 49138, 49139, 49140, 49141, 49142, 49143, 49144, 90112, 90113, 322096, 1048576, 1048577, 1056753, 1056754, 1056755, 1056756, 1056757, 1056758, 1056759


n is equal to the number of 2's in all numbers &lt;= n written in base 8.
679922, 679923, 679924, 679925, 679926, 679927, 679928, 679929, 1048576, 16777216, 17457138, 17457139, 17457140, 17457141, 17457142, 17457143, 17457144, 17457145, 17825792


n is equal to the number of 1's in all numbers &lt;= n written in base 7.
1, 3930, 6044, 61879, 137256


n is equal to the number of 4s in all numbers &lt;= n written in base 7.
761729, 761730, 823543, 1585272, 1585273, 1647086, 2408815, 2408816, 2470629, 3232358, 3232359


n is equal to the number of 5s in all numbers &lt;= n written in base 7.
761664, 817499, 817500, 817507, 817508, 819609, 823543, 1585207, 1641042, 1641043, 1641050, 1641051, 1643152, 1647086, 2408750, 2464585, 2464586, 2464593, 2464594, 2466695, 2470629, 3232293, 3288128, 3288129, 3288136, 3288137, 3290238, 3294172, 4055836, 4111671, 4111672, 4111679, 4111680, 4113781


n is equal to the number of 1's in all numbers &lt;= n written in base 6.
1, 421, 422, 423, 424, 425, 426, 432, 433, 1726, 3888, 3889, 4309, 4310, 4311, 4312, 4313, 4314, 4320, 4321, 9330


n is equal to the number of 2's in all numbers &lt;= n written in base 6.
3878, 3879, 3880, 3881, 3882, 3883, 3888, 46656, 50534, 50535, 50536, 50537, 50538, 50539, 50544


n is equal to the number of 4s in all numbers &lt;= n written in base 6.
42768, 44921, 44922, 44923, 44924, 44925, 46656, 89424, 91577, 91578, 91579, 91580, 91581, 93312, 136080, 138233, 138234, 138235, 138236, 138237, 139968, 182736, 184889, 184890, 184891, 184892, 184893


Inverse of 884th cyclotomic polynomial.
1, 0, -1, 0, 1, 0, -1, 0, 1, 0, -1, 0, 1, 0, -1, 0, 1, 0, -1, 0, 1, 0, -1, 0, 1, 0, 0, 0, 0, 0, 0, 0, 0, 0, 1, 0, -1, 0, 1, 0, -1, 0, 1, 0, -1, 0, 1, 0, -1, 0, 1, 0, -1, 0, 1, 0, -1, 0, 1, 0, 0, 0, 0, 0, 0, 0, 0, 0, 0, 0, 0, 0, 0, 0, 0, 0, 0, 0, 0, 0, 0


Inverse of 885th cyclotomic polynomial.
1, -1, 0, 1, -1, 1, 0, -1, 1, 0, 0, 0, 0, 0, 0, 0, 0, 0, 0, 0, 0, 0, 0, 0, 0, 0, 0, 0, 0, 0, 0, 0, 0, 0, 0, 0, 0, 0, 0, 0, 0, 0, 0, 0, 0, 0, 0, 0, 0, 0, 0, 0, 0, 0, 0, 0, 0, 0, 0, 1, -1, 0, 1, -1, 1, 0, -1, 1, 0, 0, 0, 0, 0, 0, 0, 0, 0, 0, 0, 0, 0


n is equal to the number of 3s in all numbers &lt;= n written in base 5.
2787, 2788, 2793, 2794, 2940, 3125, 5912, 5913, 5918, 5919, 6065, 6250, 9037, 9038, 9043, 9044, 9190


a(1)=1, a(n)=13*a(n-1)+n.
1, 15, 198, 2578, 33519, 435753, 5664796, 73642356, 957350637, 12445558291, 161792257794, 2103299351334, 27342891567355, 355457590375629, 4620948674883192, 60072332773481512, 780940326055259673, 10152224238718375767, 131978915103338884990


a(1)=1, a(n) = 14*a(n-1) + n.
1, 16, 227, 3182, 44553, 623748, 8732479, 122254714, 1711566005, 23961924080, 335466937131, 4696537119846, 65751519677857, 920521275490012, 12887297856860183, 180422169996042578, 2525910379944596109, 35362745319224345544, 495078434469140837635


a(1)=1, a(n) = 15*a(n-1) + n.
1, 17, 258, 3874, 58115, 871731, 13075972, 196139588, 2942093829, 44131407445, 661971111686, 9929566675302, 148943500129543, 2234152501943159, 33512287529147400, 502684312937211016, 7540264694058165257


a(n) = (16^(n+1) - 15*n - 16)/225.
0, 1, 18, 291, 4660, 74565, 1193046, 19088743, 305419896, 4886718345, 78187493530, 1250999896491, 20015998343868, 320255973501901, 5124095576030430, 81985529216486895, 1311768467463790336, 20988295479420645393, 335812727670730326306


a(1)=1, a(n)=17*a(n-1)+n.
1, 19, 326, 5546, 94287, 1602885, 27249052, 463233892, 7874976173, 133874594951, 2275868114178, 38689757941038, 657725884997659, 11181340044960217, 190082780764323704, 3231407272993502984, 54933923640889550745, 933876701895122362683


a(1)=1, a(n) = 18*a(n-1) + n.
1, 20, 363, 6538, 117689, 2118408, 38131351, 686364326, 12354557877, 222382041796, 4002876752339, 72051781542114, 1296932067758065, 23344777219645184, 420205989953613327, 7563707819165039902, 136146740744970718253


Inverse of 893rd cyclotomic polynomial.
1, 1, 1, 1, 1, 1, 1, 1, 1, 1, 1, 1, 1, 1, 1, 1, 1, 1, 1, 0, 0, 0, 0, 0, 0, 0, 0, 0, 0, 0, 0, 0, 0, 0, 0, 0, 0, 0, 0, 0, 0, 0, 0, 0, 0, 0, 0, -1, -1, -1, -1, -1, -1, -1, -1, -1, -1, -1, -1, -1, -1, -1, -1, -1, -1, -1, 0, 0, 0, 0, 0, 0, 0, 0, 0, 0, 0, 0, 0, 0, 0


a(1)=1, a(n) = 19*a(n-1) + n.
1, 21, 402, 7642, 145203, 2758863, 52418404, 995949684, 18923044005, 359537836105, 6831218886006, 129793158834126, 2466070017848407, 46855330339119747, 890251276443275208, 16914774252422228968, 321380710796022350409, 6106233505124424657789


a(1)=1, a(n) = 20*a(n-1) + n.
1, 22, 443, 8864, 177285, 3545706, 70914127, 1418282548, 28365650969, 567313019390, 11346260387811, 226925207756232, 4538504155124653, 90770083102493074, 1815401662049861495, 36308033240997229916, 726160664819944598337, 14523213296398891966758


a(1)=1, a(n) = 21*a(n-1) + n.
1, 23, 486, 10210, 214415, 4502721, 94557148, 1985700116, 41699702445, 875693751355, 18389568778466, 386180944347798, 8109799831303771, 170305796457379205, 3576421725604963320, 75104856237704229736


Inverse of 897th cyclotomic polynomial.
1, -1, 0, 1, -1, 0, 1, -1, 0, 1, -1, 0, 1, 0, -1, 1, 0, -1, 1, 0, -1, 1, 0, 0, 0, 0, 1, -1, 0, 1, -1, 0, 1, -1, 0, 1, 0, -1, 1, 0, -1, 1, 0, -1, 1, 0, 0, 0, 0, 1, -1, 0, 1, -1, 0, 1, -1, 0, 1, 0, -1, 1, 0, -1, 1, 0, -1, 1, 0, -1, 1, 0, 0, 0, 0, 0, 0, 0, 0, 0, 0


a(1)=1, a(n) = 22*a(n-1) + n.
1, 24, 531, 11686, 257097, 5656140, 124435087, 2737571922, 60226582293, 1324984810456, 29149665830043, 641292648260958, 14108438261741089, 310385641758303972, 6828484118682687399, 150226650611019122794


Inverse of 899th cyclotomic polynomial.
1, 1, 1, 1, 1, 1, 1, 1, 1, 1, 1, 1, 1, 1, 1, 1, 1, 1, 1, 1, 1, 1, 1, 1, 1, 1, 1, 1, 1, 0, 0, -1, -1, -1, -1, -1, -1, -1, -1, -1, -1, -1, -1, -1, -1, -1, -1, -1, -1, -1, -1, -1, -1, -1, -1, -1, -1, -1, -1, -1, 0, 0, 0, 0, 0, 0


a(1)=1, a(n) = 23*a(n-1) + n.
1, 25, 578, 13298, 305859, 7034763, 161799556, 3721389796, 85591965317, 1968615202301, 45278149652934, 1041397442017494, 23952141166402375, 550899246827254639, 12670682677026856712, 291425701571617704392


Inverse of 901st cyclotomic polynomial.
1, 1, 1, 1, 1, 1, 1, 1, 1, 1, 1, 1, 1, 1, 1, 1, 1, 0, 0, 0, 0, 0, 0, 0, 0, 0, 0, 0, 0, 0, 0, 0, 0, 0, 0, 0, 0, 0, 0, 0, 0, 0, 0, 0, 0, 0, 0, 0, 0, 0, 0, 0, 0, -1, -1, -1, -1, -1, -1, -1, -1, -1, -1, -1, -1, -1, -1, -1, -1, -1, 0, 0, 0, 0, 0, 0, 0, 0, 0


Inverse of 902nd cyclotomic polynomial.
1, -1, 1, -1, 1, -1, 1, -1, 1, -1, 1, 0, 0, 0, 0, 0, 0, 0, 0, 0, 0, 0, 0, 0, 0, 0, 0, 0, 0, 0, 0, 0, 0, 0, 0, 0, 0, 0, 0, 0, 0, 1, -1, 1, -1, 1, -1, 1, -1, 1, -1, 1, 0, 0, 0, 0, 0, 0, 0, 0, 0, 0, 0, 0, 0, 0, 0, 0, 0, 0, 0, 0, 0, 0, 0, 0, 0, 0, 0, 0, 0


Inverse of 903rd cyclotomic polynomial.
1, -1, 0, 1, -1, 0, 1, 0, -1, 1, 0, -1, 1, 0, 0, 0, 0, 0, 0, 0, 0, 0, 0, 0, 0, 0, 0, 0, 0, 0, 0, 0, 0, 0, 0, 0, 0, 0, 0, 0, 0, 0, 0, 1, -1, 0, 1, -1, 0, 1, 0, -1, 1, 0, -1, 1, 0, 0, 0, 0, 0, 0, 0, 0, 0, 0, 0, 0, 0, 0, 0, 0, 0, 0, 0, 0, 0, 0, 0, 0, 0


a(1)=1, a(n) = 24*a(n-1) + n.
1, 26, 627, 15052, 361253, 8670078, 208081879, 4993965104, 119855162505, 2876523900130, 69036573603131, 1656877766475156, 39765066395403757, 954361593489690182, 22904678243752564383, 549712277850061545208


a(1)=1, a(n) = 25*a(n-1) + n.
1, 27, 678, 16954, 423855, 10596381, 264909532, 6622738308, 165568457709, 4139211442735, 103480286068386, 2587007151709662, 64675178792741563, 1616879469818539089, 40421986745463477240, 1010549668636586931016


a(1)=1, a(n) = n*3^(n-1) + a(n-1).
1, 7, 34, 142, 547, 2005, 7108, 24604, 83653, 280483, 930022, 3055786, 9964519, 32285041, 104029576, 333612088, 1065406345, 3389929279, 10750918570, 33996147910, 107218620331, 337346390797, 1059110761804, 3318547053652, 10379285465677


a(1)=1, a(n) = n*4^(n-1) + a(n-1).
1, 9, 57, 313, 1593, 7737, 36409, 167481, 757305, 3378745, 14913081, 65244729, 283348537, 1222872633, 5249404473, 22429273657, 95443717689, 404681363001, 1710351420985, 7207909559865, 30297653743161, 127054676987449


a(1)=1, a(n) = n*5^(n-1)+a(n-1).
1, 11, 86, 586, 3711, 22461, 131836, 756836, 4272461, 23803711, 131225586, 717163086, 3890991211, 20980834961, 112533569336, 600814819336, 3194808959961, 16927719116211, 89406967163086, 470876693725586


a(1)=1, a(n) = n*6^(n-1) + a(n-1).
1, 13, 121, 985, 7465, 54121, 380713, 2620201, 17736745, 118513705, 783641641, 5137206313, 33435376681, 216285092905, 1391747554345, 8914707307561, 56873575734313, 361553445739561, 2291192622439465, 14478387422649385


Inverse of 910th cyclotomic polynomial.
1, 1, 0, 0, 0, -1, -1, -1, -1, 0, 1, 1, 1, 0, 0, 0, -1, -1, 0, 0, 1, 1, 0, 0, 0, -1, 0, 0, 0, 1, 1, 0, 0, -1, -1, 0, 0, 0, 1, 0, 0, 0, -1, -1, 0, 0, 1, 1, 0, 0, 0, -1, 0, 0, 0, 1, 1, 0, 0, -1, -1, 0, 0, 0, 1, 1, 1, 0, -1, -1, -1, -1, 0, 0, 0, 1, 1, 0, 0, 0, 0


a(1)=1, a(n) = n*7^(n-1) + a(n-1).
1, 15, 162, 1534, 13539, 114381, 937924, 7526268, 59409477, 462945547, 3570173286, 27298094202, 207234827815, 1563680973513, 11737027066248, 87698011225336, 652657830908553, 4840007082678279, 35779865442976810


a(1)=1, a(n) = n*8^(n-1) + a(n-1).
1, 17, 209, 2257, 22737, 219345, 2054353, 18831569, 169826513, 1512003793, 13323163857, 116402378961, 1009755576529, 8706336970961, 74677034637521, 637626988058833, 5422701592139985, 45955098238474449


Inverse of 913th cyclotomic polynomial.
1, 1, 1, 1, 1, 1, 1, 1, 1, 1, 1, 0, 0, 0, 0, 0, 0, 0, 0, 0, 0, 0, 0, 0, 0, 0, 0, 0, 0, 0, 0, 0, 0, 0, 0, 0, 0, 0, 0, 0, 0, 0, 0, 0, 0, 0, 0, 0, 0, 0, 0, 0, 0, 0, 0, 0, 0, 0, 0, 0, 0, 0, 0, 0, 0, 0, 0, 0, 0, 0, 0, 0, 0, 0, 0, 0, 0, 0, 0, 0, 0


a(1)=1, a(n)=n*9^(n-1)+a(n-1).
1, 19, 262, 3178, 35983, 390277, 4110364, 42374116, 429794605, 4303999495, 42658627906, 419231343214, 4090815317467, 39676936914073, 382828823738488, 3677086937252872, 35178430147734169


Inverse of 915th cyclotomic polynomial.
1, -1, 0, 1, -1, 1, 0, -1, 1, 0, 0, 0, 0, 0, 0, 0, 0, 0, 0, 0, 0, 0, 0, 0, 0, 0, 0, 0, 0, 0, 0, 0, 0, 0, 0, 0, 0, 0, 0, 0, 0, 0, 0, 0, 0, 0, 0, 0, 0, 0, 0, 0, 0, 0, 0, 0, 0, 0, 0, 0, 0, 1, -1, 0, 1, -1, 1, 0, -1, 1, 0, 0, 0, 0, 0, 0, 0, 0, 0, 0, 0


Number of zeros in numbers 1 to 111...1 (n+1 digits).
1, 21, 321, 4321, 54321, 654321, 7654321, 87654321, 987654321, 10987654321, 120987654321, 1320987654321, 14320987654321, 154320987654321, 1654320987654321, 17654320987654321, 187654320987654321


a(1)=1, a(n)=n*11^(n-1)+a(n-1).
1, 23, 386, 5710, 78915, 1045221, 13446148, 169343516, 2098573445, 25678050355, 310989720966, 3734729768298, 44534298665671, 527852268680705, 6224099772429320, 73060070483079736


a(1)=1, a(n)=n*12^(n-1)+a(n-1).
1, 25, 457, 7369, 111049, 1604041, 22505929, 309160393, 4178995657, 55776799177, 736867805641, 9652968253897, 125562274081225, 1623467149388233, 20882244117621193, 267394589311003081


a(1)=1, a(n)=n*13^(n-1)+a(n-1).
1, 27, 534, 9322, 152127, 2379885, 36167548, 538155684, 7879732173, 113924725903, 1630368136242, 23136292864686, 326011399456939, 4566262891748481, 63626908677237816, 882601196902689928


a(1)=1, a(n)=n*14^(n-1)+a(n-1).
1, 29, 617, 11593, 203673, 3430617, 56137369, 899445401, 14181546905, 220792014745, 3402593219481, 51997375255449, 789018236134297, 11901025061692313, 178581127445062553, 2667670656370058137, 39692877399129367449, 588537118527090893721, 8699235348529189004185


a(1)=1, a(n)=n*15^(n-1)+a(n-1).
1, 31, 706, 14206, 267331, 4823581, 84557956, 1451432956, 24517448581, 408951042331, 6752105339206, 110549175651706, 1797251568229831, 29043982525261081, 466937872906120456, 7473240118999870456


a(1)=1, a(n)=n*16^(n-1)+a(n-1).
1, 33, 801, 17185, 344865, 6636321, 124076833, 2271560481, 40926266145, 728121033505, 12822748939041, 223928981472033, 3883103678710561, 66933498461897505, 1147797409030816545, 19594541482740368161


Inverse of 923rd cyclotomic polynomial.
1, 1, 1, 1, 1, 1, 1, 1, 1, 1, 1, 1, 1, 0, 0, 0, 0, 0, 0, 0, 0, 0, 0, 0, 0, 0, 0, 0, 0, 0, 0, 0, 0, 0, 0, 0, 0, 0, 0, 0, 0, 0, 0, 0, 0, 0, 0, 0, 0, 0, 0, 0, 0, 0, 0, 0, 0, 0, 0, 0, 0, 0, 0, 0, 0, 0, 0, 0, 0, 0, 0, -1, -1, -1, -1, -1, -1, -1, -1, -1, -1


Inverse of 924th cyclotomic polynomial.
1, 0, 1, 0, 0, 0, -1, 0, -1, 0, 0, 0, 1, 0, 0, 0, -1, 0, -1, 0, 0, 0, 0, 0, 0, 0, 0, 0, 1, 0, 1, 0, 0, 0, -1, 0, 0, 0, 1, 0, 1, 0, 0, 0, 0, 0, 0, 0, 0, 0, -1, 0, -1, 0, 0, 0, 1, 0, 0, 0, -1, 0, -1, 0, 0, 0, 1, 0, 1, 0, 0, 0, 0, 0, 0, 0, 0, 0, 0, 0, 0


a(1)=1, a(n)=n*17^(n-1)+a(n-1).
1, 35, 902, 20554, 438159, 8957301, 177920284, 3460629668, 66242446637, 1252121211607, 23428054116546, 434690809808142, 8008779893795035, 146672872354478153, 2672340270745492088, 48471109094902544776, 875711370981239308953


a(1)=1, a(n)=n*18^(n-1)+a(n-1).
1, 37, 1009, 24337, 549217, 11886625, 249972193, 5147732449, 104327377633, 2087920281313, 41363059774177, 812583980724961, 15851391939265249, 307372900058661601, 5929573413789876961, 113875823277429211873


a(1)=1, a(n)=n*19^(n-1)+a(n-1).
1, 39, 1122, 28558, 680163, 15536757, 344857924, 7495831836, 160347899205, 3387224876995, 70828953712806, 1468712060491434, 30241806008351527, 618983574479950353, 12604083861223212168, 255502116339219984952


a(1)=1, a(n)=n*20^(n-1)+a(n-1).
1, 41, 1241, 33241, 833241, 20033241, 468033241, 10708033241, 241108033241, 5361108033241, 118001108033241, 2575601108033241, 55823601108033241, 1202703601108033241, 25778703601108033241, 550066703601108033241


a(1)=1, a(n)=n*21^(n-1)+a(n-1).
1, 43, 1366, 38410, 1010815, 25515421, 625878268, 15034586596, 355440320845, 8298240786655, 191776931546866, 4395106938053518, 100020864586079851, 2262634152933752305, 50921433140756382520, 1140878530467983299336


Inverse of 930th cyclotomic polynomial.
1, 1, 0, -1, -1, -1, 0, 1, 1, 0, 0, 0, 0, 0, 0, 0, 0, 0, 0, 0, 0, 0, 0, 0, 0, 0, 0, 0, 0, 0, 0, -1, -1, 0, 1, 1, 1, 0, -1, -1, 0, 0, 0, 0, 0, 0, 0, 0, 0, 0, 0, 0, 0, 0, 0, 0, 0, 0, 0, 0, 0, 0, 1, 1, 0, -1, -1, -1, 0, 1, 1, 0, 0, 0, 0, 0, 0, 0, 0, 0, 0


a(1)=1, a(n)=n*22^(n-1)+a(n-1).
1, 45, 1497, 44089, 1215369, 32137161, 825796489, 20780659593, 514663521417, 12587355699337, 304746506405001, 7316566123340937, 174431600326980745, 4133772410690139273, 97461091512107447433, 2287542179758700278921


a(1)=1, a(n)=n*23^(n-1)+a(n-1).
1, 47, 1634, 50302, 1449507, 40067565, 1076318788, 28314922364, 733113789893, 18744640404523, 474436263754662, 11908153358721786, 296798270974985959, 7353307338085529321, 181245852206166776456, 4447409619636426706168


( 1+24^n*(23*n-1) ) / 529.
1, 49, 1777, 57073, 1715953, 49491697, 1387212529, 38078983921, 1028756811505, 27446832213745, 724884022832881, 18985057740861169, 493749574409596657, 12764586312924606193, 328300388160453422833, 8406016915457191128817


a(1)=1, a(n)=n*25^(n-1)+a(n-1).
1, 51, 1926, 64426, 2017551, 60611301, 1769595676, 50597720676, 1423888736301, 39570861392551, 1088612609439426, 29698842101626926, 804559224181705051, 21666184895568423801, 580459729664855533176


Inverse of 935th cyclotomic polynomial.
1, -1, 0, 0, 0, 1, -1, 0, 0, 0, 1, 0, -1, 0, 0, 1, 0, 0, -1, 0, 1, 0, 1, -2, 0, 1, 0, 1, -1, -1, 1, 0, 1, 0, -1, 0, 0, 1, 0, 0, -1, 0, 1, 0, 1, -1, -1, 1, 0, 1, 0, -1, 0, 0, 1, 0, 0, -1, 0, 1, 0, 1, -1, -1, 1, 0, 1, 0, -1, 0, 0, 1, 0, 0, -1, 0, 1, 0, 1, -1, -1


Numbers n such that n divides 4^n - 1.
1, 3, 9, 21, 27, 63, 81, 147, 171, 189, 243, 441, 513, 567, 657, 729, 903, 1029, 1197, 1323, 1539, 1701, 1971, 2187, 2667, 2709, 3087, 3249, 3591, 3969, 4599, 4617, 5103, 5913, 6321, 6561, 7077, 7203, 8001, 8127, 8379, 9261, 9747, 10773, 11907, 12483


Numbers n such that n divides 6^n-1.
1, 5, 25, 125, 625, 1555, 3125, 7775, 15625, 38875, 78125, 194375, 390625, 483605, 971875, 1953125, 2418025, 4859375, 9673655, 9765625, 12090125, 24296875, 48368275, 48828125, 60450625, 120909025, 121484375, 150401155, 241841375


Inverse of 938th cyclotomic polynomial.
1, -1, 1, -1, 1, -1, 1, 0, 0, 0, 0, 0, 0, 0, 0, 0, 0, 0, 0, 0, 0, 0, 0, 0, 0, 0, 0, 0, 0, 0, 0, 0, 0, 0, 0, 0, 0, 0, 0, 0, 0, 0, 0, 0, 0, 0, 0, 0, 0, 0, 0, 0, 0, 0, 0, 0, 0, 0, 0, 0, 0, 0, 0, 0, 0, 0, 0, 1, -1, 1, -1, 1, -1, 1, 0, 0, 0, 0, 0, 0, 0


Numbers n such that n divides s(n), where s(1)=1, s(k)=s(k-1)+k*7^(k-1).
1, 3, 9, 27, 57, 81, 171, 243, 333, 513, 729, 999, 1083, 1539, 2187, 2943, 2997, 3249, 4617, 6327, 6561, 8829, 8991, 9567, 9747, 12321, 13851, 18981, 19683, 20577, 21897, 23883, 26487, 26973, 28701, 29241


Numbers n such that n divides 8^n - 1.
1, 7, 49, 343, 889, 2359, 2401, 6223, 16513, 16807, 43561, 112903, 115591, 117649, 299593, 304927, 790321, 794983, 809137, 823543, 2033143, 2097151, 2134489, 5532247, 5564881, 5663959, 5764801, 13549249, 14232001, 14338681, 14680057


Numbers n such that n divides 10^n - 1.
1, 3, 9, 27, 81, 111, 243, 333, 729, 999, 2187, 2997, 4107, 6561, 8991, 12321, 13203, 19683, 20439, 26973, 36963, 39609, 59049, 61317, 80919, 110889, 118827, 151959, 177147, 183951, 242757, 332667, 356481, 455877, 488511, 531441, 551853, 728271


Positive integers n such that n divides 12^n - 1.
1, 11, 121, 253, 1331, 2783, 5819, 11891, 14641, 30613, 64009, 130801, 133837, 161051, 273493, 336743, 558877, 704099, 768361, 849299, 1438811, 1472207, 1771561, 3008423, 3078251, 3544453, 3704173, 6147647, 6290339, 7745089


Inverse of 943rd cyclotomic polynomial.
1, 1, 1, 1, 1, 1, 1, 1, 1, 1, 1, 1, 1, 1, 1, 1, 1, 1, 1, 1, 1, 1, 1, 0, 0, 0, 0, 0, 0, 0, 0, 0, 0, 0, 0, 0, 0, 0, 0, 0, 0, -1, -1, -1, -1, -1, -1, -1, -1, -1, -1, -1, -1, -1, -1, -1, -1, -1, -1, -1, -1, -1, -1, -1, 0, 0, 0, 0, 0, 0, 0, 0, 0, 0, 0, 0, 0, 0, 0, 0, 0


Numbers n such that n divides s(n), where s(1)=1, s(k)=s(k-1)+k*13^(k-1).
1, 3, 9, 27, 81, 183, 243, 549, 729, 1647, 2187, 4941, 6561, 11163, 14823, 19683


Inverse of 945th cyclotomic polynomial.
1, 0, 0, 0, 0, 0, 0, 0, 0, -1, 0, 0, 0, 0, 0, 0, 0, 0, 0, 0, 0, 0, 0, 0, 0, 0, 0, 1, 0, 0, 0, 0, 0, 0, 0, 0, -1, 0, 0, 0, 0, 0, 0, 0, 0, 1, 0, 0, 0, 0, 0, 0, 0, 0, 0, 0, 0, 0, 0, 0, 0, 0, 0, 0, 0, 0, 0, 0, 0, 0, 0, 0, 0, 0, 0, 0, 0, 0, 0, 0, 0


Inverse of 946th cyclotomic polynomial.
1, -1, 1, -1, 1, -1, 1, -1, 1, -1, 1, 0, 0, 0, 0, 0, 0, 0, 0, 0, 0, 0, 0, 0, 0, 0, 0, 0, 0, 0, 0, 0, 0, 0, 0, 0, 0, 0, 0, 0, 0, 0, 0, 1, -1, 1, -1, 1, -1, 1, -1, 1, -1, 1, 0, 0, 0, 0, 0, 0, 0, 0, 0, 0, 0, 0, 0, 0, 0, 0, 0, 0, 0, 0, 0, 0, 0, 0, 0, 0, 0


Positive integers n such that n divides 14^n - 1.
1, 13, 169, 2041, 2197, 26533, 28561, 114413, 320437, 344929, 371293, 1487369, 4165681, 4484077, 4826809, 17962841, 19335797, 24355253, 50308609, 54153853, 58293001, 62748517, 77457601, 233516933, 249302027, 251365361, 316618289


Positive integers n such that n divides 16^n - 1.
1, 3, 5, 9, 15, 21, 25, 27, 39, 45, 55, 63, 75, 81, 105, 117, 125, 135, 147, 155, 165, 171, 189, 195, 205, 225, 243, 273, 275, 315, 333, 351, 375, 405, 441, 465, 495, 507, 513, 525, 567, 585, 605, 609, 615, 625, 657, 675, 729, 735, 775, 819, 825, 855, 903


Inverse of 949th cyclotomic polynomial.
1, 1, 1, 1, 1, 1, 1, 1, 1, 1, 1, 1, 1, 0, 0, 0, 0, 0, 0, 0, 0, 0, 0, 0, 0, 0, 0, 0, 0, 0, 0, 0, 0, 0, 0, 0, 0, 0, 0, 0, 0, 0, 0, 0, 0, 0, 0, 0, 0, 0, 0, 0, 0, 0, 0, 0, 0, 0, 0, 0, 0, 0, 0, 0, 0, 0, 0, 0, 0, 0, 0, 0, 0, -1, -1, -1, -1, -1, -1, -1, -1


Numbers n such that n divides s(n), where s(1)=1, s(k)=s(k-1)+k*22^(k-1).
1, 3, 7, 9, 21, 27, 39, 49, 63, 81, 117, 147, 189, 243, 273, 343, 351, 441, 507, 567, 729, 819, 1029, 1053, 1143, 1323, 1521, 1701, 1911, 2187, 2401, 2457, 2943, 3081, 3087, 3159, 3429, 3549, 3969, 4401, 4563, 5103, 5733, 6561, 6591, 7203, 7371


Numbers n such that n divides s(n), where s(1)=1, s(k)=s(k-1)+k*24^(k-1) (<a href="/A014942" title="( 1+24^n*(23*n-1) ) / 529.">A014942</a>).
1, 23, 529, 1081, 12167, 24863, 50807, 279841, 571849, 1168561, 2387929, 2870377


Inverse of 952nd cyclotomic polynomial.
1, 0, 0, 0, -1, 0, 0, 0, 1, 0, 0, 0, -1, 0, 0, 0, 1, 0, 0, 0, -1, 0, 0, 0, 1, 0, 0, 0, 0, 0, 0, 0, 0, 0, 0, 0, 0, 0, 0, 0, 0, 0, 0, 0, 0, 0, 0, 0, 0, 0, 0, 0, 0, 0, 0, 0, 0, 0, 0, 0, 0, 0, 0, 0, 0, 0, 0, 0, 1, 0, 0, 0, -1, 0, 0, 0, 1, 0, 0, 0, -1


Numbers n such that n divides s(n), where s(1)=1, s(k)=s(k-1)+k*25^(k-1).
1, 3, 9, 21, 27, 63, 81, 93, 147, 171, 189, 243, 279, 441, 513, 567, 609, 651, 729, 837, 903, 1029, 1197, 1323, 1539, 1701, 1827, 1953, 2187, 2511, 2667, 2709, 2883, 2943, 3087, 3249, 3591, 3969, 4263, 4401, 4557, 4617, 5103, 5301, 5481, 5859, 6321


Exponential of Mangoldt function M(n): a(n) = 1 unless n is a prime or prime power when a(n) = that prime.
1, 2, 3, 2, 5, 1, 7, 2, 3, 1, 11, 1, 13, 1, 1, 2, 17, 1, 19, 1, 1, 1, 23, 1, 5, 1, 3, 1, 29, 1, 31, 2, 1, 1, 1, 1, 37, 1, 1, 1, 41, 1, 43, 1, 1, 1, 47, 1, 7, 1, 1, 1, 53, 1, 1, 1, 1, 1, 59, 1, 61, 1, 1, 2, 1, 1, 67, 1, 1, 1, 71, 1, 73, 1, 1, 1, 1, 1, 79, 1, 3, 1, 83, 1, 1, 1, 1, 1, 89, 1, 1, 1, 1, 1, 1


a(n) = lcm(n, 2^(n-1)).
1, 2, 12, 8, 80, 96, 448, 128, 2304, 2560, 11264, 6144, 53248, 57344, 245760, 32768, 1114112, 1179648, 4980736, 2621440, 22020096, 23068672, 96468992, 25165824, 419430400, 436207616, 1811939328


a(n) = lcm(n, Fibonacci(n)).
1, 2, 6, 12, 5, 24, 91, 168, 306, 110, 979, 144, 3029, 5278, 1830, 15792, 27149, 23256, 79439, 27060, 229866, 389642, 659111, 46368, 75025, 3156218, 5303286, 8898708, 14912641, 2496120, 41734339, 69705888


Inverse of 957th cyclotomic polynomial.
1, -1, 0, 1, -1, 0, 1, -1, 0, 1, -1, 1, 0, -1, 1, 0, -1, 1, 0, -1, 1, 0, 0, 0, 0, 0, 0, 0, 0, 1, -1, 0, 1, -1, 0, 1, -1, 0, 1, -1, 1, 0, -1, 1, 0, -1, 1, 0, -1, 1, 0, 0, 0, 0, 0, 0, 0, 0, 1, -1, 0, 1, -1, 0, 1, -1, 0, 1, -1, 1, 0, -1, 1, 0, -1, 1, 0, -1, 1, 0, 0


Continued fraction for Conway's constant.
1, 3, 3, 2, 2, 54, 5, 2, 1, 16, 1, 30, 1, 1, 1, 2, 2, 1, 14, 1, 6, 24, 107, 5, 1, 1, 26, 2, 41, 10, 1, 1, 5, 17, 5, 1, 8, 3, 94, 38, 1, 18, 1, 1, 2, 1, 64, 18, 1, 6, 1, 2, 2, 1, 23, 1, 4, 4, 1, 1, 3, 4, 1, 10, 1, 28, 4, 12, 1, 1238, 13, 1, 1, 58, 1, 2, 4, 1, 3, 7, 1, 3, 1, 4, 1, 1, 1, 1, 1, 1, 100


Expansion of (1/theta_4 - 1)/2.
0, 1, 2, 4, 7, 12, 20, 32, 50, 77, 116, 172, 252, 364, 520, 736, 1031, 1432, 1974, 2700, 3668, 4952, 6644, 8864, 11764, 15533, 20412, 26704, 34784, 45124, 58312, 75072, 96306, 123128, 156904, 199320, 252443, 318796, 401468, 504224, 631636, 789264, 983848, 1223532, 1518164, 1879620, 2322184, 2863040


Expansion of (theta_3(q) / theta_4(q))^2 in powers of q.
1, 8, 32, 96, 256, 624, 1408, 3008, 6144, 12072, 22976, 42528, 76800, 135728, 235264, 400704, 671744, 1109904, 1809568, 2914272, 4640256, 7310592, 11404416, 17626944, 27009024, 41047992, 61905088, 92681664


Expansion of (theta_3 / theta_4)^3.
1, 12, 72, 304, 1056, 3240, 9056, 23520, 57600, 134332, 300528, 648720, 1357184, 2761800, 5482944, 10645664, 20256768, 37842264, 69511272, 125712624, 224104896, 394198912, 684799776, 1175834016, 1996991488


Inverse of 962nd cyclotomic polynomial.
1, -1, 1, -1, 1, -1, 1, -1, 1, -1, 1, -1, 1, 0, 0, 0, 0, 0, 0, 0, 0, 0, 0, 0, 0, 0, 0, 0, 0, 0, 0, 0, 0, 0, 0, 0, 0, 1, -1, 1, -1, 1, -1, 1, -1, 1, -1, 1, -1, 1, 0, 0, 0, 0, 0, 0, 0, 0, 0, 0, 0, 0, 0, 0, 0, 0, 0, 0, 0, 0, 0, 0, 0, 0, 0, 0, 0, 0, 0, 0, 0


Expansion of (theta_3(q) / theta_4(q) )^4 in powers of q; also of 1 / (1 - lambda(z)).
1, 16, 128, 704, 3072, 11488, 38400, 117632, 335872, 904784, 2320128, 5702208, 13504512, 30952544, 68901888, 149403264, 316342272, 655445792, 1331327616, 2655115712, 5206288384, 10049485312, 19115905536, 35867019904, 66437873664


a(n) = n/gcd(n,(n-1)!).
1, 2, 3, 2, 5, 1, 7, 1, 1, 1, 11, 1, 13, 1, 1, 1, 17, 1, 19, 1, 1, 1, 23, 1, 1, 1, 1, 1, 29, 1, 31, 1, 1, 1, 1, 1, 37, 1, 1, 1, 41, 1, 43, 1, 1, 1, 47, 1, 1, 1, 1, 1, 53, 1, 1, 1, 1, 1, 59, 1, 61, 1, 1, 1, 1, 1, 67, 1, 1, 1, 71, 1, 73, 1, 1, 1, 1, 1, 79, 1, 1, 1, 83, 1, 1, 1, 1


Differences between successive locations of zeros in decimal expansion of Pi.
18, 4, 11, 6, 6, 8, 12, 9, 10, 5, 7, 4, 14, 13, 5, 3, 9, 19, 12, 38, 3, 16, 6, 17, 4, 16, 1, 3, 16, 3, 10, 17, 3, 1, 5, 3, 6, 23, 5, 5, 13, 22, 8, 42, 20, 7, 3, 20, 2, 7, 5, 4, 35, 5, 1, 1, 15, 20, 19, 2, 10, 13, 2, 19, 12, 5


Inverse of 966th cyclotomic polynomial.
1, 1, 0, -1, -1, 0, 1, 0, -1, -1, 0, 1, 1, 0, 0, 0, 0, 0, 0, 0, 0, 0, 0, -1, -1, 0, 1, 1, 0, -1, 0, 1, 1, 0, -1, -1, 0, 0, 0, 0, 0, 0, 0, 0, 0, 0, 1, 1, 0, -1, -1, 0, 1, 0, -1, -1, 0, 1, 1, 0, 0, 0, 0, 0, 0, 0, 0, 0, 0, 0, 0, 0, 0, 0, 0, 0, 0, 0, 0, 0, 0


Successive locations of zeros in decimal expansion of Pi.
33, 51, 55, 66, 72, 78, 86, 98, 107, 117, 122, 129, 133, 147, 160, 165, 168, 177, 196, 208, 246, 249, 265, 271, 288, 292, 308, 309, 312, 328, 331, 341, 358, 361, 362, 367, 370, 376, 399, 404, 409, 422, 444, 452, 494, 514, 521, 524, 544, 546, 553, 558, 562, 597, 602, 603, 604, 619, 639, 658


Expansion of Molien series for automorphism group (2.Weyl(E6)) of E6 lattice.
1, 1, 1, 2, 3, 4, 6, 8, 10, 14, 18, 22, 29, 36, 43, 54, 66, 78, 95, 113, 132, 157, 184, 212, 248, 287, 327, 377, 431, 487, 555, 628, 704, 794, 891, 992, 1110, 1236, 1367, 1518, 1680, 1848, 2039, 2243, 2455, 2694


Inverse of 969th cyclotomic polynomial.
1, -1, 0, 1, -1, 0, 1, -1, 0, 1, -1, 0, 1, -1, 0, 1, -1, 1, 0, 0, 0, 0, 0, 0, 0, 0, 0, 0, 0, 0, 0, 0, 0, 0, 1, -1, 1, 0, 0, 0, 0, 0, 0, 0, 0, 0, 0, 0, 0, 0, 0, 0, 0, 1, -1, 1, 0, -1, 1, 0, -1, 1, 0, -1, 1, 0, -1, 1, 0, -1, 1, 0, 0, 0, 0, 0, 0, 0, 0, 0, 0


Numbers that are both triangular and pentagonal.
0, 1, 210, 40755, 7906276, 1533776805, 297544793910, 57722156241751, 11197800766105800, 2172315626468283465, 421418033734080886426, 81752926228785223683195, 15859646270350599313653420


Start with 5. Multiply the two numbers closest to n/2 to get the next number.
5, 6, 9, 20, 100, 2500, 1562500, 610351562500, 93132257461547851562500, 2168404344971008868014905601739883422851562500, 1175494350822287507968736537222245677818665556772087521508751706278417259454727172851562500


a(n)=c(p(n))/p(n), where c = Perrin sequence <a href="/A001608" title="Perrin sequence (or Ondrej Such sequence): a(n) = a(n-2) + a(n-3) with a(0) = 3, a(1) = 0, a(2) = 2.">A001608</a> (starting 0,2,3,...) and p(n) = n-th prime.
1, 1, 1, 1, 2, 3, 7, 11, 28, 120, 197, 892, 2479, 4148, 11687, 56010, 271913, 461529, 2270882, 6599404, 11263855, 56250108, 164879269, 830987861, 7231032935, 21386730355, 36802336319, 109099442316, 187943217386


Number of &quot;coherent&quot; reduced decompositions for the longest permutation n n-1 n-2 ... 3 2 1 in the symmetric group on n letters.
1, 1, 2, 12, 272, 21666


a(n) = (1 - (-3)^n)/4.
0, 1, -2, 7, -20, 61, -182, 547, -1640, 4921, -14762, 44287, -132860, 398581, -1195742, 3587227, -10761680, 32285041, -96855122, 290565367, -871696100, 2615088301, -7845264902, 23535794707, -70607384120, 211822152361, -635466457082, 1906399371247


Inverse of 975th cyclotomic polynomial.
1, 0, 0, 0, 0, -1, 0, 0, 0, 0, 0, 0, 0, 0, 0, 1, 0, 0, 0, 0, -1, 0, 0, 0, 0, 1, 0, 0, 0, 0, 0, 0, 0, 0, 0, -1, 0, 0, 0, 0, 1, 0, 0, 0, 0, 0, 0, 0, 0, 0, 0, 0, 0, 0, 0, 0, 0, 0, 0, 0, 0, 0, 0, 0, 0, 1, 0, 0, 0, 0, -1, 0, 0, 0, 0, 0, 0, 0, 0, 0, 1


a(n) = (1 - (-4)^n)/5.
1, -3, 13, -51, 205, -819, 3277, -13107, 52429, -209715, 838861, -3355443, 13421773, -53687091, 214748365, -858993459, 3435973837, -13743895347, 54975581389, -219902325555, 879609302221, -3518437208883, 14073748835533


a(n) = (1 - (-5)^n)/6.
1, -4, 21, -104, 521, -2604, 13021, -65104, 325521, -1627604, 8138021, -40690104, 203450521, -1017252604, 5086263021, -25431315104, 127156575521, -635782877604, 3178914388021, -15894571940104, 79472859700521


a(n) = (1 - (-6)^n)/7.
1, -5, 31, -185, 1111, -6665, 39991, -239945, 1439671, -8638025, 51828151, -310968905, 1865813431, -11194880585, 67169283511, -403015701065, 2418094206391, -14508565238345, 87051391430071, -522308348580425, 3133850091482551


Inverse of 979th cyclotomic polynomial.
1, 1, 1, 1, 1, 1, 1, 1, 1, 1, 1, 0, 0, 0, 0, 0, 0, 0, 0, 0, 0, 0, 0, 0, 0, 0, 0, 0, 0, 0, 0, 0, 0, 0, 0, 0, 0, 0, 0, 0, 0, 0, 0, 0, 0, 0, 0, 0, 0, 0, 0, 0, 0, 0, 0, 0, 0, 0, 0, 0, 0, 0, 0, 0, 0, 0, 0, 0, 0, 0, 0, 0, 0, 0, 0, 0, 0, 0, 0, 0, 0


a(n) = (1 - (-7)^n)/8.
1, -6, 43, -300, 2101, -14706, 102943, -720600, 5044201, -35309406, 247165843, -1730160900, 12111126301, -84777884106, 593445188743, -4154116321200, 29078814248401, -203551699738806, 1424861898171643, -9974033287201500


a(n) = (1 - (-8)^n)/9.
1, -7, 57, -455, 3641, -29127, 233017, -1864135, 14913081, -119304647, 954437177, -7635497415, 61083979321, -488671834567, 3909374676537, -31274997412295, 250199979298361, -2001599834386887, 16012798675095097


a(n) = (1 - (-9)^n)/10.
1, -8, 73, -656, 5905, -53144, 478297, -4304672, 38742049, -348678440, 3138105961, -28242953648, 254186582833, -2287679245496, 20589113209465, -185302018885184, 1667718169966657, -15009463529699912


a(n) = (1 - (-10)^n)/11.
1, -9, 91, -909, 9091, -90909, 909091, -9090909, 90909091, -909090909, 9090909091, -90909090909, 909090909091, -9090909090909, 90909090909091, -909090909090909, 9090909090909091, -90909090909090909


a(n) = (1 - (-11)^n)/12.
1, -10, 111, -1220, 13421, -147630, 1623931, -17863240, 196495641, -2161452050, 23775972551, -261535698060, 2876892678661, -31645819465270, 348104014117971, -3829144155297680, 42120585708274481


a(n) = (1 - (-12)^n)/13.
1, -11, 133, -1595, 19141, -229691, 2756293, -33075515, 396906181, -4762874171, 57154490053, -685853880635, 8230246567621, -98762958811451, 1185155505737413, -14221866068848955, 170662392826187461


Inverse of 986th cyclotomic polynomial.
1, -1, 1, -1, 1, -1, 1, -1, 1, -1, 1, -1, 1, -1, 1, -1, 1, 0, 0, 0, 0, 0, 0, 0, 0, 0, 0, 0, 0, 1, -1, 1, -1, 1, -1, 1, -1, 1, -1, 1, -1, 1, -1, 1, -1, 1, 0, 0, 0, 0, 0, 0, 0, 0, 0, 0, 0, 0, 0, 0, 0, 0, 0, 0, 0, 0, 0, 0, 0, 0, 0, 0, 0, 0, 0, 0, 0, 0, 0, 0, 0


Inverse of 987th cyclotomic polynomial.
1, -1, 0, 1, -1, 0, 1, 0, -1, 1, 0, -1, 1, 0, 0, 0, 0, 0, 0, 0, 0, 0, 0, 0, 0, 0, 0, 0, 0, 0, 0, 0, 0, 0, 0, 0, 0, 0, 0, 0, 0, 0, 0, 0, 0, 0, 0, 1, -1, 0, 1, -1, 0, 1, 0, -1, 1, 0, -1, 1, 0, 0, 0, 0, 0, 0, 0, 0, 0, 0, 0, 0, 0, 0, 0, 0, 0, 0, 0, 0, 0


Inverse of 988th cyclotomic polynomial.
1, 0, -1, 0, 1, 0, -1, 0, 1, 0, -1, 0, 1, 0, -1, 0, 1, 0, -1, 0, 1, 0, -1, 0, 1, 0, 0, 0, 0, 0, 0, 0, 0, 0, 0, 0, 0, 0, 1, 0, -1, 0, 1, 0, -1, 0, 1, 0, -1, 0, 1, 0, -1, 0, 1, 0, -1, 0, 1, 0, -1, 0, 1, 0, 0, 0, 0, 0, 0, 0, 0, 0, 0, 0, 0, 0, 0, 0, 0, 0, 0


Inverse of 989th cyclotomic polynomial.
1, 1, 1, 1, 1, 1, 1, 1, 1, 1, 1, 1, 1, 1, 1, 1, 1, 1, 1, 1, 1, 1, 1, 0, 0, 0, 0, 0, 0, 0, 0, 0, 0, 0, 0, 0, 0, 0, 0, 0, 0, 0, 0, -1, -1, -1, -1, -1, -1, -1, -1, -1, -1, -1, -1, -1, -1, -1, -1, -1, -1, -1, -1, -1, -1, -1, 0, 0, 0, 0, 0, 0, 0, 0, 0, 0, 0, 0, 0, 0, 0


Inverse of 990th cyclotomic polynomial.
1, 0, 0, 1, 0, 0, 0, 0, 0, -1, 0, 0, -1, 0, 0, -1, 0, 0, 0, 0, 0, 1, 0, 0, 1, 0, 0, 0, 0, 0, 0, 0, 0, -1, 0, 0, -1, 0, 0, 0, 0, 0, 1, 0, 0, 1, 0, 0, 1, 0, 0, 0, 0, 0, -1, 0, 0, -1, 0, 0, 0, 0, 0, 0, 0, 0, 1, 0, 0, 1, 0, 0, 0, 0, 0, -1, 0, 0, -1, 0, 0


q-integers for q=-13.
1, -12, 157, -2040, 26521, -344772, 4482037, -58266480, 757464241, -9847035132, 128011456717, -1664148937320, 21633936185161, -281241170407092, 3656135215292197, -47529757798798560, 617886851384381281


