Decimal expansion of square root of 47.
6, 8, 5, 5, 6, 5, 4, 6, 0, 0, 4, 0, 1, 0, 4, 4, 1, 2, 4, 9, 3, 5, 8, 7, 1, 4, 4, 9, 0, 8, 4, 8, 4, 8, 9, 6, 0, 4, 6, 0, 6, 4, 3, 4, 6, 1, 0, 0, 1, 3, 2, 6, 2, 7, 5, 4, 8, 5, 1, 0, 8, 1, 8, 5, 6, 7, 8, 5, 1, 7, 1, 1, 5, 1, 3, 6, 8, 1, 6, 9, 9, 9, 2, 2, 7, 3, 2, 5, 1, 4, 8, 5, 0, 0, 0, 6, 6, 8, 3


Decimal expansion of square root of 48.
6, 9, 2, 8, 2, 0, 3, 2, 3, 0, 2, 7, 5, 5, 0, 9, 1, 7, 4, 1, 0, 9, 7, 8, 5, 3, 6, 6, 0, 2, 3, 4, 8, 9, 4, 6, 7, 7, 7, 1, 2, 2, 1, 0, 1, 5, 2, 4, 1, 5, 2, 2, 5, 1, 2, 2, 2, 3, 2, 2, 7, 9, 1, 7, 8, 0, 7, 7, 3, 2, 0, 6, 7, 6, 3, 5, 2, 0, 0, 1, 4, 8, 3, 2, 4, 5, 8, 4, 7, 4, 7, 0, 2, 8, 9, 9, 4, 3, 0


Decimal expansion of 1/sqrt(2).
7, 0, 7, 1, 0, 6, 7, 8, 1, 1, 8, 6, 5, 4, 7, 5, 2, 4, 4, 0, 0, 8, 4, 4, 3, 6, 2, 1, 0, 4, 8, 4, 9, 0, 3, 9, 2, 8, 4, 8, 3, 5, 9, 3, 7, 6, 8, 8, 4, 7, 4, 0, 3, 6, 5, 8, 8, 3, 3, 9, 8, 6, 8, 9, 9, 5, 3, 6, 6, 2, 3, 9, 2, 3, 1, 0, 5, 3, 5, 1, 9, 4, 2, 5, 1, 9, 3, 7, 6, 7, 1, 6, 3, 8, 2, 0, 7, 8, 6, 3, 6, 7, 5, 0, 6


Decimal expansion of square root of 51.
7, 1, 4, 1, 4, 2, 8, 4, 2, 8, 5, 4, 2, 8, 4, 9, 9, 9, 7, 9, 9, 9, 3, 9, 9, 8, 1, 1, 3, 6, 7, 2, 6, 5, 2, 7, 8, 7, 6, 6, 1, 7, 1, 1, 5, 9, 9, 0, 2, 7, 3, 3, 8, 3, 3, 2, 0, 8, 4, 3, 0, 8, 8, 2, 7, 6, 5, 8, 2, 0, 4, 0, 6, 4, 4, 0, 0, 2, 1, 8, 8, 6, 2, 5, 8, 9, 8, 8, 2, 1, 3, 5, 3, 2, 8, 2, 0, 4, 1


Decimal expansion of square root of 52.
7, 2, 1, 1, 1, 0, 2, 5, 5, 0, 9, 2, 7, 9, 7, 8, 5, 8, 6, 2, 3, 8, 4, 4, 2, 5, 3, 4, 9, 4, 0, 9, 9, 1, 8, 9, 2, 5, 0, 2, 5, 9, 3, 1, 4, 7, 6, 9, 0, 4, 9, 2, 4, 2, 5, 4, 2, 0, 9, 0, 6, 1, 1, 2, 4, 5, 4, 3, 3, 3, 8, 9, 6, 5, 8, 6, 0, 2, 0, 8, 9, 0, 4, 0, 9, 2, 3, 8, 1, 6, 4, 0, 3, 6, 9, 8, 1, 4, 3


Decimal expansion of square root of 53.
7, 2, 8, 0, 1, 0, 9, 8, 8, 9, 2, 8, 0, 5, 1, 8, 2, 7, 1, 0, 9, 7, 3, 0, 2, 4, 9, 1, 5, 2, 7, 0, 3, 2, 7, 9, 3, 7, 7, 7, 6, 6, 9, 6, 8, 2, 5, 7, 6, 4, 7, 7, 4, 3, 8, 3, 7, 8, 1, 8, 1, 7, 9, 1, 2, 8, 4, 1, 1, 5, 7, 3, 8, 6, 2, 4, 9, 0, 5, 1, 8, 3, 3, 2, 9, 5, 7, 9, 4, 0, 9, 0, 8, 0, 9, 2, 6, 7, 5


Decimal expansion of square root of 54.
7, 3, 4, 8, 4, 6, 9, 2, 2, 8, 3, 4, 9, 5, 3, 4, 2, 9, 4, 5, 9, 1, 8, 5, 2, 2, 2, 4, 1, 1, 7, 6, 7, 4, 1, 7, 5, 8, 9, 7, 8, 4, 2, 4, 4, 1, 9, 7, 0, 0, 1, 0, 3, 8, 5, 2, 9, 8, 0, 7, 7, 7, 0, 1, 7, 5, 2, 8, 8, 1, 1, 3, 2, 3, 7, 1, 9, 4, 5, 0, 7, 9, 6, 1, 9, 5, 7, 8, 2, 9, 9, 3, 1, 3, 9, 2, 0, 7, 0


Decimal expansion of square root of 55.
7, 4, 1, 6, 1, 9, 8, 4, 8, 7, 0, 9, 5, 6, 6, 2, 9, 4, 8, 7, 1, 1, 3, 9, 7, 4, 4, 0, 8, 0, 0, 7, 1, 3, 0, 6, 0, 9, 7, 9, 9, 0, 4, 3, 1, 9, 0, 9, 7, 5, 0, 1, 5, 9, 8, 7, 3, 2, 6, 2, 3, 2, 6, 4, 3, 4, 3, 8, 3, 0, 1, 8, 4, 3, 1, 3, 8, 5, 0, 2, 4, 2, 7, 5, 3, 0, 0, 9, 2, 1, 3, 1, 9, 5, 8, 2, 4, 9, 4


Decimal expansion of square root of 56.
7, 4, 8, 3, 3, 1, 4, 7, 7, 3, 5, 4, 7, 8, 8, 2, 7, 7, 1, 1, 6, 7, 4, 9, 7, 4, 6, 4, 6, 3, 3, 0, 9, 8, 6, 0, 3, 5, 1, 2, 0, 3, 9, 6, 1, 5, 5, 5, 7, 4, 5, 3, 8, 9, 2, 6, 0, 7, 4, 9, 0, 9, 3, 4, 6, 4, 0, 0, 7, 0, 3, 1, 2, 6, 1, 3, 8, 7, 8, 0, 5, 5, 9, 5, 3, 6, 1, 9, 7, 9, 0, 3, 8, 8, 7, 5, 9, 1, 4


Decimal expansion of square root of 57.
7, 5, 4, 9, 8, 3, 4, 4, 3, 5, 2, 7, 0, 7, 4, 9, 6, 9, 7, 2, 3, 6, 6, 8, 4, 8, 0, 6, 9, 4, 6, 1, 1, 7, 0, 5, 8, 2, 2, 2, 1, 9, 4, 7, 0, 4, 6, 2, 3, 3, 8, 0, 1, 3, 8, 2, 9, 8, 6, 2, 6, 9, 0, 5, 7, 1, 0, 7, 2, 1, 9, 5, 3, 9, 1, 7, 8, 1, 1, 1, 9, 5, 5, 8, 2, 4, 5, 2, 0, 7, 4, 1, 4, 7, 5, 2, 3, 9, 7


Decimal expansion of square root of 58.
7, 6, 1, 5, 7, 7, 3, 1, 0, 5, 8, 6, 3, 9, 0, 8, 2, 8, 5, 6, 6, 1, 4, 1, 1, 0, 2, 7, 1, 5, 8, 3, 2, 3, 0, 0, 5, 3, 6, 0, 7, 0, 5, 5, 9, 2, 5, 4, 6, 5, 9, 8, 4, 6, 8, 9, 5, 0, 4, 8, 4, 2, 4, 0, 5, 2, 0, 3, 5, 2, 1, 5, 7, 3, 7, 3, 0, 0, 1, 2, 4, 4, 6, 4, 2, 2, 6, 9, 7, 1, 4, 3, 8, 7, 1, 5, 1, 6, 4


Decimal expansion of square root of 59.
7, 6, 8, 1, 1, 4, 5, 7, 4, 7, 8, 6, 8, 6, 0, 8, 1, 7, 5, 7, 6, 9, 6, 8, 7, 0, 2, 1, 7, 3, 1, 3, 7, 2, 4, 7, 3, 0, 6, 2, 4, 5, 1, 0, 7, 7, 6, 1, 4, 8, 8, 3, 9, 2, 8, 0, 2, 4, 7, 3, 6, 4, 8, 3, 9, 3, 5, 5, 4, 1, 6, 5, 7, 9, 9, 2, 7, 0, 9, 8, 5, 1, 8, 5, 6, 0, 4, 7, 7, 2, 7, 9, 6, 1, 3, 7, 7, 7, 9


Decimal expansion of square root of 60.
7, 7, 4, 5, 9, 6, 6, 6, 9, 2, 4, 1, 4, 8, 3, 3, 7, 7, 0, 3, 5, 8, 5, 3, 0, 7, 9, 9, 5, 6, 4, 7, 9, 9, 2, 2, 1, 6, 6, 5, 8, 4, 3, 4, 1, 0, 5, 8, 3, 1, 8, 1, 6, 5, 3, 1, 7, 5, 1, 4, 7, 5, 3, 2, 2, 2, 6, 9, 6, 6, 1, 8, 3, 8, 7, 3, 9, 5, 8, 0, 6, 7, 0, 3, 8, 5, 7, 4, 7, 5, 3, 7, 1, 7, 3, 4, 7, 0, 3


Decimal expansion of square root of 61.
7, 8, 1, 0, 2, 4, 9, 6, 7, 5, 9, 0, 6, 6, 5, 4, 3, 9, 4, 1, 2, 9, 7, 2, 2, 7, 3, 5, 7, 5, 9, 1, 0, 1, 4, 1, 3, 5, 6, 8, 3, 0, 5, 1, 3, 6, 6, 4, 8, 5, 6, 3, 3, 0, 0, 1, 7, 7, 2, 4, 3, 7, 6, 0, 1, 9, 0, 7, 8, 5, 5, 8, 8, 9, 3, 6, 7, 2, 7, 0, 5, 4, 4, 2, 5, 4, 3, 3, 0, 5, 2, 2, 6, 7, 0, 0, 4, 8, 9


Decimal expansion of square root of 62.
7, 8, 7, 4, 0, 0, 7, 8, 7, 4, 0, 1, 1, 8, 1, 1, 0, 1, 9, 6, 8, 5, 0, 3, 4, 4, 4, 8, 8, 1, 2, 0, 0, 7, 8, 6, 3, 6, 8, 1, 0, 8, 6, 1, 2, 2, 0, 2, 0, 8, 5, 3, 7, 9, 4, 5, 9, 8, 8, 4, 2, 5, 5, 0, 3, 1, 3, 7, 6, 0, 8, 4, 6, 8, 1, 7, 6, 9, 8, 0, 5, 6, 9, 2, 6, 1, 9, 1, 3, 5, 1, 2, 4, 8, 7, 4, 6, 8, 8, 9, 9, 2, 7, 4, 5


Decimal expansion of square root of 63.
7, 9, 3, 7, 2, 5, 3, 9, 3, 3, 1, 9, 3, 7, 7, 1, 7, 7, 1, 5, 0, 4, 8, 4, 7, 2, 6, 0, 9, 1, 7, 7, 8, 1, 2, 7, 7, 1, 3, 0, 7, 7, 7, 5, 4, 9, 2, 4, 7, 3, 5, 0, 5, 4, 1, 1, 0, 5, 0, 0, 3, 3, 7, 7, 6, 0, 3, 2, 0, 6, 4, 6, 9, 6, 9, 0, 8, 5, 0, 8, 8, 3, 2, 8, 1, 1, 7, 8, 6, 5, 9, 4, 2, 3, 6, 3, 0, 8, 3


Decimal expansion of square root of 65.
8, 0, 6, 2, 2, 5, 7, 7, 4, 8, 2, 9, 8, 5, 4, 9, 6, 5, 2, 3, 6, 6, 6, 1, 3, 2, 3, 0, 3, 0, 3, 7, 7, 1, 1, 3, 1, 1, 3, 4, 3, 9, 6, 3, 0, 5, 6, 0, 8, 5, 7, 3, 3, 8, 7, 9, 3, 6, 5, 9, 2, 3, 8, 9, 2, 6, 3, 8, 7, 4, 9, 5, 1, 0, 2, 5, 6, 8, 8, 2, 0, 2, 9, 6, 0, 1, 5, 4, 2, 6, 6, 7, 1, 7, 2, 3, 0, 6, 4


Decimal expansion of square root of 66.
8, 1, 2, 4, 0, 3, 8, 4, 0, 4, 6, 3, 5, 9, 6, 0, 3, 6, 0, 4, 5, 9, 8, 8, 3, 5, 6, 8, 2, 6, 6, 0, 4, 0, 3, 4, 8, 5, 0, 4, 2, 0, 4, 0, 8, 6, 7, 2, 5, 3, 1, 2, 8, 2, 7, 6, 5, 1, 5, 7, 5, 5, 9, 4, 5, 3, 2, 9, 1, 6, 8, 0, 2, 8, 4, 0, 6, 7, 2, 6, 9, 4, 9, 9, 9, 1, 5, 7, 6, 0, 2, 9, 4, 7, 9, 3, 6, 8, 7


Decimal expansion of square root of 67.
8, 1, 8, 5, 3, 5, 2, 7, 7, 1, 8, 7, 2, 4, 4, 9, 9, 6, 9, 9, 5, 3, 7, 0, 3, 7, 2, 4, 7, 3, 3, 9, 2, 9, 4, 5, 8, 8, 8, 0, 4, 8, 6, 8, 1, 5, 4, 9, 8, 0, 3, 9, 9, 6, 3, 0, 6, 6, 7, 1, 5, 2, 0, 2, 7, 2, 3, 6, 6, 7, 6, 1, 4, 4, 6, 1, 0, 9, 7, 9, 4, 5, 3, 4, 3, 9, 2, 4, 6, 7, 1, 6, 3, 7, 8, 6, 8, 3, 4


Decimal expansion of square root of 68.
8, 2, 4, 6, 2, 1, 1, 2, 5, 1, 2, 3, 5, 3, 2, 1, 0, 9, 9, 6, 4, 2, 8, 1, 9, 7, 1, 1, 9, 4, 8, 1, 5, 4, 0, 5, 0, 2, 9, 4, 3, 9, 8, 4, 5, 0, 7, 4, 7, 2, 4, 0, 8, 6, 8, 7, 9, 7, 2, 6, 7, 1, 4, 6, 1, 8, 9, 9, 0, 8, 6, 9, 2, 6, 7, 5, 2, 4, 3, 1, 8, 7, 1, 7, 5, 7, 2, 7, 3, 0, 1, 6, 2, 1, 3, 6, 8, 5, 9


Decimal expansion of square root of 69.
8, 3, 0, 6, 6, 2, 3, 8, 6, 2, 9, 1, 8, 0, 7, 4, 8, 5, 2, 5, 8, 4, 2, 6, 2, 7, 4, 4, 9, 0, 7, 4, 9, 2, 0, 1, 0, 2, 3, 2, 2, 1, 4, 2, 4, 8, 9, 5, 5, 6, 5, 5, 7, 7, 9, 4, 3, 2, 1, 8, 8, 3, 6, 9, 0, 3, 7, 5, 8, 5, 0, 3, 3, 4, 2, 3, 1, 5, 1, 5, 7, 3, 8, 6, 7, 3, 9, 8, 5, 0, 8, 2, 3, 2, 3, 5, 7, 0, 5


Decimal expansion of square root of 70.
8, 3, 6, 6, 6, 0, 0, 2, 6, 5, 3, 4, 0, 7, 5, 5, 4, 7, 9, 7, 8, 1, 7, 2, 0, 2, 5, 7, 8, 5, 1, 8, 7, 4, 8, 9, 3, 9, 2, 8, 1, 5, 3, 6, 9, 2, 9, 8, 6, 7, 2, 1, 9, 9, 8, 1, 1, 1, 9, 1, 5, 4, 3, 0, 8, 0, 4, 1, 8, 7, 7, 2, 5, 9, 4, 3, 1, 7, 0, 0, 9, 8, 3, 0, 8, 1, 4, 7, 1, 1, 9, 6, 4, 9, 5, 1, 5, 3, 6


Decimal expansion of square root of 71.
8, 4, 2, 6, 1, 4, 9, 7, 7, 3, 1, 7, 6, 3, 5, 8, 6, 3, 0, 6, 3, 4, 1, 3, 9, 9, 0, 6, 2, 0, 2, 7, 3, 6, 0, 3, 1, 6, 0, 8, 0, 0, 2, 4, 0, 1, 5, 6, 0, 7, 5, 0, 0, 1, 3, 6, 6, 7, 8, 1, 1, 1, 2, 9, 3, 2, 7, 2, 2, 5, 5, 0, 2, 7, 5, 5, 2, 0, 3, 0, 5, 5, 4, 8, 5, 6, 9, 3, 5, 3, 7, 2, 9, 8, 9, 6, 9, 6, 5


Decimal expansion of square root of 72.
8, 4, 8, 5, 2, 8, 1, 3, 7, 4, 2, 3, 8, 5, 7, 0, 2, 9, 2, 8, 1, 0, 1, 3, 2, 3, 4, 5, 2, 5, 8, 1, 8, 8, 4, 7, 1, 4, 1, 8, 0, 3, 1, 2, 5, 2, 2, 6, 1, 6, 8, 8, 4, 3, 9, 0, 6, 0, 0, 7, 8, 4, 2, 7, 9, 4, 4, 3, 9, 4, 8, 7, 0, 7, 7, 2, 6, 4, 2, 2, 3, 3, 1, 0, 2, 3, 2, 5, 2, 0, 5, 9, 6, 5, 8, 4, 9, 4, 3


Decimal expansion of square root of 73.
8, 5, 4, 4, 0, 0, 3, 7, 4, 5, 3, 1, 7, 5, 3, 1, 1, 6, 7, 8, 7, 1, 6, 4, 8, 3, 2, 6, 2, 3, 9, 7, 0, 6, 4, 3, 4, 5, 9, 4, 4, 5, 5, 3, 2, 9, 5, 3, 3, 2, 8, 2, 2, 4, 1, 9, 0, 8, 6, 5, 1, 2, 5, 3, 7, 7, 1, 6, 4, 8, 8, 1, 9, 3, 2, 7, 2, 9, 8, 3, 8, 1, 0, 8, 0, 9, 7, 2, 0, 3, 0, 1, 0, 7, 0, 0, 9, 4, 2, 9, 6, 0, 0, 6, 3


Decimal expansion of square root of 74.
8, 6, 0, 2, 3, 2, 5, 2, 6, 7, 0, 4, 2, 6, 2, 6, 7, 7, 1, 7, 2, 9, 4, 7, 3, 5, 3, 5, 0, 4, 9, 7, 1, 3, 6, 3, 2, 0, 2, 7, 5, 3, 5, 5, 5, 7, 2, 9, 0, 7, 3, 5, 6, 1, 9, 5, 0, 8, 0, 4, 5, 6, 4, 1, 2, 3, 7, 4, 2, 6, 9, 3, 4, 6, 6, 3, 0, 1, 7, 0, 1, 2, 7, 8, 3, 3, 3, 0, 8, 9, 0, 6, 9, 8, 9, 6, 2, 0, 6


Decimal expansion of sqrt(3)/2.
8, 6, 6, 0, 2, 5, 4, 0, 3, 7, 8, 4, 4, 3, 8, 6, 4, 6, 7, 6, 3, 7, 2, 3, 1, 7, 0, 7, 5, 2, 9, 3, 6, 1, 8, 3, 4, 7, 1, 4, 0, 2, 6, 2, 6, 9, 0, 5, 1, 9, 0, 3, 1, 4, 0, 2, 7, 9, 0, 3, 4, 8, 9, 7, 2, 5, 9, 6, 6, 5, 0, 8, 4, 5, 4, 4, 0, 0, 0, 1, 8, 5, 4, 0, 5, 7, 3, 0, 9, 3, 3, 7, 8, 6, 2, 4, 2, 8, 7, 8, 3, 7, 8, 1, 3


Decimal expansion of square root of 76.
8, 7, 1, 7, 7, 9, 7, 8, 8, 7, 0, 8, 1, 3, 4, 7, 1, 0, 4, 4, 7, 3, 9, 6, 3, 9, 6, 7, 7, 1, 9, 2, 3, 1, 3, 1, 8, 2, 7, 4, 0, 0, 7, 8, 5, 0, 4, 6, 4, 8, 8, 9, 8, 7, 3, 7, 8, 0, 6, 8, 8, 2, 7, 6, 3, 1, 9, 1, 1, 4, 6, 5, 6, 4, 0, 6, 3, 1, 6, 1, 7, 1, 3, 1, 2, 3, 1, 8, 3, 1, 1, 7, 0, 3, 8, 8, 9, 0, 5


Decimal expansion of square root of 77.
8, 7, 7, 4, 9, 6, 4, 3, 8, 7, 3, 9, 2, 1, 2, 2, 0, 6, 0, 4, 0, 6, 3, 8, 8, 3, 0, 7, 4, 1, 6, 3, 0, 9, 5, 6, 0, 8, 7, 5, 8, 7, 6, 8, 2, 7, 5, 5, 4, 5, 0, 3, 5, 9, 0, 9, 2, 7, 6, 9, 5, 6, 2, 9, 7, 8, 2, 7, 6, 4, 6, 4, 6, 2, 1, 9, 3, 0, 6, 2, 8, 1, 6, 7, 5, 6, 9, 3, 1, 5, 7, 0, 6, 8, 7, 0, 5, 7, 5


Decimal expansion of square root of 78.
8, 8, 3, 1, 7, 6, 0, 8, 6, 6, 3, 2, 7, 8, 4, 6, 8, 5, 4, 7, 6, 4, 0, 4, 2, 7, 2, 6, 9, 5, 9, 2, 5, 3, 9, 6, 4, 1, 7, 4, 6, 3, 9, 4, 8, 0, 9, 3, 1, 4, 1, 7, 8, 2, 6, 2, 1, 0, 2, 0, 2, 9, 7, 2, 5, 5, 7, 1, 3, 9, 9, 3, 8, 2, 3, 5, 4, 4, 2, 8, 4, 0, 3, 7, 0, 4, 3, 5, 5, 3, 9, 4, 1, 4, 7, 7, 1, 5, 1


Decimal expansion of square root of 79.
8, 8, 8, 8, 1, 9, 4, 4, 1, 7, 3, 1, 5, 5, 8, 8, 8, 5, 0, 0, 9, 1, 4, 4, 1, 6, 7, 5, 4, 0, 8, 7, 2, 7, 8, 1, 7, 0, 7, 6, 4, 5, 0, 6, 0, 3, 7, 2, 9, 5, 2, 6, 2, 9, 8, 3, 5, 4, 7, 2, 0, 1, 1, 6, 3, 7, 6, 1, 0, 0, 5, 9, 9, 6, 2, 8, 5, 9, 9, 5, 9, 6, 0, 2, 3, 5, 9, 2, 9, 5, 2, 7, 1, 3, 6, 3, 0, 5, 5


Decimal expansion of square root of 80.
8, 9, 4, 4, 2, 7, 1, 9, 0, 9, 9, 9, 9, 1, 5, 8, 7, 8, 5, 6, 3, 6, 6, 9, 4, 6, 7, 4, 9, 2, 5, 1, 0, 4, 9, 4, 1, 7, 6, 2, 4, 7, 3, 4, 3, 8, 4, 4, 6, 1, 0, 2, 8, 9, 7, 0, 8, 3, 5, 8, 8, 9, 8, 1, 6, 4, 2, 0, 8, 3, 7, 0, 2, 5, 5, 1, 2, 1, 9, 5, 9, 7, 6, 5, 7, 6, 5, 7, 6, 3, 3, 5, 1, 5, 1, 2, 9, 0, 9, 9, 8, 7, 8, 0, 3


Decimal expansion of square root of 82.
9, 0, 5, 5, 3, 8, 5, 1, 3, 8, 1, 3, 7, 4, 1, 6, 6, 2, 6, 5, 7, 3, 8, 0, 8, 1, 6, 6, 9, 8, 4, 0, 6, 6, 4, 1, 3, 0, 5, 2, 1, 2, 4, 4, 6, 4, 0, 9, 6, 9, 4, 0, 2, 7, 6, 5, 8, 1, 7, 4, 1, 2, 3, 0, 0, 1, 8, 6, 5, 7, 9, 8, 0, 7, 6, 6, 0, 5, 9, 2, 3, 3, 3, 8, 4, 9, 6, 0, 6, 7, 8, 5, 9, 0, 9, 9, 0, 9, 2


Decimal expansion of square root of 83.
9, 1, 1, 0, 4, 3, 3, 5, 7, 9, 1, 4, 4, 2, 9, 8, 8, 8, 1, 9, 4, 5, 6, 2, 6, 1, 0, 4, 6, 8, 8, 6, 6, 9, 1, 9, 0, 0, 9, 9, 1, 3, 9, 1, 6, 8, 2, 6, 4, 9, 5, 5, 8, 5, 2, 4, 9, 6, 9, 3, 8, 4, 6, 5, 0, 6, 6, 0, 2, 1, 1, 9, 4, 2, 8, 3, 4, 0, 5, 6, 6, 5, 5, 8, 5, 3, 4, 1, 4, 6, 0, 9, 2, 9, 1, 7, 7, 2, 4


Decimal expansion of square root of 84.
9, 1, 6, 5, 1, 5, 1, 3, 8, 9, 9, 1, 1, 6, 8, 0, 0, 1, 3, 1, 7, 6, 0, 9, 4, 3, 8, 7, 4, 5, 6, 0, 1, 6, 9, 7, 7, 9, 6, 8, 9, 1, 3, 1, 5, 3, 5, 3, 5, 9, 4, 3, 8, 0, 5, 2, 1, 4, 4, 8, 4, 2, 4, 7, 8, 1, 3, 7, 3, 6, 8, 5, 1, 0, 9, 5, 5, 4, 1, 7, 7, 3, 2, 0, 8, 7, 2, 3, 1, 1, 8, 9, 8, 6, 8, 9, 0, 0, 6


Decimal expansion of square root of 85.
9, 2, 1, 9, 5, 4, 4, 4, 5, 7, 2, 9, 2, 8, 8, 7, 3, 1, 0, 0, 0, 2, 2, 7, 4, 2, 8, 1, 7, 6, 2, 7, 9, 3, 1, 5, 7, 2, 4, 6, 8, 0, 5, 0, 4, 8, 7, 2, 2, 4, 6, 4, 0, 0, 8, 0, 0, 7, 7, 5, 2, 2, 0, 5, 4, 4, 2, 6, 7, 1, 0, 2, 6, 8, 0, 1, 8, 7, 5, 4, 6, 0, 7, 6, 7, 8, 9, 4, 0, 9, 0, 7, 9, 3, 2, 8, 0, 5, 6


Decimal expansion of square root of 86.
9, 2, 7, 3, 6, 1, 8, 4, 9, 5, 4, 9, 5, 7, 0, 3, 7, 5, 2, 5, 1, 6, 4, 1, 6, 0, 7, 3, 9, 9, 0, 1, 7, 4, 6, 2, 6, 2, 6, 3, 4, 6, 8, 9, 1, 2, 0, 7, 6, 2, 9, 8, 2, 1, 3, 3, 7, 3, 8, 2, 6, 5, 9, 8, 3, 2, 8, 2, 3, 6, 8, 3, 6, 4, 6, 3, 8, 4, 3, 0, 2, 3, 2, 3, 2, 0, 4, 5, 8, 5, 7, 3, 5, 8, 4, 7, 4, 3, 8


Decimal expansion of square root of 87.
9, 3, 2, 7, 3, 7, 9, 0, 5, 3, 0, 8, 8, 8, 1, 5, 0, 4, 5, 5, 5, 4, 4, 7, 5, 5, 4, 2, 3, 2, 0, 5, 5, 6, 9, 8, 3, 2, 7, 6, 2, 4, 0, 6, 9, 4, 1, 9, 1, 6, 5, 4, 6, 7, 1, 0, 5, 6, 1, 9, 7, 2, 9, 8, 4, 4, 6, 7, 8, 4, 5, 4, 8, 8, 0, 7, 2, 4, 9, 6, 7, 8, 4, 1, 4, 2, 2, 0, 5, 6, 2, 9, 1, 1, 8, 8, 2, 0, 1


Decimal expansion of square root of 88.
9, 3, 8, 0, 8, 3, 1, 5, 1, 9, 6, 4, 6, 8, 5, 9, 1, 0, 9, 1, 3, 1, 2, 6, 0, 2, 2, 7, 0, 8, 8, 9, 3, 2, 5, 6, 1, 1, 7, 6, 4, 5, 6, 7, 0, 6, 8, 2, 3, 4, 7, 4, 3, 0, 7, 2, 1, 1, 4, 0, 3, 7, 8, 2, 0, 3, 4, 0, 4, 9, 2, 6, 5, 5, 0, 6, 4, 7, 9, 4, 4, 2, 9, 6, 4, 2, 3, 1, 1, 9, 2, 1, 2, 3, 0, 8, 6, 2, 7


Decimal expansion of square root of 89.
9, 4, 3, 3, 9, 8, 1, 1, 3, 2, 0, 5, 6, 6, 0, 3, 8, 1, 1, 3, 2, 0, 6, 6, 0, 3, 7, 7, 6, 2, 2, 6, 4, 0, 7, 1, 6, 9, 8, 3, 6, 2, 2, 6, 3, 3, 4, 1, 5, 1, 2, 1, 3, 2, 0, 6, 6, 2, 9, 8, 1, 4, 4, 8, 9, 8, 0, 0, 2, 2, 9, 0, 9, 5, 8, 5, 1, 1, 8, 0, 5, 8, 5, 4, 1, 0, 2, 6, 9, 8, 6, 8, 9, 0, 3, 8, 4, 1, 0


Decimal expansion of square root of 90.
9, 4, 8, 6, 8, 3, 2, 9, 8, 0, 5, 0, 5, 1, 3, 7, 9, 9, 5, 9, 9, 6, 6, 8, 0, 6, 3, 3, 2, 9, 8, 1, 5, 5, 6, 0, 1, 1, 5, 8, 6, 6, 5, 4, 1, 7, 9, 7, 5, 6, 5, 0, 4, 8, 0, 5, 7, 2, 5, 1, 4, 5, 5, 8, 3, 7, 7, 7, 8, 3, 3, 1, 5, 9, 1, 7, 7, 1, 4, 6, 6, 4, 0, 3, 2, 7, 4, 4, 3, 2, 5, 1, 3, 7, 9, 0, 0, 8, 8


Decimal expansion of square root of 91.
9, 5, 3, 9, 3, 9, 2, 0, 1, 4, 1, 6, 9, 4, 5, 6, 4, 9, 1, 5, 2, 6, 2, 1, 5, 8, 6, 0, 2, 3, 2, 2, 6, 5, 4, 0, 2, 5, 4, 6, 2, 3, 4, 2, 5, 2, 5, 0, 5, 4, 5, 7, 5, 3, 9, 0, 8, 1, 5, 1, 8, 5, 2, 9, 1, 0, 3, 6, 2, 5, 5, 2, 3, 0, 5, 6, 5, 0, 7, 2, 1, 8, 2, 7, 7, 8, 2, 1, 7, 6, 4, 4, 9, 1, 2, 2, 0, 6, 9


Decimal expansion of square root of 92.
9, 5, 9, 1, 6, 6, 3, 0, 4, 6, 6, 2, 5, 4, 3, 9, 0, 8, 3, 1, 9, 4, 8, 7, 6, 1, 2, 8, 3, 2, 5, 3, 8, 7, 8, 3, 9, 9, 9, 3, 4, 1, 4, 0, 8, 3, 8, 0, 8, 2, 5, 8, 6, 9, 2, 9, 7, 0, 6, 1, 8, 2, 2, 8, 8, 9, 6, 5, 1, 4, 4, 7, 1, 8, 1, 4, 9, 2, 8, 1, 6, 4, 9, 8, 4, 3, 8, 2, 8, 9, 2, 8, 7, 3, 8, 3, 7, 7, 2


Decimal expansion of square root of 93.
9, 6, 4, 3, 6, 5, 0, 7, 6, 0, 9, 9, 2, 9, 5, 4, 9, 9, 5, 7, 6, 0, 0, 3, 1, 0, 4, 7, 4, 3, 2, 6, 6, 3, 1, 8, 3, 9, 0, 6, 9, 0, 3, 6, 9, 3, 0, 6, 3, 2, 5, 2, 4, 0, 7, 3, 0, 0, 1, 7, 6, 8, 8, 7, 7, 3, 1, 2, 8, 6, 4, 1, 8, 6, 6, 8, 6, 4, 9, 7, 2, 2, 9, 0, 0, 0, 5, 4, 7, 0, 9, 2, 9, 3, 6, 0, 8, 5, 9


Decimal expansion of square root of 94.
9, 6, 9, 5, 3, 5, 9, 7, 1, 4, 8, 3, 2, 6, 5, 8, 0, 2, 8, 1, 4, 8, 8, 8, 1, 1, 5, 0, 8, 4, 5, 3, 1, 3, 3, 9, 3, 6, 5, 2, 1, 5, 0, 9, 8, 7, 9, 5, 4, 6, 7, 9, 5, 9, 0, 5, 3, 9, 7, 1, 7, 4, 8, 6, 2, 3, 3, 0, 3, 9, 8, 6, 7, 5, 7, 3, 3, 0, 0, 7, 2, 8, 4, 8, 3, 2, 5, 8, 6, 7, 8, 4, 7, 6, 9, 1, 7, 4, 9


Decimal expansion of square root of 95.
9, 7, 4, 6, 7, 9, 4, 3, 4, 4, 8, 0, 8, 9, 6, 3, 9, 0, 6, 8, 3, 8, 4, 1, 3, 1, 9, 9, 8, 9, 9, 6, 0, 0, 2, 9, 9, 2, 5, 2, 5, 8, 3, 9, 0, 0, 3, 3, 7, 4, 9, 1, 0, 3, 1, 9, 9, 1, 7, 5, 0, 0, 0, 5, 7, 2, 0, 0, 8, 1, 7, 7, 2, 4, 6, 0, 2, 4, 9, 3, 5, 6, 8, 4, 8, 7, 1, 2, 0, 9, 6, 0, 3, 8, 0, 6, 5, 5, 2


Decimal expansion of square root of 96.
9, 7, 9, 7, 9, 5, 8, 9, 7, 1, 1, 3, 2, 7, 1, 2, 3, 9, 2, 7, 8, 9, 1, 3, 6, 2, 9, 8, 8, 2, 3, 5, 6, 5, 5, 6, 7, 8, 6, 3, 7, 8, 9, 9, 2, 2, 6, 2, 6, 6, 8, 0, 5, 1, 3, 7, 3, 0, 7, 7, 0, 2, 6, 9, 0, 0, 3, 8, 4, 1, 5, 0, 9, 8, 2, 9, 2, 6, 0, 1, 0, 6, 1, 5, 9, 4, 3, 7, 7, 3, 2, 4, 1, 8, 5, 6, 0, 9, 3, 9, 2, 7, 4, 3, 7


Decimal expansion of square root of 97.
9, 8, 4, 8, 8, 5, 7, 8, 0, 1, 7, 9, 6, 1, 0, 4, 7, 2, 1, 7, 4, 6, 2, 1, 1, 4, 1, 4, 9, 1, 7, 6, 2, 4, 4, 8, 1, 6, 9, 6, 1, 3, 6, 2, 8, 7, 4, 4, 2, 7, 6, 4, 1, 7, 1, 7, 2, 3, 1, 5, 4, 5, 2, 9, 8, 3, 6, 4, 4, 0, 5, 8, 3, 7, 0, 7, 6, 7, 8, 6, 3, 0, 0, 9, 3, 2, 0, 0, 7, 8, 4, 1, 1, 5, 4, 2, 5, 7, 6


Decimal expansion of square root of 98.
9, 8, 9, 9, 4, 9, 4, 9, 3, 6, 6, 1, 1, 6, 6, 5, 3, 4, 1, 6, 1, 1, 8, 2, 1, 0, 6, 9, 4, 6, 7, 8, 8, 6, 5, 4, 9, 9, 8, 7, 7, 0, 3, 1, 2, 7, 6, 3, 8, 6, 3, 6, 5, 1, 2, 2, 3, 6, 7, 5, 8, 1, 6, 5, 9, 3, 5, 1, 2, 7, 3, 4, 9, 2, 3, 4, 7, 4, 9, 2, 7, 1, 9, 5, 2, 7, 1, 2, 7, 4, 0, 2, 9, 3, 4, 9, 1, 0, 0, 9, 1, 4, 5, 0, 9


Decimal expansion of square root of 99.
9, 9, 4, 9, 8, 7, 4, 3, 7, 1, 0, 6, 6, 1, 9, 9, 5, 4, 7, 3, 4, 4, 7, 9, 8, 2, 1, 0, 0, 1, 2, 0, 6, 0, 0, 5, 1, 7, 8, 1, 2, 6, 5, 6, 3, 6, 7, 6, 8, 0, 6, 0, 7, 9, 1, 1, 7, 6, 0, 4, 6, 4, 3, 8, 3, 4, 9, 4, 5, 3, 9, 2, 7, 8, 2, 7, 1, 3, 1, 5, 4, 0, 1, 2, 6, 5, 3, 0, 1, 9, 7, 3, 8, 4, 8, 7, 1, 9, 5


Multiply successively by 1,1,2,2,3,3,4,4,..., n &gt;= 1, a(0) = 1.
1, 1, 1, 2, 4, 12, 36, 144, 576, 2880, 14400, 86400, 518400, 3628800, 25401600, 203212800, 1625702400, 14631321600, 131681894400, 1316818944000, 13168189440000, 144850083840000, 1593350922240000, 19120211066880000, 229442532802560000, 2982752926433280000


Multiply successively by 1 (once), 2 (twice), 3 (thrice), etc.
1, 1, 2, 4, 12, 36, 108, 432, 1728, 6912, 27648, 138240, 691200, 3456000, 17280000, 86400000, 518400000, 3110400000, 18662400000, 111974400000, 671846400000, 4031078400000, 28217548800000, 197522841600000, 1382659891200000, 9678619238400000, 67750334668800000


a(n) = tau(tau(n)).
1, 2, 2, 2, 2, 3, 2, 3, 2, 3, 2, 4, 2, 3, 3, 2, 2, 4, 2, 4, 3, 3, 2, 4, 2, 3, 3, 4, 2, 4, 2, 4, 3, 3, 3, 3, 2, 3, 3, 4, 2, 4, 2, 4, 4, 3, 2, 4, 2, 4, 3, 4, 2, 4, 3, 4, 3, 3, 2, 6, 2, 3, 4, 2, 3, 4, 2, 4, 3, 4, 2, 6, 2, 3, 4, 4, 3, 4, 2, 4, 2


a(n) = phi(phi(n)), where phi is the Euler totient function.
1, 1, 1, 1, 2, 1, 2, 2, 2, 2, 4, 2, 4, 2, 4, 4, 8, 2, 6, 4, 4, 4, 10, 4, 8, 4, 6, 4, 12, 4, 8, 8, 8, 8, 8, 4, 12, 6, 8, 8, 16, 4, 12, 8, 8, 10, 22, 8, 12, 8, 16, 8, 24, 6, 16, 8, 12, 12, 28, 8, 16, 8, 12, 16, 16, 8, 20, 16, 20, 8, 24, 8


mu(mu(n)).
1, -1, -1, -1, -1, 1, -1, -1, -1, 1, -1, -1, -1, 1, 1, -1, -1, -1, -1, -1, 1, 1, -1, -1, -1, 1, -1, -1, -1, -1, -1, -1, 1, 1, 1, -1, -1, 1, 1, -1, -1, -1, -1, -1, -1, 1, -1, -1, -1, -1, 1, -1, -1, -1, 1, -1, 1, 1, -1, -1, -1, 1, -1, -1, 1, -1, -1, -1, 1, -1, -1, -1, -1, 1, -1, -1, 1, -1, -1


High temperature series for spin-1/2 Ising magnetic susceptibility on 4D simple cubic lattice.
1, 8, 56, 392, 2696, 18536, 126536, 863720, 5873768, 39942184, 271009112, 1838725896, 12457092504, 84392312392, 571140732808, 3865210690888, 26138072412040, 176752645540264


Fourth-field derivative of free energy for 4-d cubic lattice.
1, 32, 584, 8288, 101240, 1121120, 11570360, 113293088, 1064631032, 9681082144, 85688330696, 741562925664, 6296196525768, 52589092312288, 433044168426616, 3521747918221984, 28326976016327032


Maximal size of binary code of length n correcting 2 unidirectional errors.
1, 1, 1, 2, 2, 2, 4, 6, 10


Zeroth correlation moment for 4-d b.c.c. lattice.
16, 240, 3600, 53200, 786000, 11543952, 169538256, 2482215952, 36341716432, 531081176880, 7760918381072


Second correlation moment for 4-d b.c.c. lattice.
16, 512, 11792, 238592, 4480592, 80330752, 1393717968, 23613960192, 392797482960, 6440613392384, 104370678165520


Zeroth correlation moment for D_4 lattice.
24, 552, 12504, 280920, 6280824, 139986456, 3113177400, 69123011832, 1532877910008, 33960365608008


Second correlation moment for D_4 lattice.
24, 1152, 40344, 1237632, 35267640, 958763904, 25226225976, 647984522496, 16341539178744, 406175271393384


Spin-spin correlation function for 4-d cubic lattice.
1, 6, 108, 2628, 72638, 2200108


Spin-spin correlation function for 4-d b.c.c. lattice.
1, 50, 4264, 474208, 61159218, 8651484328


Spin-spin correlation function for D_4 lattice.
1, 8, 94, 1232, 17916, 278088, 4536836, 76800064, 1338190014, 23861081448


Number of 2n-step 2-dimensional closed self-avoiding paths on square lattice.
0, 8, 24, 112, 560, 2976, 16464, 94016, 549648, 3273040, 19781168, 121020960, 748039552, 4664263744, 29303071680, 185307690240, 1178635456752, 7535046744864, 48392012257184, 312061600211680, 2019822009608592, 13117263660884768, 85447982919036736


2n-step 3-dimensional closed paths on cubic lattice.
6, 24, 264, 3312, 48240, 762096, 12673920, 218904768, 3891176352, 70742410800


2n-step 4-dimensional closed paths on 4-d cubic lattice.
8, 48, 912, 22944, 652320, 20266368, 669756192, 23146172544


2n-step 5-dimensional closed paths on 5-d cubic lattice.
10, 80, 2160, 82720, 3737120, 186303840, 9945915840, 558476528000


2n-step 6-dimensional closed paths on 6-d cubic lattice.
12, 120, 4200, 216720, 13594320, 959431200, 73286046960


High-temperature coefficients for cubic lattice.
3, 12, 120, 1368, 18300, 268728, 4180860


High-temperature coefficients for 4-d cubic lattice.
4, 24, 432, 10512, 290552


High-temperature coefficients for 5-d cubic lattice.
5, 40, 1040, 39120, 1746760


High-temperature coefficients for 6-d cubic lattice.
6, 60, 2040, 104040, 6487020


Number of n-step self-avoiding walks on 4-d cubic lattice.
1, 8, 56, 392, 2696, 18584, 127160, 871256, 5946200, 40613816, 276750536, 1886784200, 12843449288, 87456597656, 594876193016, 4047352264616, 27514497698984, 187083712725224, 1271271096363128, 8639846411760440, 58689235680164600, 398715967140863864


Number of n-step self-avoiding walks on 5-d cubic lattice.
1, 10, 90, 810, 7210, 64250, 570330, 5065530, 44906970, 398227610, 3527691690, 31255491850, 276741169130, 2450591960890, 21690684337690, 192003889675210, 1699056192681930, 15035937610909770, 133030135015071770, 1177032340670878170, 10412322608416261050


Number of n-step self-avoiding walks on 6-d cubic lattice.
1, 12, 132, 1452, 15852, 173172, 1887492, 20578452, 224138292, 2441606532, 26583605772, 289455960492, 3150796704012, 34298615880372, 373292253262692, 4062873240668412, 44214072776280252, 481167126859845852, 5235893033922430692, 56975931806991140292, 619957835069070600132, 6745858105534183489092


Maximal size of binary code of length n correcting 3 unidirectional errors.
1, 1, 1, 1, 2, 2, 2, 2, 4, 4, 7, 10


High temperature series for spin-1/2 Ising magnetic susceptibility on 5D simple cubic lattice.
1, 10, 90, 810, 7210, 64170, 568970, 5044810, 44649930, 395180650, 3494051130, 30893156970, 272971707930, 2411975074570, 21302972395370, 188151452434090


High temperature series for spin-1/2 Ising magnetic susceptibility on 6D simple cubic lattice.
1, 12, 132, 1452, 15852, 173052, 1884972, 20532252, 223437852, 2431526492, 26447593812, 287669976492, 3128064123732, 34013987172972, 369792173040492, 4020299656610636


Decimal expansion of cube root of 9.
2, 0, 8, 0, 0, 8, 3, 8, 2, 3, 0, 5, 1, 9, 0, 4, 1, 1, 4, 5, 3, 0, 0, 5, 6, 8, 2, 4, 3, 5, 7, 8, 8, 5, 3, 8, 6, 3, 3, 7, 8, 0, 5, 3, 4, 0, 3, 7, 3, 2, 6, 2, 1, 0, 9, 6, 9, 7, 5, 9, 1, 0, 8, 0, 2, 0, 0, 1, 0, 6, 3, 1, 1, 3, 9, 7, 2, 6, 8, 7, 7, 3, 6, 0, 6, 0, 5, 6, 6, 3, 6, 7, 9, 0, 7, 5, 7, 4, 8, 6, 7, 2, 8, 6, 7, 1, 5, 9


Decimal expansion of cube root of 10.
2, 1, 5, 4, 4, 3, 4, 6, 9, 0, 0, 3, 1, 8, 8, 3, 7, 2, 1, 7, 5, 9, 2, 9, 3, 5, 6, 6, 5, 1, 9, 3, 5, 0, 4, 9, 5, 2, 5, 9, 3, 4, 4, 9, 4, 2, 1, 9, 2, 1, 0, 8, 5, 8, 2, 4, 8, 9, 2, 3, 5, 5, 0, 6, 3, 4, 6, 4, 1, 1, 1, 0, 6, 6, 4, 8, 3, 4, 0, 8, 0, 0, 1, 8, 5, 4, 4, 1, 5, 0, 3, 5, 4, 3, 2, 4, 3, 2, 7


Decimal expansion of cube root of 11.
2, 2, 2, 3, 9, 8, 0, 0, 9, 0, 5, 6, 9, 3, 1, 5, 5, 2, 1, 1, 6, 5, 3, 6, 3, 3, 7, 6, 7, 2, 2, 1, 5, 7, 1, 9, 6, 5, 1, 8, 6, 9, 9, 1, 2, 8, 0, 9, 6, 9, 2, 3, 0, 5, 5, 6, 9, 9, 3, 4, 5, 8, 0, 8, 6, 6, 0, 4, 0, 0, 9, 8, 3, 0, 8, 2, 9, 7, 5, 9, 7, 4, 4, 8, 9, 7, 5, 8, 0, 5, 4, 4, 8, 1, 6, 2, 6, 2, 7


Decimal expansion of cube root of 12.
2, 2, 8, 9, 4, 2, 8, 4, 8, 5, 1, 0, 6, 6, 6, 3, 7, 3, 5, 6, 1, 6, 0, 8, 4, 4, 2, 3, 8, 7, 9, 3, 5, 4, 0, 1, 7, 8, 3, 1, 8, 1, 3, 8, 4, 1, 5, 7, 5, 8, 6, 2, 1, 4, 4, 1, 9, 8, 1, 0, 4, 3, 4, 8, 1, 3, 1, 3, 4, 8, 5, 9, 8, 0, 4, 8, 4, 2, 8, 3, 0, 0, 8, 7, 5, 2, 1, 6, 3, 2, 2, 0, 6, 1, 8, 3, 4, 0, 9


Decimal expansion of cube root of 13.
2, 3, 5, 1, 3, 3, 4, 6, 8, 7, 7, 2, 0, 7, 5, 7, 4, 8, 9, 5, 0, 0, 0, 1, 6, 3, 3, 9, 9, 5, 6, 9, 1, 4, 5, 2, 6, 9, 1, 5, 8, 4, 1, 9, 8, 3, 4, 6, 2, 1, 7, 5, 1, 0, 5, 0, 4, 0, 2, 5, 4, 3, 1, 1, 5, 8, 8, 3, 4, 2, 6, 8, 0, 9, 9, 6, 5, 6, 6, 8, 4, 9, 8, 0, 7, 9, 1, 1, 6, 0, 4, 2, 0, 2, 8, 4, 4, 0, 6


Decimal expansion of cube root of 14.
2, 4, 1, 0, 1, 4, 2, 2, 6, 4, 1, 7, 5, 2, 2, 9, 9, 8, 6, 1, 2, 8, 3, 6, 9, 6, 6, 7, 6, 0, 3, 2, 7, 2, 8, 9, 5, 3, 5, 4, 5, 8, 1, 2, 8, 9, 9, 8, 0, 8, 6, 7, 6, 5, 4, 1, 6, 4, 1, 3, 9, 7, 1, 0, 4, 1, 3, 2, 9, 1, 7, 2, 6, 9, 2, 2, 5, 9, 3, 8, 3, 3, 8, 2, 2, 6, 1, 1, 5, 1, 6, 2, 2, 6, 8, 1, 3, 4, 6


Decimal expansion of cube root of 15.
2, 4, 6, 6, 2, 1, 2, 0, 7, 4, 3, 3, 0, 4, 7, 0, 1, 0, 1, 4, 9, 1, 6, 1, 1, 3, 2, 3, 1, 5, 4, 5, 8, 9, 0, 4, 2, 7, 3, 5, 4, 8, 4, 4, 8, 6, 6, 2, 8, 0, 5, 3, 7, 6, 0, 1, 7, 8, 7, 8, 7, 4, 1, 0, 2, 9, 3, 3, 7, 6, 9, 5, 2, 9, 2, 2, 8, 9, 7, 4, 6, 3, 2, 1, 6, 2, 9, 8, 7, 0, 2, 6, 6, 4, 3, 4, 6, 0, 5


Decimal expansion of cube root of 16.
2, 5, 1, 9, 8, 4, 2, 0, 9, 9, 7, 8, 9, 7, 4, 6, 3, 2, 9, 5, 3, 4, 4, 2, 1, 2, 1, 4, 5, 5, 6, 4, 5, 6, 7, 0, 1, 1, 4, 0, 5, 0, 2, 9, 2, 9, 4, 0, 3, 0, 1, 5, 9, 6, 0, 1, 6, 3, 9, 5, 0, 2, 2, 4, 3, 1, 0, 5, 9, 9, 3, 5, 3, 0, 2, 7, 9, 1, 8, 9, 6, 7, 4, 5, 8, 7, 9, 3, 1, 2, 4, 8, 7, 2, 5, 1, 0, 1, 8


Decimal expansion of cube root of 17.
2, 5, 7, 1, 2, 8, 1, 5, 9, 0, 6, 5, 8, 2, 3, 5, 3, 5, 5, 4, 5, 3, 1, 8, 7, 2, 0, 8, 7, 3, 9, 7, 2, 6, 1, 1, 6, 4, 2, 7, 9, 0, 1, 6, 3, 2, 4, 5, 4, 6, 9, 6, 2, 5, 9, 8, 4, 8, 0, 2, 2, 3, 7, 6, 2, 1, 9, 9, 3, 9, 9, 3, 3, 0, 3, 0, 6, 7, 0, 1, 5, 0, 3, 2, 4, 3, 5, 1, 5, 3, 0, 4, 4, 5, 6, 5, 1, 5, 1


Decimal expansion of cube root of 18.
2, 6, 2, 0, 7, 4, 1, 3, 9, 4, 2, 0, 8, 8, 9, 6, 6, 0, 7, 1, 4, 1, 6, 6, 1, 2, 8, 0, 4, 4, 1, 9, 9, 6, 2, 7, 0, 2, 3, 9, 4, 2, 7, 6, 4, 5, 7, 2, 3, 6, 3, 1, 7, 2, 5, 1, 0, 2, 7, 7, 3, 8, 0, 5, 7, 2, 8, 6, 9, 9, 8, 1, 9, 1, 9, 6, 0, 4, 2, 1, 0, 8, 8, 2, 8, 4, 5, 5, 8, 2, 5, 9, 8, 9, 0, 7, 3, 5, 9


Decimal expansion of cube root of 19.
2, 6, 6, 8, 4, 0, 1, 6, 4, 8, 7, 2, 1, 9, 4, 4, 8, 6, 7, 3, 3, 9, 6, 2, 7, 3, 7, 1, 9, 7, 0, 8, 3, 0, 3, 3, 5, 0, 9, 5, 8, 7, 8, 5, 6, 9, 1, 8, 3, 1, 0, 1, 8, 6, 5, 6, 6, 4, 2, 1, 3, 5, 8, 6, 9, 4, 5, 7, 9, 3, 9, 7, 1, 6, 7, 2, 0, 5, 9, 7, 1, 6, 3, 1, 6, 6, 8, 1, 5, 9, 3, 1, 0, 0, 5, 1, 6, 5, 4


Decimal expansion of cube root of 20.
2, 7, 1, 4, 4, 1, 7, 6, 1, 6, 5, 9, 4, 9, 0, 6, 5, 7, 1, 5, 1, 8, 0, 8, 9, 4, 6, 9, 6, 7, 9, 4, 8, 9, 2, 0, 4, 8, 0, 5, 1, 0, 7, 7, 6, 9, 4, 8, 9, 0, 9, 6, 9, 5, 7, 2, 8, 4, 3, 6, 5, 4, 4, 2, 8, 0, 3, 3, 0, 8, 5, 5, 6, 3, 2, 8, 7, 6, 5, 8, 4, 9, 4, 8, 7, 1, 9, 7, 3, 7, 6, 8, 5, 1, 5, 0, 1, 0, 4


Decimal expansion of cube root of 21.
2, 7, 5, 8, 9, 2, 4, 1, 7, 6, 3, 8, 1, 1, 2, 0, 6, 6, 9, 4, 6, 5, 7, 9, 1, 1, 0, 8, 3, 5, 8, 5, 2, 1, 5, 8, 2, 2, 5, 2, 7, 1, 2, 0, 8, 6, 0, 3, 8, 9, 3, 6, 0, 3, 2, 8, 0, 6, 5, 9, 2, 5, 0, 2, 1, 6, 2, 7, 9, 9, 1, 4, 1, 0, 8, 7, 0, 4, 3, 7, 3, 7, 9, 1, 2, 6, 3, 2, 1, 5, 8, 5, 2, 4, 4, 3, 7, 5, 5


Decimal expansion of cube root of 22.
2, 8, 0, 2, 0, 3, 9, 3, 3, 0, 6, 5, 5, 3, 8, 7, 1, 2, 0, 6, 6, 5, 6, 7, 7, 3, 8, 5, 6, 6, 5, 8, 9, 4, 0, 1, 7, 5, 8, 5, 7, 9, 8, 2, 1, 8, 7, 6, 9, 2, 6, 8, 3, 1, 6, 9, 7, 9, 7, 8, 3, 7, 3, 3, 7, 8, 3, 7, 5, 0, 1, 4, 6, 0, 1, 7, 8, 7, 4, 8, 6, 8, 1, 1, 5, 3, 4, 6, 2, 4, 9, 8, 9, 4, 1, 4, 6, 8, 8


Decimal expansion of cube root of 23.
2, 8, 4, 3, 8, 6, 6, 9, 7, 9, 8, 5, 1, 5, 6, 5, 4, 7, 7, 6, 9, 5, 4, 3, 9, 4, 0, 0, 9, 5, 8, 6, 5, 1, 8, 5, 2, 7, 6, 4, 1, 6, 5, 1, 7, 2, 7, 3, 7, 0, 4, 8, 1, 0, 4, 6, 5, 3, 4, 2, 5, 2, 3, 0, 2, 3, 5, 4, 4, 0, 8, 6, 0, 9, 6, 8, 5, 4, 9, 8, 7, 6, 0, 6, 4, 7, 3, 6, 6, 4, 0, 5, 4, 4, 4, 3, 1, 0, 2


Decimal expansion of cube root of 24.
2, 8, 8, 4, 4, 9, 9, 1, 4, 0, 6, 1, 4, 8, 1, 6, 7, 6, 4, 6, 4, 3, 2, 7, 6, 6, 2, 1, 5, 6, 0, 2, 1, 9, 1, 7, 6, 7, 8, 3, 7, 3, 8, 5, 0, 6, 9, 9, 8, 7, 0, 1, 1, 5, 5, 0, 9, 2, 8, 3, 2, 3, 8, 9, 0, 8, 3, 3, 7, 5, 1, 9, 3, 6, 5, 9, 9, 9, 4, 6, 7, 9, 7, 0, 9, 5, 1, 0, 9, 5, 9, 4, 1, 1, 2, 9, 0, 5, 1


Decimal expansion of cube root of 25.
2, 9, 2, 4, 0, 1, 7, 7, 3, 8, 2, 1, 2, 8, 6, 6, 0, 6, 5, 5, 0, 6, 7, 8, 7, 3, 6, 0, 1, 3, 7, 9, 2, 2, 7, 7, 8, 5, 3, 0, 4, 9, 8, 6, 3, 5, 1, 0, 1, 0, 3, 0, 0, 4, 1, 4, 2, 2, 5, 7, 3, 5, 1, 0, 0, 7, 2, 5, 6, 0, 5, 5, 8, 5, 9, 3, 2, 1, 7, 3, 1, 7, 0, 6, 5, 7, 2, 0, 4, 5, 5, 3, 3, 7, 0, 8, 1, 3, 2


Decimal expansion of cube root of 26.
2, 9, 6, 2, 4, 9, 6, 0, 6, 8, 4, 0, 7, 3, 7, 0, 5, 0, 8, 6, 7, 3, 0, 6, 2, 1, 8, 9, 3, 4, 1, 8, 3, 8, 5, 3, 7, 5, 6, 6, 3, 5, 7, 4, 2, 2, 3, 1, 8, 8, 6, 6, 4, 3, 5, 7, 6, 6, 3, 2, 6, 3, 3, 7, 1, 6, 9, 4, 2, 2, 4, 3, 2, 5, 9, 8, 4, 8, 2, 4, 2, 2, 8, 9, 3, 7, 9, 9, 6, 2, 1, 2, 2, 8, 7, 5, 5, 3, 2


Decimal expansion of cube root of 28.
3, 0, 3, 6, 5, 8, 8, 9, 7, 1, 8, 7, 5, 6, 6, 2, 5, 1, 9, 4, 2, 0, 8, 0, 9, 5, 7, 8, 5, 0, 5, 6, 6, 9, 6, 3, 5, 5, 8, 1, 4, 5, 3, 9, 7, 7, 2, 4, 8, 1, 1, 1, 1, 2, 3, 2, 4, 2, 1, 4, 1, 6, 5, 4, 1, 6, 9, 1, 7, 7, 2, 6, 8, 4, 1, 1, 8, 8, 4, 9, 6, 1, 7, 7, 0, 2, 5, 0, 3, 9, 0, 8, 3, 8, 0, 9, 7, 8, 9


Decimal expansion of cube root of 29.
3, 0, 7, 2, 3, 1, 6, 8, 2, 5, 6, 8, 5, 8, 4, 7, 2, 9, 3, 3, 1, 2, 6, 3, 7, 9, 8, 2, 1, 0, 5, 5, 9, 7, 4, 8, 5, 5, 0, 2, 7, 8, 3, 2, 3, 8, 8, 7, 6, 0, 9, 5, 7, 9, 9, 4, 9, 2, 6, 7, 7, 0, 9, 7, 3, 6, 6, 0, 3, 8, 1, 7, 9, 2, 0, 6, 6, 2, 9, 5, 9, 9, 1, 6, 6, 3, 1, 9, 9, 0, 7, 1, 2, 1, 0, 0, 8, 8, 6


Decimal expansion of cube root of 30.
3, 1, 0, 7, 2, 3, 2, 5, 0, 5, 9, 5, 3, 8, 5, 8, 8, 6, 6, 8, 7, 7, 6, 6, 2, 4, 2, 7, 5, 2, 2, 3, 8, 6, 3, 6, 2, 8, 5, 4, 9, 0, 6, 8, 2, 9, 0, 6, 7, 4, 2, 2, 0, 0, 1, 4, 7, 1, 0, 3, 8, 4, 0, 4, 2, 5, 9, 1, 3, 0, 7, 2, 2, 6, 8, 2, 5, 0, 2, 1, 6, 2, 8, 6, 6, 6, 2, 1, 8, 3, 8, 4, 2, 2, 1, 4, 2, 2, 1


Decimal expansion of cube root of 31.
3, 1, 4, 1, 3, 8, 0, 6, 5, 2, 3, 9, 1, 3, 9, 3, 0, 0, 4, 4, 9, 3, 0, 7, 5, 8, 9, 6, 4, 6, 2, 7, 4, 9, 9, 2, 6, 3, 5, 0, 8, 5, 9, 7, 1, 8, 5, 0, 0, 7, 2, 6, 4, 2, 5, 6, 4, 2, 3, 5, 2, 6, 1, 7, 3, 3, 7, 5, 9, 0, 0, 0, 8, 5, 1, 2, 4, 3, 4, 2, 9, 1, 6, 2, 1, 3, 7, 0, 3, 1, 0, 1, 9, 8, 2, 5, 3, 1, 3


Decimal expansion of cube root of 32.
3, 1, 7, 4, 8, 0, 2, 1, 0, 3, 9, 3, 6, 3, 9, 8, 9, 4, 9, 5, 0, 3, 4, 1, 1, 2, 7, 8, 5, 4, 4, 6, 1, 6, 5, 2, 0, 7, 8, 2, 9, 8, 6, 6, 5, 5, 7, 9, 9, 7, 0, 6, 0, 1, 9, 6, 1, 6, 5, 7, 1, 5, 2, 3, 6, 5, 0, 4, 3, 3, 0, 1, 1, 2, 4, 8, 4, 3, 8, 3, 4, 6, 5, 4, 7, 0, 8, 8, 4, 2, 6, 5, 2, 4, 4, 4, 1, 9, 1


Decimal expansion of cube root of 33.
3, 2, 0, 7, 5, 3, 4, 3, 2, 9, 9, 9, 5, 8, 2, 6, 4, 8, 7, 5, 5, 2, 5, 1, 5, 1, 7, 1, 7, 1, 9, 5, 2, 0, 1, 1, 1, 3, 6, 1, 8, 5, 1, 6, 6, 3, 3, 6, 0, 5, 7, 2, 1, 7, 1, 7, 2, 4, 0, 7, 1, 8, 4, 7, 2, 8, 3, 8, 1, 4, 9, 8, 0, 9, 7, 6, 3, 8, 9, 1, 9, 8, 9, 1, 0, 3, 0, 3, 5, 2, 0, 2, 5, 1, 2, 0, 1, 3, 3


Decimal expansion of cube root of 34.
3, 2, 3, 9, 6, 1, 1, 8, 0, 1, 2, 7, 7, 4, 8, 3, 3, 8, 4, 0, 7, 1, 4, 6, 9, 9, 2, 4, 2, 7, 2, 0, 2, 9, 7, 0, 0, 3, 7, 8, 3, 7, 8, 9, 6, 8, 5, 2, 6, 5, 2, 8, 8, 1, 6, 5, 1, 5, 1, 2, 5, 7, 6, 2, 1, 2, 4, 6, 8, 2, 6, 5, 3, 2, 2, 8, 5, 8, 2, 1, 9, 6, 3, 9, 7, 2, 1, 9, 5, 8, 0, 8, 3, 4, 2, 6, 7, 5, 9


Decimal expansion of cube root of 35.
3, 2, 7, 1, 0, 6, 6, 3, 1, 0, 1, 8, 8, 5, 8, 9, 7, 2, 8, 2, 2, 4, 8, 0, 6, 9, 0, 2, 3, 9, 2, 5, 3, 1, 3, 4, 4, 0, 9, 8, 9, 0, 3, 1, 4, 7, 7, 7, 8, 9, 0, 5, 8, 1, 9, 6, 4, 4, 5, 6, 0, 1, 0, 7, 8, 6, 5, 2, 0, 0, 3, 9, 4, 4, 4, 5, 8, 8, 8, 3, 1, 7, 9, 5, 8, 6, 1, 2, 7, 0, 9, 0, 0, 7, 6, 6, 3, 1, 6


Decimal expansion of cube root of 36.
3, 3, 0, 1, 9, 2, 7, 2, 4, 8, 8, 9, 4, 6, 2, 6, 6, 8, 3, 8, 7, 4, 6, 0, 9, 9, 5, 2, 4, 0, 9, 0, 8, 4, 9, 5, 6, 8, 4, 6, 8, 8, 4, 6, 4, 4, 3, 1, 8, 4, 9, 3, 3, 3, 6, 9, 7, 3, 2, 0, 2, 5, 3, 7, 1, 0, 9, 2, 7, 5, 6, 7, 5, 5, 7, 8, 8, 7, 1, 5, 3, 5, 8, 6, 5, 2, 5, 2, 6, 9, 5, 1, 6, 4, 8, 0, 9, 4, 5


Decimal expansion of cube root of 37.
3, 3, 3, 2, 2, 2, 1, 8, 5, 1, 6, 4, 5, 9, 5, 3, 2, 6, 0, 0, 9, 5, 4, 5, 0, 5, 0, 5, 1, 8, 5, 1, 1, 9, 0, 0, 4, 4, 0, 9, 6, 1, 6, 6, 7, 1, 9, 5, 0, 0, 6, 2, 3, 5, 9, 1, 3, 2, 9, 6, 6, 6, 5, 0, 9, 8, 0, 4, 0, 5, 3, 4, 2, 4, 3, 8, 8, 6, 5, 6, 5, 2, 4, 2, 4, 9, 1, 5, 5, 8, 3, 5, 6, 7, 6, 6, 1, 6, 7


Decimal expansion of cube root of 38.
3, 3, 6, 1, 9, 7, 5, 4, 0, 6, 7, 9, 8, 9, 6, 3, 3, 1, 4, 8, 4, 0, 5, 5, 8, 5, 6, 6, 8, 1, 0, 5, 6, 3, 4, 4, 7, 4, 0, 6, 5, 7, 8, 9, 6, 9, 1, 6, 6, 2, 5, 8, 6, 5, 5, 3, 9, 7, 4, 4, 3, 0, 4, 2, 6, 7, 9, 9, 6, 4, 2, 1, 9, 4, 1, 3, 9, 8, 4, 9, 7, 7, 2, 2, 0, 4, 6, 8, 9, 8, 6, 3, 4, 1, 1, 7, 8, 1, 2


Decimal expansion of cube root of 39.
3, 3, 9, 1, 2, 1, 1, 4, 4, 3, 0, 1, 4, 1, 6, 6, 7, 6, 1, 9, 5, 4, 6, 7, 0, 7, 2, 5, 9, 9, 4, 5, 9, 6, 7, 3, 3, 2, 6, 2, 8, 3, 6, 1, 2, 4, 8, 0, 9, 9, 2, 4, 9, 6, 9, 3, 4, 4, 3, 1, 6, 2, 4, 3, 9, 9, 5, 2, 5, 0, 6, 4, 8, 8, 3, 3, 1, 7, 8, 1, 8, 4, 9, 6, 4, 9, 4, 5, 3, 1, 6, 9, 4, 2, 1, 0, 0, 6, 2


Decimal expansion of cube root of 40.
3, 4, 1, 9, 9, 5, 1, 8, 9, 3, 3, 5, 3, 3, 9, 3, 9, 7, 8, 7, 0, 6, 2, 1, 7, 7, 4, 5, 0, 8, 7, 7, 2, 0, 2, 1, 9, 7, 3, 6, 1, 1, 0, 2, 2, 1, 0, 8, 6, 1, 0, 9, 8, 4, 8, 7, 6, 5, 7, 2, 3, 4, 1, 4, 8, 8, 8, 5, 9, 1, 8, 4, 1, 0, 0, 8, 3, 4, 6, 4, 3, 2, 5, 1, 4, 3, 7, 4, 0, 2, 0, 0, 4, 0, 3, 7, 8, 0, 0


Decimal expansion of cube root of 41.
3, 4, 4, 8, 2, 1, 7, 2, 4, 0, 3, 8, 2, 7, 3, 0, 3, 8, 4, 0, 9, 7, 4, 2, 3, 8, 6, 4, 2, 6, 0, 7, 8, 9, 6, 1, 7, 1, 6, 9, 9, 9, 2, 8, 8, 1, 6, 0, 8, 1, 5, 7, 2, 1, 2, 1, 2, 1, 9, 7, 9, 7, 7, 2, 1, 9, 4, 0, 2, 3, 1, 0, 2, 0, 8, 3, 1, 7, 6, 9, 4, 3, 2, 0, 3, 1, 2, 7, 7, 3, 2, 8, 0, 1, 3, 8, 7, 0, 4


Decimal expansion of cube root of 42.
3, 4, 7, 6, 0, 2, 6, 6, 4, 4, 8, 8, 6, 4, 4, 9, 7, 8, 6, 7, 3, 9, 8, 6, 5, 2, 1, 9, 0, 0, 4, 5, 3, 7, 4, 3, 4, 0, 0, 4, 8, 3, 8, 5, 3, 8, 7, 8, 6, 9, 6, 7, 4, 2, 1, 4, 7, 4, 2, 2, 3, 9, 5, 6, 7, 2, 7, 0, 9, 6, 1, 2, 3, 5, 3, 6, 4, 3, 3, 4, 3, 2, 4, 9, 9, 4, 3, 0, 7, 8, 5, 8, 1, 7, 4, 3, 5, 8, 8


Decimal expansion of cube root of 43.
3, 5, 0, 3, 3, 9, 8, 0, 6, 0, 3, 8, 6, 7, 2, 4, 1, 7, 0, 6, 1, 4, 3, 3, 3, 7, 5, 8, 1, 8, 9, 1, 2, 9, 7, 3, 7, 2, 4, 8, 7, 5, 6, 7, 8, 6, 9, 1, 5, 3, 9, 2, 4, 0, 1, 7, 1, 5, 3, 2, 2, 6, 1, 0, 4, 3, 7, 2, 1, 0, 5, 3, 2, 6, 1, 4, 5, 6, 3, 6, 1, 5, 6, 6, 8, 0, 4, 0, 9, 9, 5, 3, 5, 5, 3, 9, 6, 3, 2


Decimal expansion of cube root of 44.
3, 5, 3, 0, 3, 4, 8, 3, 3, 5, 3, 2, 6, 0, 6, 3, 0, 0, 2, 1, 9, 5, 9, 7, 2, 5, 9, 2, 8, 4, 8, 2, 9, 5, 3, 0, 4, 3, 4, 0, 7, 2, 6, 5, 6, 6, 4, 7, 4, 2, 1, 6, 4, 2, 5, 4, 6, 7, 7, 1, 4, 5, 9, 5, 4, 8, 9, 7, 7, 0, 4, 4, 8, 0, 6, 5, 9, 8, 8, 1, 4, 1, 7, 4, 9, 9, 7, 4, 4, 0, 3, 2, 0, 4, 0, 6, 2, 8, 3


Decimal expansion of cube root of 45.
3, 5, 5, 6, 8, 9, 3, 3, 0, 4, 4, 9, 0, 0, 6, 2, 8, 0, 6, 0, 0, 6, 1, 5, 4, 6, 2, 2, 2, 3, 8, 9, 1, 1, 5, 8, 4, 9, 7, 8, 0, 8, 6, 9, 1, 4, 4, 9, 9, 4, 3, 6, 6, 2, 6, 2, 6, 6, 6, 0, 7, 4, 9, 9, 0, 1, 1, 0, 0, 3, 7, 0, 8, 0, 5, 8, 8, 2, 1, 2, 5, 5, 7, 0, 3, 0, 1, 4, 7, 1, 9, 4, 3, 9, 3, 3, 9, 4, 1


Decimal expansion of cube root of 46.
3, 5, 8, 3, 0, 4, 7, 8, 7, 1, 0, 1, 5, 9, 4, 6, 4, 8, 5, 3, 8, 6, 9, 6, 3, 6, 7, 4, 5, 8, 0, 6, 6, 6, 2, 7, 2, 1, 5, 4, 8, 2, 0, 5, 9, 3, 0, 9, 5, 6, 3, 5, 1, 5, 7, 0, 4, 3, 9, 8, 0, 3, 6, 5, 4, 3, 9, 4, 8, 6, 4, 8, 5, 9, 5, 7, 7, 1, 1, 4, 7, 7, 1, 6, 4, 7, 4, 6, 1, 3, 4, 5, 2, 5, 1, 1, 8, 7, 5


Decimal expansion of cube root of 47.
3, 6, 0, 8, 8, 2, 6, 0, 8, 0, 1, 3, 8, 6, 9, 4, 6, 8, 9, 2, 5, 2, 5, 1, 7, 2, 9, 5, 9, 5, 8, 8, 9, 2, 6, 1, 4, 9, 0, 5, 5, 5, 1, 6, 9, 0, 1, 6, 2, 3, 3, 7, 8, 7, 6, 8, 9, 7, 9, 0, 6, 0, 5, 7, 8, 6, 9, 4, 7, 7, 9, 8, 5, 9, 4, 2, 1, 2, 3, 7, 0, 4, 9, 3, 9, 1, 7, 3, 7, 0, 6, 6, 0, 1, 5, 8, 6, 9, 7


Decimal expansion of cube root of 48.
3, 6, 3, 4, 2, 4, 1, 1, 8, 5, 6, 6, 4, 2, 7, 9, 3, 1, 7, 7, 8, 2, 4, 2, 3, 5, 1, 2, 6, 5, 4, 5, 2, 1, 0, 0, 4, 8, 5, 6, 4, 2, 0, 9, 2, 6, 2, 8, 2, 4, 3, 9, 3, 4, 2, 9, 6, 2, 6, 6, 8, 5, 9, 5, 8, 6, 2, 6, 1, 9, 4, 7, 8, 9, 1, 8, 6, 0, 3, 7, 3, 1, 2, 9, 4, 2, 8, 3, 4, 0, 8, 2, 5, 2, 8, 3, 4, 1, 4


Decimal expansion of cube root of 49.
3, 6, 5, 9, 3, 0, 5, 7, 1, 0, 0, 2, 2, 9, 7, 1, 5, 1, 7, 2, 3, 8, 0, 7, 3, 3, 1, 0, 1, 1, 9, 4, 0, 8, 2, 6, 3, 4, 8, 7, 1, 0, 3, 6, 6, 8, 8, 4, 3, 3, 2, 4, 0, 3, 3, 1, 7, 8, 6, 3, 6, 4, 6, 7, 0, 1, 2, 0, 6, 3, 7, 5, 6, 5, 9, 4, 6, 8, 7, 1, 2, 3, 0, 9, 3, 6, 4, 3, 8, 5, 0, 7, 8, 5, 3, 7, 4, 5, 8


Decimal expansion of cube root of 50.
3, 6, 8, 4, 0, 3, 1, 4, 9, 8, 6, 4, 0, 3, 8, 6, 6, 0, 5, 7, 7, 9, 8, 2, 2, 8, 3, 3, 5, 7, 9, 8, 0, 7, 2, 2, 1, 9, 1, 7, 2, 5, 8, 1, 1, 7, 4, 3, 8, 1, 8, 2, 6, 6, 9, 2, 5, 6, 4, 6, 1, 4, 9, 4, 5, 7, 7, 2, 3, 5, 9, 7, 5, 5, 0, 8, 7, 7, 7, 0, 4, 2, 7, 8, 1, 5, 0, 5, 4, 8, 4, 8, 6, 5, 6, 0, 1, 9, 7


Decimal expansion of cube root of 51.
3, 7, 0, 8, 4, 2, 9, 7, 6, 9, 2, 6, 6, 1, 8, 9, 4, 7, 2, 6, 3, 8, 8, 1, 3, 5, 1, 9, 8, 8, 8, 7, 3, 7, 4, 2, 0, 5, 5, 5, 8, 8, 5, 7, 7, 7, 3, 3, 4, 4, 7, 6, 1, 6, 4, 7, 5, 1, 3, 1, 4, 1, 4, 5, 1, 9, 1, 2, 0, 9, 6, 8, 6, 3, 3, 4, 7, 1, 3, 8, 0, 1, 3, 9, 0, 2, 9, 6, 3, 9, 1, 9, 6, 8, 5, 8, 4, 0, 4


Decimal expansion of cube root of 52.
3, 7, 3, 2, 5, 1, 1, 1, 5, 6, 8, 1, 7, 2, 4, 8, 2, 4, 2, 9, 6, 5, 1, 5, 0, 6, 0, 7, 3, 5, 6, 5, 4, 1, 0, 7, 8, 7, 0, 1, 1, 2, 5, 4, 3, 3, 8, 0, 8, 2, 9, 0, 8, 0, 9, 9, 0, 7, 6, 9, 9, 5, 8, 5, 8, 5, 3, 5, 2, 4, 6, 2, 2, 3, 9, 1, 1, 0, 2, 4, 1, 7, 3, 9, 6, 9, 7, 6, 3, 1, 8, 4, 4, 8, 1, 7, 8, 8, 7


Decimal expansion of cube root of 53.
3, 7, 5, 6, 2, 8, 5, 7, 5, 4, 2, 2, 1, 0, 7, 2, 0, 0, 6, 6, 1, 2, 1, 0, 9, 6, 3, 2, 0, 5, 9, 3, 1, 9, 5, 1, 9, 0, 9, 4, 6, 7, 9, 1, 4, 8, 0, 6, 2, 8, 9, 7, 0, 2, 4, 5, 5, 0, 9, 3, 8, 4, 4, 2, 2, 5, 8, 2, 3, 9, 7, 9, 7, 3, 3, 1, 5, 3, 3, 2, 7, 0, 1, 1, 7, 8, 2, 7, 3, 6, 5, 8, 9, 1, 0, 8, 5, 2, 5


Decimal expansion of cube root of 54.
3, 7, 7, 9, 7, 6, 3, 1, 4, 9, 6, 8, 4, 6, 1, 9, 4, 9, 4, 3, 0, 1, 6, 3, 1, 8, 2, 1, 8, 3, 4, 6, 8, 5, 0, 5, 1, 7, 1, 0, 7, 5, 4, 3, 9, 4, 1, 0, 4, 5, 2, 3, 9, 4, 0, 2, 4, 5, 9, 2, 5, 3, 3, 6, 4, 6, 5, 8, 9, 9, 0, 2, 9, 5, 4, 1, 8, 7, 8, 4, 5, 1, 1, 8, 8, 1, 8, 9, 6, 8, 7, 3, 0, 8, 7, 6, 5, 2, 8


Decimal expansion of cube root of 55.
3, 8, 0, 2, 9, 5, 2, 4, 6, 0, 7, 6, 1, 3, 9, 1, 6, 1, 8, 5, 4, 6, 7, 3, 5, 4, 7, 3, 8, 4, 8, 7, 1, 5, 1, 9, 7, 2, 8, 8, 7, 1, 5, 5, 9, 4, 9, 1, 1, 3, 5, 4, 9, 6, 9, 4, 5, 9, 9, 4, 9, 7, 3, 0, 3, 9, 1, 6, 0, 1, 3, 2, 5, 4, 0, 7, 6, 7, 1, 6, 5, 6, 7, 8, 5, 9, 9, 6, 4, 6, 3, 5, 5, 4, 1, 0, 0, 3, 7


Decimal expansion of cube root of 56.
3, 8, 2, 5, 8, 6, 2, 3, 6, 5, 5, 4, 4, 7, 7, 8, 2, 0, 2, 3, 9, 8, 2, 3, 3, 6, 7, 9, 0, 9, 7, 5, 2, 0, 5, 6, 5, 7, 2, 4, 8, 7, 8, 1, 0, 0, 6, 9, 1, 7, 5, 1, 5, 3, 2, 4, 2, 1, 2, 9, 5, 2, 8, 0, 8, 9, 4, 4, 6, 8, 5, 5, 2, 3, 5, 8, 4, 6, 1, 5, 1, 2, 0, 1, 5, 0, 5, 0, 8, 8, 2, 9, 5, 4, 5, 7, 1, 4, 1


Decimal expansion of cube root of 57.
3, 8, 4, 8, 5, 0, 1, 1, 3, 1, 2, 7, 6, 8, 0, 5, 0, 6, 8, 7, 0, 2, 2, 9, 0, 2, 5, 9, 5, 2, 5, 0, 2, 5, 3, 1, 7, 1, 2, 8, 4, 0, 5, 5, 2, 2, 7, 7, 5, 4, 6, 1, 2, 1, 0, 6, 2, 6, 7, 9, 7, 7, 2, 0, 1, 3, 6, 7, 6, 8, 9, 1, 8, 2, 7, 6, 9, 2, 3, 4, 5, 6, 9, 6, 9, 9


