q-factorial numbers for q=3.
1, 4, 52, 2080, 251680, 91611520, 100131391360, 328430963660800, 3232089113385932800, 95424198983606279987200, 8452007576574959037306265600, 2245867453247498115393020895232000, 1790317944898228845164815929864036352000


q-factorial numbers for q=4.
1, 5, 105, 8925, 3043425, 4154275125, 22686496457625, 495586515116818125, 43304845277422684580625, 15136126045591163828042953125, 21161832960467051739150680807015625


Inverse of 994th cyclotomic polynomial.
1, -1, 1, -1, 1, -1, 1, 0, 0, 0, 0, 0, 0, 0, 0, 0, 0, 0, 0, 0, 0, 0, 0, 0, 0, 0, 0, 0, 0, 0, 0, 0, 0, 0, 0, 0, 0, 0, 0, 0, 0, 0, 0, 0, 0, 0, 0, 0, 0, 0, 0, 0, 0, 0, 0, 0, 0, 0, 0, 0, 0, 0, 0, 0, 0, 0, 0, 0, 0, 0, 0, 1, -1, 1, -1, 1, -1, 1, 0, 0, 0


q-factorial numbers for q=5.
1, 6, 186, 29016, 22661496, 88515803376, 1728802155736656, 168827903320618878336, 82435457461295106532780416, 201258420458750640859769304304896, 2456767777551003294245070550498298923776


q-factorial numbers for q=6.
1, 7, 301, 77959, 121226245, 1131162092095, 63330372050122765, 21274128570193389587095, 42878835824239014254983869205, 518543838148941095553869851505328175, 37625235473766496167083515195884075739704925


q-factorial numbers for q=7.
1, 8, 456, 182400, 510902400, 10017774259200, 1375009641495014400, 1321109263548409835520000, 8885253784030448738183147520000, 418310711031156574478261944188764160000, 137856159231156714984163673320892478249861120000


q-factorial numbers for q=8.
1, 9, 657, 384345, 1799118945, 67375205371305, 20185139902805378865, 48378633136349277767794425, 927610024989668734297857360967425, 142287668466497494704440569679875994730825


q-factorial numbers for q=9.
1, 10, 910, 746200, 5507702200, 365876657146000, 218747042884536166000, 1177042838234827583459440000, 57001313848230245122464621625840000, 24843911488189148287648216529610193612000000


q-factorial numbers for q=10.
1, 11, 1221, 1356531, 15072415941, 1674711207620451, 1860790044610366931061, 20675444733360738721748118771, 2297271634742810443154153338805764581, 2552524038347870310755413660544832496799359491, 28361378203581611893021499527080870668821235178133404501


Inverse of 1001st cyclotomic polynomial.
1, -1, 0, 0, 0, 0, 0, 1, -1, 0, 0, 1, -1, 1, 0, -1, 0, 0, 1, -1, 1, 0, 0, -1, 1, 0, 0, 0, 0, 0, -1, 1, 0, 1, -1, 1, -1, 0, 0, 1, 0, -1, 1, -1, 1, -1, 2, -1, 0, 0, 0, 0, 0, 1, -1, 1, -1, 1, -1, 1, 0, 0, 0, 0, 0, 0, 1, -1, 1, -1, 1, -1, 1, 0, 0, 0, 0, 0, 0, 1, -1


q-factorial numbers for q=11.
1, 12, 1596, 2336544, 37630041120, 6666387564654720, 12990902775831251994240, 278471536921607824648305285120, 65662131721505488121539650946349537280, 170310659060181679663863033233125976844488908800, 4859161865915056755501262525796512204608930674134393036800


Inverse of 1003rd cyclotomic polynomial.
1, 1, 1, 1, 1, 1, 1, 1, 1, 1, 1, 1, 1, 1, 1, 1, 1, 0, 0, 0, 0, 0, 0, 0, 0, 0, 0, 0, 0, 0, 0, 0, 0, 0, 0, 0, 0, 0, 0, 0, 0, 0, 0, 0, 0, 0, 0, 0, 0, 0, 0, 0, 0, 0, 0, 0, 0, 0, 0, -1, -1, -1, -1, -1, -1, -1, -1, -1, -1, -1, -1, -1, -1, -1, -1, -1, 0, 0, 0


q-factorial numbers for q=-2.
1, -1, -3, 15, 165, -3465, -148995, 12664575, 2165642325, -738484032825, -504384594419475, 688484971382583375, 1880252456845835197125, -10268058666835106011499625, -112158004817839862963610403875


Inverse of 1005th cyclotomic polynomial.
1, -1, 0, 1, -1, 1, 0, -1, 1, 0, 0, 0, 0, 0, 0, 0, 0, 0, 0, 0, 0, 0, 0, 0, 0, 0, 0, 0, 0, 0, 0, 0, 0, 0, 0, 0, 0, 0, 0, 0, 0, 0, 0, 0, 0, 0, 0, 0, 0, 0, 0, 0, 0, 0, 0, 0, 0, 0, 0, 0, 0, 0, 0, 0, 0, 0, 0, 1, -1, 0, 1, -1, 1, 0, -1, 1, 0, 0, 0, 0, 0


q-factorial numbers for q=-3.
1, -2, -14, 280, 17080, -3108560, -1700382320, 2788627004800, 13722833490620800, -202576467988544249600, -8971504037808659182035200, 1191954026463258458925196672000, 475090227821752019816863814722432000


Inverse of 1007th cyclotomic polynomial.
1, 1, 1, 1, 1, 1, 1, 1, 1, 1, 1, 1, 1, 1, 1, 1, 1, 1, 1, 0, 0, 0, 0, 0, 0, 0, 0, 0, 0, 0, 0, 0, 0, 0, 0, 0, 0, 0, 0, 0, 0, 0, 0, 0, 0, 0, 0, 0, 0, 0, 0, 0, 0, -1, -1, -1, -1, -1, -1, -1, -1, -1, -1, -1, -1, -1, -1, -1, -1, -1, -1, -1, 0, 0, 0, 0, 0, 0, 0


q-factorial numbers for q=-4.
1, -3, -39, 1989, 407745, -333943155, -1094331718935, 14343405840081045, 752010424789609108305, -157707866234752874148183075, -132294978377551030760819002477575, 443908259132104963309174796130361690725


q-factorial numbers for q=-5.
1, -4, -84, 8736, 4551456, -11851991424, -154324780331904, 10047160498728278016, 3270561732706527788046336, -5323179358400075453935368658944, -43320145405426340445710562789228109824, 1762701221841919957075369153792221868461981696


q-factorial numbers for q=-6.
1, -5, -155, 28675, 31857925, -212333070125, -8491411807368875, 2037471806119124711875, 2933289072587326393069793125, -25337824341236140066496699758578125, -1313212585969062194023540996089250607796875


q-factorial numbers for q=-7.
1, -6, -258, 77400, 162617400, -2391451484400, -246183190158589200, 177399606828279377520000, 894839274162813664365761520000, -31596243236160097777438406008857120000


Inverse of 1012th cyclotomic polynomial.
1, 0, -1, 0, 1, 0, -1, 0, 1, 0, -1, 0, 1, 0, -1, 0, 1, 0, -1, 0, 1, 0, 0, 0, 0, 0, 0, 0, 0, 0, 0, 0, 0, 0, 0, 0, 0, 0, 0, 0, 0, 0, 0, 0, 0, 0, 1, 0, -1, 0, 1, 0, -1, 0, 1, 0, -1, 0, 1, 0, -1, 0, 1, 0, -1, 0, 1, 0, 0, 0, 0, 0, 0, 0, 0, 0, 0, 0, 0, 0, 0


q-factorial numbers for q=-8.
1, -7, -399, 181545, 661005345, -19253102683815, -4486300228074519855, 8363069275661695069900425, 124719129516554187174725699959425, -14879571721119777957252576955487113947975


q-factorial numbers for q=-9.
1, -8, -584, 383104, 2262229120, -120223904353280, -57502732780460764160, 247530403723531598578155520, 9589835030046843645163231485460480, -3343768718134086569119429099709242848051200


Inverse of 1015th cyclotomic polynomial.
1, -1, 0, 0, 0, 1, -1, 1, -1, 0, 1, -1, 1, -1, 1, 0, -1, 1, -1, 1, 0, 0, 0, -1, 1, 0, 0, 0, 0, 1, -1, 0, 0, 0, 1, -1, 1, -1, 0, 1, -1, 1, -1, 1, 0, -1, 1, -1, 1, 0, 0, 0, -1, 1, 0, 0, 0, 0, 1, -1, 0, 0, 0, 1, -1, 1, -1, 0, 1, -1, 1, -1, 1, 0, -1, 1, -1, 1, 0, 0, 0


q-factorial numbers for q=-10.
1, -9, -819, 744471, 6767985861, -615270826637649, -559337171058846967059, 5084883322413411422459366631, 462262120681663158624798004859942421, -420238291486760860506028808179511473194550689


q-factorial numbers for q=-11.
1, -10, -1110, 1354200, 18174718200, -2683133647866000, -4357223907912681246000, 77834136400782124140797040000, 15294068523753116384387488625702640000, -33057395763506647102922925284376653918412000000


q-factorial numbers for q=-12.
1, -11, -1463, 2333485, 44665236385, -10259202810507035, -28277368892180867021255, 935288538953861649874525071325, 371221802129246962654056875248358359825, -1768082733073463162105209099485375242162416580075


q-factorial numbers for q=-13.
1, -12, -1884, 3843360, 101929750560, -35142523960072320, -157510092662430660915840, 9177558663913662855639573043200, 6951672507594336724476921764731548211200


Inverse of 1020th cyclotomic polynomial.
1, 0, 1, 0, 0, 0, -1, 0, -1, 0, -1, 0, 0, 0, 1, 0, 1, 0, 0, 0, 0, 0, 0, 0, 0, 0, 0, 0, 0, 0, 0, 0, 0, 0, -1, 0, -1, 0, 0, 0, 1, 0, 1, 0, 1, 0, 0, 0, -1, 0, -1, 0, 0, 0, 0, 0, 0, 0, 0, 0, 0, 0, 0, 0, 0, 0, 0, 0, 1, 0, 1, 0, 0, 0, -1, 0, -1, 0, -1, 0, 0


q-Catalan numbers (binomial version) for q=2.
1, 1, 5, 93, 6477, 1733677, 1816333805, 7526310334829, 124031223014725741, 8152285307423733458541, 2140200604371078953284092525, 2245805993494514875022552272042605


Inverse of 1022nd cyclotomic polynomial.
1, -1, 1, -1, 1, -1, 1, 0, 0, 0, 0, 0, 0, 0, 0, 0, 0, 0, 0, 0, 0, 0, 0, 0, 0, 0, 0, 0, 0, 0, 0, 0, 0, 0, 0, 0, 0, 0, 0, 0, 0, 0, 0, 0, 0, 0, 0, 0, 0, 0, 0, 0, 0, 0, 0, 0, 0, 0, 0, 0, 0, 0, 0, 0, 0, 0, 0, 0, 0, 0, 0, 0, 0, 1, -1, 1, -1, 1, -1, 1, 0


Inverse of 1023rd cyclotomic polynomial.
1, -1, 0, 1, -1, 0, 1, -1, 0, 1, -1, 1, 0, -1, 1, 0, -1, 1, 0, -1, 1, 0, 0, 0, 0, 0, 0, 0, 0, 0, 0, 1, -1, 0, 1, -1, 0, 1, -1, 0, 1, -1, 1, 0, -1, 1, 0, -1, 1, 0, -1, 1, 0, 0, 0, 0, 0, 0, 0, 0, 0, 0, 1, -1, 0, 1, -1, 0, 1, -1, 0, 1, -1, 1, 0, -1, 1, 0, -1, 1, 0


q-Catalan numbers (binomial version) for q=3.
1, 1, 10, 847, 627382, 4138659802, 244829520301060, 130191700295480695111, 622829375926755523108996006, 26812578369717035183629988539429726, 10387976772168532331015929118843873280496300


q-Catalan numbers (binomial version) for q=4.
1, 1, 17, 4433, 18245201, 1197172898385, 1255709588423576145, 21068918017101222558779985, 5655752483351603939678821837720145, 24291387778773301588924456932322615789898321


q-Catalan numbers (binomial version) for q=5.
1, 1, 26, 16401, 256754526, 100333200992026, 979891646733527648276, 239235033472903543542533976401, 1460179250460591912887733380834635929526


Inverse of 1027th cyclotomic polynomial.
1, 1, 1, 1, 1, 1, 1, 1, 1, 1, 1, 1, 1, 0, 0, 0, 0, 0, 0, 0, 0, 0, 0, 0, 0, 0, 0, 0, 0, 0, 0, 0, 0, 0, 0, 0, 0, 0, 0, 0, 0, 0, 0, 0, 0, 0, 0, 0, 0, 0, 0, 0, 0, 0, 0, 0, 0, 0, 0, 0, 0, 0, 0, 0, 0, 0, 0, 0, 0, 0, 0, 0, 0, 0, 0, 0, 0, 0, 0, -1, -1


q-Catalan numbers (binomial version) for q=6.
1, 1, 37, 48205, 2251069309, 3781498934895517, 228658497157753687896157, 497741851942315778953758074621149, 39005151256058786340132305925534793975511005


q-Catalan numbers (binomial version) for q=7.
1, 1, 50, 120443, 14176726502, 81731562414097002, 23087367704084630526165300, 319559330566264937870155968502833579, 216732554100846341408822827225378918525605881606


q-Catalan numbers (binomial version) for q=8.
1, 1, 65, 266817, 69963653697, 1173835620696269377, 1260401809332973746871411265, 86614199277767115453624156235708310081, 380933302489206359659857650468008737411766944866881


q-Catalan numbers (binomial version) for q=9.
1, 1, 82, 538813, 286395753646, 12328630051958712010, 42987364825231475446819490020, 12140904342526064511968354988982391829685


q-Catalan numbers (binomial version) for q=10.
1, 1, 101, 1011101, 1011212121101, 101122324343423221101, 1011224355769798979675534221101, 1011224467004378104253524007733996644221101


q-Catalan numbers (binomial version) for q=11.
1, 1, 122, 1787655, 3167175688854, 678916835046916685242, 17609365062977481891291808896932, 55265734103510888653163896029554175314160719


Inverse of 1034th cyclotomic polynomial.
1, -1, 1, -1, 1, -1, 1, -1, 1, -1, 1, 0, 0, 0, 0, 0, 0, 0, 0, 0, 0, 0, 0, 0, 0, 0, 0, 0, 0, 0, 0, 0, 0, 0, 0, 0, 0, 0, 0, 0, 0, 0, 0, 0, 0, 0, 0, 1, -1, 1, -1, 1, -1, 1, -1, 1, -1, 1, 0, 0, 0, 0, 0, 0, 0, 0, 0, 0, 0, 0, 0, 0, 0, 0, 0, 0, 0, 0, 0, 0, 0


Inverse of 1035th cyclotomic polynomial.
1, 0, 0, -1, 0, 0, 0, 0, 0, 1, 0, 0, -1, 0, 0, 1, 0, 0, 0, 0, 0, -1, 0, 0, 1, 0, 0, 0, 0, 0, 0, 0, 0, 0, 0, 0, 0, 0, 0, 0, 0, 0, 0, 0, 0, 0, 0, 0, 0, 0, 0, 0, 0, 0, 0, 0, 0, 0, 0, 0, 0, 0, 0, 0, 0, 0, 0, 0, 0, 1, 0, 0, -1, 0, 0, 0, 0, 0, 1, 0, 0


Inverse of 1036th cyclotomic polynomial.
1, 0, -1, 0, 1, 0, -1, 0, 1, 0, -1, 0, 1, 0, 0, 0, 0, 0, 0, 0, 0, 0, 0, 0, 0, 0, 0, 0, 0, 0, 0, 0, 0, 0, 0, 0, 0, 0, 0, 0, 0, 0, 0, 0, 0, 0, 0, 0, 0, 0, 0, 0, 0, 0, 0, 0, 0, 0, 0, 0, 0, 0, 0, 0, 0, 0, 0, 0, 0, 0, 0, 0, 0, 0, 1, 0, -1, 0, 1, 0, -1


Inverse of 1037th cyclotomic polynomial.
1, 1, 1, 1, 1, 1, 1, 1, 1, 1, 1, 1, 1, 1, 1, 1, 1, 0, 0, 0, 0, 0, 0, 0, 0, 0, 0, 0, 0, 0, 0, 0, 0, 0, 0, 0, 0, 0, 0, 0, 0, 0, 0, 0, 0, 0, 0, 0, 0, 0, 0, 0, 0, 0, 0, 0, 0, 0, 0, 0, 0, -1, -1, -1, -1, -1, -1, -1, -1, -1, -1, -1, -1, -1, -1, -1, -1, -1, 0


Numbers n such that S(n) = S(n-1) + S(n-2) where S is the Kempner function <a href="/A002034" title="Kempner numbers: smallest positive integer m such that n divides m!.">A002034</a>.
3, 11, 121, 4902, 26245, 32112, 64010, 368140, 415664, 2091206, 2519648, 4573053, 7783364, 79269727, 136193976, 321022289, 445810543, 559199345, 670994143, 836250239, 893950202, 937203749, 1041478032, 1148788154


Numbers n such that there are no primes between S(n) and S(n+1) inclusive where S is the Kempner function <a href="/A002034" title="Kempner numbers: smallest positive integer m such that n divides m!.">A002034</a>.
224, 2057, 265225, 843637, 6530355, 17161329, 24652435, 35558770, 40201975, 46297822, 67697937, 138852445, 157906534, 171531580, 299441785, 346603708, 551787925, 576453599, 576545462, 738839205, 1223918824, 1276553470, 1655870629, 1853717287, 1994004499


Let m = <a href="/A013929" title="Numbers that are not squarefree. Numbers that are divisible by a square greater than 1. The complement of A005117.">A013929</a>(n); then a(n) = smallest k such that m divides k^2.
2, 4, 3, 6, 4, 6, 10, 12, 5, 9, 14, 8, 6, 20, 22, 15, 12, 7, 10, 26, 18, 28, 30, 21, 8, 34, 12, 15, 38, 20, 9, 42, 44, 30, 46, 24, 14, 33, 10, 52, 18, 28, 58, 39, 60, 11, 62, 25, 42, 16, 66, 45, 68, 70, 12, 21, 74, 30, 76, 51, 78, 40, 18, 82, 84, 13, 57, 86


Let m = <a href="/A013929" title="Numbers that are not squarefree. Numbers that are divisible by a square greater than 1. The complement of A005117.">A013929</a>(n); then a(n) = smallest k such that m divides k^3.
2, 2, 3, 6, 4, 6, 10, 6, 5, 3, 14, 4, 6, 10, 22, 15, 12, 7, 10, 26, 6, 14, 30, 21, 4, 34, 6, 15, 38, 20, 9, 42, 22, 30, 46, 12, 14, 33, 10, 26, 6, 28, 58, 39, 30, 11, 62, 5, 42, 8, 66, 15, 34, 70, 12, 21, 74, 30, 38, 51, 78, 20, 18, 82, 42, 13, 57, 86


Let m = <a href="/A013929" title="Numbers that are not squarefree. Numbers that are divisible by a square greater than 1. The complement of A005117.">A013929</a>(n); then a(n) = smallest k such that m divides k^4.
2, 2, 3, 6, 2, 6, 10, 6, 5, 3, 14, 4, 6, 10, 22, 15, 6, 7, 10, 26, 6, 14, 30, 21, 4, 34, 6, 15, 38, 10, 3, 42, 22, 30, 46, 12, 14, 33, 10, 26, 6, 14, 58, 39, 30, 11, 62, 5, 42, 4, 66, 15, 34, 70, 6, 21, 74, 30, 38, 51, 78, 20, 6, 82, 42, 13, 57, 86


Smallest positive integer for which n divides a(n)^5.
1, 2, 3, 2, 5, 6, 7, 2, 3, 10, 11, 6, 13, 14, 15, 2, 17, 6, 19, 10, 21, 22, 23, 6, 5, 26, 3, 14, 29, 30, 31, 2, 33, 34, 35, 6, 37, 38, 39, 10, 41, 42, 43, 22, 15, 46, 47, 6, 7, 10, 51, 26, 53, 6, 55, 14, 57, 58, 59, 30, 61, 62, 21, 4, 65, 66, 67, 34, 69, 70, 71, 6, 73, 74, 15, 38, 77, 78


Smallest positive integer for which n divides a(n)^6.
1, 2, 3, 2, 5, 6, 7, 2, 3, 10, 11, 6, 13, 14, 15, 2, 17, 6, 19, 10, 21, 22, 23, 6, 5, 26, 3, 14, 29, 30, 31, 2, 33, 34, 35, 6, 37, 38, 39, 10, 41, 42, 43, 22, 15, 46, 47, 6, 7, 10, 51, 26, 53, 6, 55, 14, 57, 58, 59, 30, 61, 62, 21, 2, 65, 66, 67, 34, 69, 70, 71, 6, 73, 74, 15, 38, 77, 78


Inverse of 1045th cyclotomic polynomial.
1, -1, 0, 0, 0, 1, -1, 0, 0, 0, 1, 0, -1, 0, 0, 1, 0, -1, 0, 1, 0, 0, 0, -1, 1, 0, 0, 0, -1, 1, 1, -1, 0, 0, 0, 1, -1, 0, 1, -1, 1, 0, -1, 1, 0, 0, 0, -1, 1, 1, -1, 0, 0, 0, 1, -1, 0, 1, -1, 1, 0, -1, 1, 0, 0, 0, -1, 1, 1, -1, 0, 0, 0, 1, -1, 0, 1, -1, 1, 0, -1


q-Catalan numbers (binomial version) for q=12.
1, 1, 145, 3008593, 8984079652177, 3863006623296221245777, 239187274872617784539568647160145, 2132617833186094044575170253829071294297506129


q-Catalan numbers (binomial version) for q=-2.
1, 1, 5, 77, 5117, 1291677, 1333581405, 5441592632541, 89331571319228381, 5848755670855706968541, 1533967407742898704050818525, 1608089383785066648192844419233245


q-Catalan numbers (binomial version) for q=-3.
1, 1, 10, 793, 583102, 3815415802, 225503698948660, 119805449249886397129, 573084012222813752884459126, 24668552204097304242240261360949726, 9557210465694593089306513607806406698372300


q-Catalan numbers (binomial version) for q=-4.
1, 1, 17, 4305, 17685969, 1158222948817, 1214707441621563857, 20378476519005090654009809, 5470368244500158631765129973873105, 23494985488623606981701685225398976313178577


Inverse of 1050th cyclotomic polynomial.
1, 0, 0, 0, 0, 1, 0, 0, 0, 0, 0, 0, 0, 0, 0, -1, 0, 0, 0, 0, -1, 0, 0, 0, 0, -1, 0, 0, 0, 0, 0, 0, 0, 0, 0, 0, 0, 0, 0, 0, 0, 0, 0, 0, 0, 0, 0, 0, 0, 0, 1, 0, 0, 0, 0, 1, 0, 0, 0, 0, 1, 0, 0, 0, 0, 0, 0, 0, 0, 0, 0, 0, 0, 0, 0, 0, 0, 0, 0, 0, 0


q-Catalan numbers (binomial version) for q=-5.
1, 1, 26, 16151, 252685526, 98680063948026, 963721858629894354276, 235281247773992038934697401151, 1436045713119204599875184429195350135526


q-Catalan numbers (binomial version) for q=-6.
1, 1, 37, 47773, 2230338061, 3745710394891885, 226492829959633927321645, 493024123850119464761454780231085, 38635442513535592967437553577069552272387245


q-Catalan numbers (binomial version) for q=-7.
1, 1, 50, 119757, 14094337902, 81246911474597002, 22950408766815313800875300, 317662868501471575977731478166067621, 215446318838899436153587239312460946873230930006


Inverse of 1054th cyclotomic polynomial.
1, -1, 1, -1, 1, -1, 1, -1, 1, -1, 1, -1, 1, -1, 1, -1, 1, 0, 0, 0, 0, 0, 0, 0, 0, 0, 0, 0, 0, 0, 0, 1, -1, 1, -1, 1, -1, 1, -1, 1, -1, 1, -1, 1, -1, 1, -1, 1, 0, 0, 0, 0, 0, 0, 0, 0, 0, 0, 0, 0, 0, 0, 0, 0, 0, 0, 0, 0, 0, 0, 0, 0, 0, 0, 0, 0, 0, 0, 0, 0, 0


Weight distribution of [50,21,12] code associated with Hoffman-Singleton and Higman-Sims graphs.
1, 0, 0, 0, 0, 0, 1050, 925, 21875, 68250, 169925, 333300, 453250, 453250, 333300, 169925, 68250, 21875, 925, 1050, 0, 0, 0, 0, 0, 1


Weight distribution of [50,29,8] code associated with Hoffman-Singleton and Higman-Sims graphs.
1, 0, 0, 0, 800, 8295, 114625, 920175, 4627875, 17257800, 45069885, 84369875, 116066125, 116066125, 84369875, 45069885, 17257800, 4627875, 920175, 114625, 8295, 800, 0, 0, 0, 1


Weight distribution of [50,22,7] code associated with Hoffman-Singleton and Higman-Sims graphs.
1, 0, 0, 0, 0, 0, 0, 50, 0, 0, 0, 0, 1050, 0, 925, 12700, 21875, 34300, 68250, 107800, 169925, 258000, 333300, 404250, 453250, 462952, 453250, 404250, 333300, 258000, 169925, 107800, 68250, 34300, 21875, 12700, 925, 0, 1050, 0, 0, 0, 0, 50, 0, 0, 0, 0, 0, 0, 1


Weight distribution of [50,28,8] code associated with Hoffman-Singleton and Higman-Sims graphs.
1, 0, 0, 0, 750, 7770, 52675, 449550, 2311575, 8624700, 22661835, 42102850, 57811425, 58254700, 42267025, 22408050, 8633100, 2316300, 470625, 61950, 525, 50, 0, 0, 0, 1


Weight distribution of [100,22,22] code associated with Hoffman-Singleton and Higman-Sims graphs.
1, 0, 0, 0, 0, 0, 0, 0, 0, 0, 0, 100, 0, 0, 0, 1100, 3850, 0, 4125, 38500, 92400, 193600, 347600, 485100, 600600, 660352, 600600, 485100, 347600, 193600, 92400, 38500, 4125, 0, 3850, 1100, 0, 0, 0, 100, 0, 0, 0, 0, 0, 0, 0, 0, 0, 0, 1


Weight distribution of [100,78,6] code associated with Hoffman-Singleton and Higman-Sims graphs.
1, 0, 0, 3850, 0, 8625540, 504741475, 21060732550, 641604305375, 14622264133400, 255578801503795, 3496197414021950, 38040184865580975, 333583288959605300, 2383620258950558925, 14005822677643540370, 68193674451079227050, 276907651030419444000, 942804612331379390725, 2703690041528811696900, 6554715235199646035290, 13474850115575617584200, 23545377618939915393150, 35033702002644035359900, 44444350668327576562750, 48108741996656177342352


Weight distribution of [100,22,32] code associated with Hoffman-Singleton and Higman-Sims graphs.
1, 0, 0, 0, 0, 0, 0, 0, 0, 0, 0, 0, 0, 0, 0, 0, 3850, 5600, 4125, 0, 92400, 387200, 347600, 0, 600600, 1311552, 600600, 0, 347600, 387200, 92400, 0, 4125, 5600, 3850, 0, 0, 0, 0, 0, 0, 0, 0, 0, 0, 0, 0, 0, 0, 0, 1


Weight distribution of [100,78,8] code associated with Hoffman-Singleton and Higman-Sims graphs.
1, 0, 0, 0, 137225, 7231840, 511741475, 20997046400, 642104180575, 14620696059200, 255580729090995, 3496191224323200, 38040223036760175, 333583215539666400, 2383620193904285325, 14005823013894187520, 68193674589734420650, 276907649362395385600, 942804613467381809925, 2703690046024936460800, 6554715226694274576090, 13474850114631510264000, 23545377636355278743550, 35033701987289528723200, 44444350658167367673150, 48108742023087188141952


q-Catalan numbers (binomial version) for q=-8.
1, 1, 65, 265793, 69690957377, 1169189032203853377, 1255411354557002675473292865, 86271175378590615960023796743819697729, 379424661671199524960693236715772257964919647837761


Inverse of 1064th cyclotomic polynomial.
1, 0, 0, 0, -1, 0, 0, 0, 1, 0, 0, 0, -1, 0, 0, 0, 1, 0, 0, 0, -1, 0, 0, 0, 1, 0, 0, 0, 0, 0, 0, 0, 0, 0, 0, 0, 0, 0, 0, 0, 0, 0, 0, 0, 0, 0, 0, 0, 0, 0, 0, 0, 0, 0, 0, 0, 0, 0, 0, 0, 0, 0, 0, 0, 0, 0, 0, 0, 0, 0, 0, 0, 0, 0, 0, 0, 1, 0, 0, 0, -1


Inverse of 1065th cyclotomic polynomial.
1, -1, 0, 1, -1, 1, 0, -1, 1, 0, 0, 0, 0, 0, 0, 0, 0, 0, 0, 0, 0, 0, 0, 0, 0, 0, 0, 0, 0, 0, 0, 0, 0, 0, 0, 0, 0, 0, 0, 0, 0, 0, 0, 0, 0, 0, 0, 0, 0, 0, 0, 0, 0, 0, 0, 0, 0, 0, 0, 0, 0, 0, 0, 0, 0, 0, 0, 0, 0, 0, 0, 1, -1, 0, 1, -1, 1, 0, -1, 1, 0


Inverse of 1066th cyclotomic polynomial.
1, -1, 1, -1, 1, -1, 1, -1, 1, -1, 1, -1, 1, 0, 0, 0, 0, 0, 0, 0, 0, 0, 0, 0, 0, 0, 0, 0, 0, 0, 0, 0, 0, 0, 0, 0, 0, 0, 0, 0, 0, 1, -1, 1, -1, 1, -1, 1, -1, 1, -1, 1, -1, 1, 0, 0, 0, 0, 0, 0, 0, 0, 0, 0, 0, 0, 0, 0, 0, 0, 0, 0, 0, 0, 0, 0, 0, 0, 0, 0, 0


Inverse of 1067th cyclotomic polynomial.
1, 1, 1, 1, 1, 1, 1, 1, 1, 1, 1, 0, 0, 0, 0, 0, 0, 0, 0, 0, 0, 0, 0, 0, 0, 0, 0, 0, 0, 0, 0, 0, 0, 0, 0, 0, 0, 0, 0, 0, 0, 0, 0, 0, 0, 0, 0, 0, 0, 0, 0, 0, 0, 0, 0, 0, 0, 0, 0, 0, 0, 0, 0, 0, 0, 0, 0, 0, 0, 0, 0, 0, 0, 0, 0, 0, 0, 0, 0, 0, 0


q-Catalan numbers (binomial version) for q=-9.
1, 1, 82, 537355, 285611227174, 12294441765937436842, 42868139471008987306371257332, 12107226510541735123474554479514562160539


q-Catalan numbers (binomial version) for q=-10.
1, 1, 101, 1009101, 1009191919101, 100918283737382819101, 1009183745648382838465473819101, 1009183654821945740211120375492184563819101


q-Catalan numbers (binomial version) for q=-11.
1, 1, 122, 1784993, 3162420494366, 677889092180295554010, 17582706239031734855147601736020, 55182061625844132594149408768243237640344385


Inverse of 1071st cyclotomic polynomial.
1, 0, 0, -1, 0, 0, 0, 0, 0, 1, 0, 0, -1, 0, 0, 0, 0, 0, 1, 0, 0, 0, 0, 0, -1, 0, 0, 1, 0, 0, 0, 0, 0, -1, 0, 0, 1, 0, 0, 0, 0, 0, 0, 0, 0, 0, 0, 0, 0, 0, 0, 1, 0, 0, -1, 0, 0, 0, 0, 0, 1, 0, 0, -1, 0, 0, 0, 0, 0, 1, 0, 0, 0, 0, 0, -1, 0, 0, 1, 0, 0


q-Catalan numbers (binomial version) for q=-12.
1, 1, 145, 3005137, 8973687926737, 3858507340534467277777, 238908677707677233665446162465745, 2130133713907575249526778398152908510009115601


Inverse of 1073rd cyclotomic polynomial.
1, 1, 1, 1, 1, 1, 1, 1, 1, 1, 1, 1, 1, 1, 1, 1, 1, 1, 1, 1, 1, 1, 1, 1, 1, 1, 1, 1, 1, 0, 0, 0, 0, 0, 0, 0, 0, -1, -1, -1, -1, -1, -1, -1, -1, -1, -1, -1, -1, -1, -1, -1, -1, -1, -1, -1, -1, -1, -1, -1, -1, -1, -1, -1, -1, -1, 0, 0


Carlitz-Riordan q-Catalan numbers (recurrence version) for q=2.
1, 1, 3, 17, 171, 3113, 106419, 7035649, 915028347, 236101213721, 121358941877763, 124515003203007345, 255256125633703622475, 1046039978882750301409545, 8571252355254982356001107795, 140448544236464264647066322058465, 4602498820363674769217316088142020635


Carlitz-Riordan q-Catalan numbers for q=3.
1, 1, 4, 43, 1252, 104098, 25511272, 18649337311, 40823535032644, 267924955577741566, 5274102955963545775864, 311441054994969341088610030, 55171471477692117486494217498280


Carlitz-Riordan q-Catalan numbers (recurrence version) for q=4.
1, 1, 5, 89, 5885, 1518897, 1558435125, 6386478643785, 104648850228298925, 6858476391221411106209, 1797922152786660462507074405, 1885261615172756172119161342909753


Carlitz-Riordan q-Catalan numbers (recurrence version) for q=5.
1, 1, 6, 161, 20466, 12833546, 40130703276, 627122621447281, 48995209411107768186, 19138851672289046707772366, 37380607950584029444762130426196


Inverse of 1078th cyclotomic polynomial.
1, 0, 0, 0, 0, 0, 0, -1, 0, 0, 0, 0, 0, 0, 1, 0, 0, 0, 0, 0, 0, -1, 0, 0, 0, 0, 0, 0, 1, 0, 0, 0, 0, 0, 0, -1, 0, 0, 0, 0, 0, 0, 1, 0, 0, 0, 0, 0, 0, 0, 0, 0, 0, 0, 0, 0, 0, 0, 0, 0, 0, 0, 0, 0, 0, 0, 0, 0, 0, 0, 0, 0, 0, 0, 0, 0, 0, 1, 0, 0, 0


Inverse of 1079th cyclotomic polynomial.
1, 1, 1, 1, 1, 1, 1, 1, 1, 1, 1, 1, 1, 0, 0, 0, 0, 0, 0, 0, 0, 0, 0, 0, 0, 0, 0, 0, 0, 0, 0, 0, 0, 0, 0, 0, 0, 0, 0, 0, 0, 0, 0, 0, 0, 0, 0, 0, 0, 0, 0, 0, 0, 0, 0, 0, 0, 0, 0, 0, 0, 0, 0, 0, 0, 0, 0, 0, 0, 0, 0, 0, 0, 0, 0, 0, 0, 0, 0, 0, 0


Carlitz-Riordan q-Catalan numbers (recurrence version) for q=6.
1, 1, 7, 265, 57799, 75025897, 583552122727, 27227375795690569, 7621977131953256556295, 12802009986716861649949951657, 129014790439200398432389878440405671


Inverse of 1081st cyclotomic polynomial.
1, 1, 1, 1, 1, 1, 1, 1, 1, 1, 1, 1, 1, 1, 1, 1, 1, 1, 1, 1, 1, 1, 1, 0, 0, 0, 0, 0, 0, 0, 0, 0, 0, 0, 0, 0, 0, 0, 0, 0, 0, 0, 0, 0, 0, 0, 0, -1, -1, -1, -1, -1, -1, -1, -1, -1, -1, -1, -1, -1, -1, -1, -1, -1, -1, -1, -1, -1, -1, -1, 0, 0, 0, 0, 0, 0, 0, 0, 0, 0


Carlitz-Riordan q-Catalan numbers (recurrence version) for q=7.
1, 1, 8, 407, 140456, 337520898, 5673390747984, 667480099386451779, 549699898523248769128232, 3168911624115201777713785471406, 127877020635106970108300418456422667248


Carlitz-Riordan q-Catalan numbers (recurrence version) for q=8.
1, 1, 9, 593, 304857, 1249312673, 40939981188777, 10732252327798007281, 22507185898866512901924729, 377607964391970470904956530918721, 50681683810611444451901001718927186370889


Carlitz-Riordan q-Catalan numbers (recurrence version) for q=9.
1, 1, 10, 829, 606070, 3977651242, 234884294434900, 124827614155955343925, 597046858511123656669455550, 25700910736350654917922270058287454, 9957059456624152426469878400757673046606860


Inverse of 1085th cyclotomic polynomial.
1, -1, 0, 0, 0, 1, -1, 1, -1, 0, 1, -1, 1, -1, 1, 0, -1, 1, -1, 1, 0, 0, 0, -1, 1, 0, 0, 0, 0, 0, 0, 1, -1, 0, 0, 0, 1, -1, 1, -1, 0, 1, -1, 1, -1, 1, 0, -1, 1, -1, 1, 0, 0, 0, -1, 1, 0, 0, 0, 0, 0, 0, 1, -1, 0, 0, 0, 1, -1, 1, -1, 0, 1, -1, 1, -1, 1, 0, -1, 1, -1


Carlitz-Riordan q-Catalan numbers (recurrence version) for q=10.
1, 1, 11, 1121, 1123331, 11235577641, 1123580257785051, 1123582505161487376561, 11235827298801257861061293171, 1123582752351801734250808539216885881


Carlitz-Riordan q-Catalan numbers (recurrence version) for q=11.
1, 1, 12, 1475, 1966284, 28792327202, 4637090716230072, 8214898341126993790759, 160085145151052208703206236460, 34315672899472590258644379240786601502


Carlitz-Riordan q-Catalan numbers (recurrence version) for q=-2.
1, 1, -1, -7, 47, 873, -26433, -1749159, 220526159, 56904690761, -29022490524961, -29777360924913095, 60924625361199230575, 249669263740090899509545, -2044791574538659983034398465, -33505955988983997787211823466215


Carlitz-Riordan q-Catalan numbers (recurrence version) for q=-3.
1, 1, -2, -23, 586, 48778, -11759396, -8596478231, 18783386191762, 123275424165263086, -2426183754235085042972, -143268577734839493464012630, 25379312219817753259837452498340


Carlitz-Riordan q-Catalan numbers (recurrence version) for q=-4.
1, 1, -3, -55, 3429, 885137, -904638963, -3707218743911, 60731665539301365, 3980231929565571675617, -1043385959026442521712292579, -1094071562179856506263860787078039


Carlitz-Riordan q-Catalan numbers (recurrence version) for q=-5.
1, 1, -4, -109, 13436, 8425506, -26312994024, -411193252871529, 32123650782112689116, 12548365338592689141400286, -24508500955561451477156078353144


Inverse of 1092nd cyclotomic polynomial.
1, 0, 1, 0, 0, 0, -1, 0, -1, 0, 0, 0, 1, 0, 0, 0, -1, 0, -1, 0, 0, 0, 1, 0, 1, 0, -1, 0, -1, 0, 0, 0, 1, 0, 1, 0, 0, 0, -1, 0, 0, 0, 1, 0, 1, 0, 0, 0, -1, 0, -1, 0, 1, 0, 1, 0, 0, 0, -1, 0, -1, 0, 0, 0, 1, 0, 0, 0, -1, 0, -1, 0, 0, 0, 1, 0, 1, 0, 0, 0, 0


Carlitz-Riordan q-Catalan numbers (recurrence version) for q=-6.
1, 1, -5, -191, 40915, 53110057, -412878084725, -19264066381851695, 5392667163887921078275, 9057620836725683164283293369, -91279931160615494871228103624209605


Carlitz-Riordan q-Catalan numbers (recurrence version) for q=-7.
1, 1, -6, -307, 104742, 251699498, -4229811552588, -497641562809372379, 409828230340907182689774, 2362579011761419853955236859806, -95338580221916838164306067991935130836


Inverse of 1095th cyclotomic polynomial.
1, -1, 0, 1, -1, 1, 0, -1, 1, 0, 0, 0, 0, 0, 0, 0, 0, 0, 0, 0, 0, 0, 0, 0, 0, 0, 0, 0, 0, 0, 0, 0, 0, 0, 0, 0, 0, 0, 0, 0, 0, 0, 0, 0, 0, 0, 0, 0, 0, 0, 0, 0, 0, 0, 0, 0, 0, 0, 0, 0, 0, 0, 0, 0, 0, 0, 0, 0, 0, 0, 0, 0, 0, 1, -1, 0, 1, -1, 1, 0, -1


Carlitz-Riordan q-Catalan numbers (recurrence version) for q=-8.
1, 1, -7, -463, 236201, 967959393, -31716161292711, -8314264834902720111, 17436260499054618815283977, 292531943497569504642889779448001, -39262972238604561849241166988994502971207


Carlitz-Riordan q-Catalan numbers (recurrence version) for q=-9.
1, 1, -8, -665, 483544, 3173511682, -187386353065808, -99585165693268026701, 476312561203989614441440600, 20503694883570579788445502041773422, -7943551457092331370323478258038812629918704


Carlitz-Riordan q-Catalan numbers (recurrence version) for q=-10.
1, 1, -9, -919, 917271, 9174563561, -917438025443049, -917439860513400673559, 9174396770273536422744011031, 917439695376166450708460281823359721, -917439693541287252616828116888122637934368489


Carlitz-Riordan q-Catalan numbers (recurrence version) for q=-11.
1, 1, -10, -1231, 1636130, 23957879562, -3858392581773300, -6835385537899011365535, 133202313157282627679850238250, 28553099061411464607955930776882965774


Triangle of Gaussian (or q-binomial) coefficients for q=-2.
1, 1, 1, 1, -1, 1, 1, 3, 3, 1, 1, -5, 15, -5, 1, 1, 11, 55, 55, 11, 1, 1, -21, 231, -385, 231, -21, 1, 1, 43, 903, 3311, 3311, 903, 43, 1, 1, -85, 3655, -25585, 56287, -25585, 3655, -85, 1, 1, 171, 14535, 208335, 875007, 875007, 208335, 14535, 171, 1, 1, -341, 58311


Triangle of q-binomial coefficients for q=-3.
1, 1, 1, 1, -2, 1, 1, 7, 7, 1, 1, -20, 70, -20, 1, 1, 61, 610, 610, 61, 1, 1, -182, 5551, -15860, 5551, -182, 1, 1, 547, 49777, 433771, 433771, 49777, 547, 1, 1, -1640, 448540, -11662040, 35569222, -11662040, 448540, -1640, 1, 1, 4921, 4035220, 315323620


Inverse of 1102nd cyclotomic polynomial.
1, -1, 1, -1, 1, -1, 1, -1, 1, -1, 1, -1, 1, -1, 1, -1, 1, -1, 1, 0, 0, 0, 0, 0, 0, 0, 0, 0, 0, 1, -1, 1, -1, 1, -1, 1, -1, 1, -1, 1, -1, 1, -1, 1, -1, 1, -1, 1, 0, 0, 0, 0, 0, 0, 0, 0, 0, 0, 0, 0, 0, 0, 0, 0, 0, 0, 0, 0, 0, 0, 0, 0, 0, 0, 0, 0, 0, 0, 0, 0, 0


Triangle of q-binomial coefficients for q=-4.
1, 1, 1, 1, -3, 1, 1, 13, 13, 1, 1, -51, 221, -51, 1, 1, 205, 3485, 3485, 205, 1, 1, -819, 55965, -219555, 55965, -819, 1, 1, 3277, 894621, 14107485, 14107485, 894621, 3277, 1, 1, -13107, 14317213, -901984419, 3625623645, -901984419, 14317213, -13107, 1, 1


Triangle of q-binomial coefficients for q=-5.
1, 1, 1, 1, -4, 1, 1, 21, 21, 1, 1, -104, 546, -104, 1, 1, 521, 13546, 13546, 521, 1, 1, -2604, 339171, -1679704, 339171, -2604, 1, 1, 13021, 8476671, 210302171, 210302171, 8476671, 13021, 1, 1, -65104, 211929796, -26279294704, 131649159046


Inverse of 1105th cyclotomic polynomial.
1, -1, 0, 0, 0, 1, -1, 0, 0, 0, 1, -1, 0, 1, -1, 1, -1, 1, 0, -1, 1, -1, 1, 0, -1, 1, 0, 0, 0, -1, 2, -1, 0, 0, 0, 1, -1, 0, 0, 1, 0, -1, 0, 1, 0, 0, -1, 1, 0, 0, 0, 0, 1, -1, 0, 0, 1, 0, -1, 0, 1, 0, 0, -1, 1, 0, 0, 0, 0, 1, -1, 0, 0, 1, 0, -1, 0, 1, 0, 0, -1


Inverse of 1106th cyclotomic polynomial.
1, -1, 1, -1, 1, -1, 1, 0, 0, 0, 0, 0, 0, 0, 0, 0, 0, 0, 0, 0, 0, 0, 0, 0, 0, 0, 0, 0, 0, 0, 0, 0, 0, 0, 0, 0, 0, 0, 0, 0, 0, 0, 0, 0, 0, 0, 0, 0, 0, 0, 0, 0, 0, 0, 0, 0, 0, 0, 0, 0, 0, 0, 0, 0, 0, 0, 0, 0, 0, 0, 0, 0, 0, 0, 0, 0, 0, 0, 0, 1, -1


Triangle of q-binomial coefficients for q=-6.
1, 1, 1, 1, -5, 1, 1, 31, 31, 1, 1, -185, 1147, -185, 1, 1, 1111, 41107, 41107, 1111, 1, 1, -6665, 1480963, -8838005, 1480963, -6665, 1, 1, 39991, 53308003, 1910490043, 1910490043, 53308003, 39991, 1, 1, -239945, 1919128099, -412612541285


Triangle of q-binomial coefficients for q=-7.
1, 1, 1, 1, -6, 1, 1, 43, 43, 1, 1, -300, 2150, -300, 1, 1, 2101, 105050, 105050, 2101, 1, 1, -14706, 5149551, -35927100, 5149551, -14706, 1, 1, 102943, 252313293, 12328144851, 12328144851, 252313293, 102943, 1, 1, -720600, 12363454300


Triangle of q-binomial coefficients for q=-8.
1, 1, 1, 1, -7, 1, 1, 57, 57, 1, 1, -455, 3705, -455, 1, 1, 3641, 236665, 236665, 3641, 1, 1, -29127, 15150201, -120935815, 15150201, -29127, 1, 1, 233017, 969583737, 61934287481, 61934287481, 969583737, 233017, 1, 1, -1864135, 62053592185


Inverse of 1110th cyclotomic polynomial.
1, 1, 0, -1, -1, -1, 0, 1, 1, 0, 0, 0, 0, 0, 0, 0, 0, 0, 0, 0, 0, 0, 0, 0, 0, 0, 0, 0, 0, 0, 0, 0, 0, 0, 0, 0, 0, -1, -1, 0, 1, 1, 1, 0, -1, -1, 0, 0, 0, 0, 0, 0, 0, 0, 0, 0, 0, 0, 0, 0, 0, 0, 0, 0, 0, 0, 0, 0, 0, 0, 0, 0, 0, 0, 1, 1, 0, -1, -1, -1, 0


Inverse of 1111th cyclotomic polynomial.
1, 1, 1, 1, 1, 1, 1, 1, 1, 1, 1, 0, 0, 0, 0, 0, 0, 0, 0, 0, 0, 0, 0, 0, 0, 0, 0, 0, 0, 0, 0, 0, 0, 0, 0, 0, 0, 0, 0, 0, 0, 0, 0, 0, 0, 0, 0, 0, 0, 0, 0, 0, 0, 0, 0, 0, 0, 0, 0, 0, 0, 0, 0, 0, 0, 0, 0, 0, 0, 0, 0, 0, 0, 0, 0, 0, 0, 0, 0, 0, 0


Triangle of q-binomial coefficients for q=-9.
1, 1, 1, 1, -8, 1, 1, 73, 73, 1, 1, -656, 5986, -656, 1, 1, 5905, 484210, 484210, 5905, 1, 1, -53144, 39226915, -352504880, 39226915, -53144, 1, 1, 478297, 3177326971, 257015284435, 257015284435, 3177326971, 478297, 1, 1, -4304672, 257363962948


Inverse of 1113th cyclotomic polynomial.
1, -1, 0, 1, -1, 0, 1, 0, -1, 1, 0, -1, 1, 0, 0, 0, 0, 0, 0, 0, 0, 0, 0, 0, 0, 0, 0, 0, 0, 0, 0, 0, 0, 0, 0, 0, 0, 0, 0, 0, 0, 0, 0, 0, 0, 0, 0, 0, 0, 0, 0, 0, 0, 1, -1, 0, 1, -1, 0, 1, 0, -1, 1, 0, -1, 1, 0, 0, 0, 0, 0, 0, 0, 0, 0, 0, 0, 0, 0, 0, 0


Triangle of q-binomial coefficients for q=-10.
1, 1, 1, 1, -9, 1, 1, 91, 91, 1, 1, -909, 9191, -909, 1, 1, 9091, 918191, 918191, 9091, 1, 1, -90909, 91828191, -917272809, 91828191, -90909, 1, 1, 909091, 9182728191, 917364637191, 917364637191, 9182728191, 909091, 1, 1, -9090909, 918273728191


Triangle of q-binomial coefficients for q=-11.
1, 1, 1, 1, -10, 1, 1, 111, 111, 1, 1, -1220, 13542, -1220, 1, 1, 13421, 1637362, 1637362, 13421, 1, 1, -147630, 198134223, -2177691460, 198134223, -147630, 1, 1, 1623931, 23974093353, 2898705467483, 2898705467483, 23974093353, 1623931, 1, 1


Triangle of q-binomial coefficients for q=-12.
1, 1, 1, 1, -11, 1, 1, 133, 133, 1, 1, -1595, 19285, -1595, 1, 1, 19141, 2775445, 2775445, 19141, 1, 1, -229691, 399683221, -4793193515, 399683221, -229691, 1, 1, 2756293, 57554154133, 8283038077141, 8283038077141, 57554154133, 2756293, 1, 1


Least k such that phi(k) = phi(n).
1, 1, 3, 3, 5, 3, 7, 5, 7, 5, 11, 5, 13, 7, 15, 15, 17, 7, 19, 15, 13, 11, 23, 15, 25, 13, 19, 13, 29, 15, 31, 17, 25, 17, 35, 13, 37, 19, 35, 17, 41, 13, 43, 25, 35, 23, 47, 17, 43, 25, 51, 35, 53, 19, 41, 35, 37, 29, 59, 17, 61, 31, 37, 51, 65, 25, 67, 51, 69, 35, 71, 35, 73


Inverse of 1118th cyclotomic polynomial.
1, -1, 1, -1, 1, -1, 1, -1, 1, -1, 1, -1, 1, 0, 0, 0, 0, 0, 0, 0, 0, 0, 0, 0, 0, 0, 0, 0, 0, 0, 0, 0, 0, 0, 0, 0, 0, 0, 0, 0, 0, 0, 0, 1, -1, 1, -1, 1, -1, 1, -1, 1, -1, 1, -1, 1, 0, 0, 0, 0, 0, 0, 0, 0, 0, 0, 0, 0, 0, 0, 0, 0, 0, 0, 0, 0, 0, 0, 0, 0, 0


Number of overpartitions of n: an overpartition of n is an ordered sequence of nonincreasing integers that sum to n, where the first occurrence of each integer may be overlined.
1, 2, 4, 8, 14, 24, 40, 64, 100, 154, 232, 344, 504, 728, 1040, 1472, 2062, 2864, 3948, 5400, 7336, 9904, 13288, 17728, 23528, 31066, 40824, 53408, 69568, 90248, 116624, 150144, 192612, 246256, 313808, 398640, 504886, 637592, 802936, 1008448


Triangle of (Gaussian) q-binomial coefficients for q=-13.
1, 1, 1, 1, -12, 1, 1, 157, 157, 1, 1, -2040, 26690, -2040, 1, 1, 26521, 4508570, 4508570, 26521, 1, 1, -344772, 761974851, -9900819720, 761974851, -344772, 1, 1, 4482037, 128773405047, 21752862899691, 21752862899691, 128773405047, 4482037, 1, 1


Inverse of 1121st cyclotomic polynomial.
1, 1, 1, 1, 1, 1, 1, 1, 1, 1, 1, 1, 1, 1, 1, 1, 1, 1, 1, 0, 0, 0, 0, 0, 0, 0, 0, 0, 0, 0, 0, 0, 0, 0, 0, 0, 0, 0, 0, 0, 0, 0, 0, 0, 0, 0, 0, 0, 0, 0, 0, 0, 0, 0, 0, 0, 0, 0, 0, -1, -1, -1, -1, -1, -1, -1, -1, -1, -1, -1, -1, -1, -1, -1, -1, -1, -1, -1


Inverse of 1122nd cyclotomic polynomial.
1, 1, 0, -1, -1, 0, 1, 1, 0, -1, -1, -1, 0, 1, 1, 0, -1, -2, -1, 1, 2, 1, 0, -1, -1, 0, 1, 1, 1, 0, -1, -1, 0, 1, 2, 1, -1, -2, -1, 0, 1, 1, 0, -1, -1, -1, 0, 1, 1, 0, -1, -1, 0, 1, 1, 0, 0, 0, 0, 0, 0, 0, 0, 0, 0, 0, 0, 0, 0, 0, 0, 0, 0, 0, 0, 0, 0, 0, 0, 0, 0


Triangle of (Gaussian) q-binomial coefficients for q=-14.
1, 1, 1, 1, -13, 1, 1, 183, 183, 1, 1, -2561, 36051, -2561, 1, 1, 35855, 7063435, 7063435, 35855, 1, 1, -501969, 1384469115, -19375002205, 1384469115, -501969, 1, 1, 7027567, 271355444571, 53166390519635, 53166390519635, 271355444571


Triangle of (Gaussian) q-binomial coefficients for q=-15.
1, 1, 1, 1, -14, 1, 1, 211, 211, 1, 1, -3164, 47686, -3164, 1, 1, 47461, 10726186, 10726186, 47461, 1, 1, -711914, 2413439311, -36190151564, 2413439311, -711914, 1, 1, 10678711, 543023133061, 122144174967811, 122144174967811, 543023133061


Consider Fibonacci-type sequences b(0)=X, b(1)=Y, b(k)=b(k-1)+b(k-2) mod n; all are periodic; sequence gives number of distinct periods.
1, 2, 2, 4, 3, 4, 4, 8, 5, 6, 14, 10, 7, 8, 12, 16, 9, 16, 22, 16, 29, 28, 12, 30, 13, 14, 14, 22, 63, 24, 34, 32, 39, 34, 30, 58, 19, 86, 32, 52, 43, 58, 22, 78, 39, 46, 70, 102, 25, 26, 42, 40, 27, 52, 160, 74, 63, 126, 62, 70, 63, 134, 104, 64, 57, 78, 34, 132, 101, 60, 74, 222


Consider Fibonacci-type sequences f(0)=X, f(1)=Y, f(k)=f(k-1)+f(k-2) mod n; all are periodic; sequence gives number of distinct period lengths.
1, 2, 2, 3, 3, 4, 2, 4, 3, 6, 3, 5, 2, 4, 5, 5, 2, 4, 3, 7, 3, 6, 2, 6, 4, 4, 4, 5, 3, 10, 3, 6, 5, 3, 5, 5, 2, 4, 4, 7, 2, 6, 2, 7, 7, 3, 2, 6, 3, 8, 4, 5, 2, 5, 5, 6, 5, 6, 3, 11, 2, 4, 5, 7, 5, 10, 2, 4, 3, 10, 3, 6, 2, 4, 7, 5, 5, 8, 3, 9, 5, 4, 2, 7, 5, 4, 5, 9, 2, 10, 4, 4, 5, 4, 7, 7, 2, 6, 7, 9, 3, 6, 2


Consider Fibonacci-type sequences b(0)=X, b(1)=Y, b(k)=b(k-1)+b(k-2) mod n; all are periodic; sequence gives minimal nontrivial period length.
1, 3, 8, 3, 4, 3, 16, 3, 8, 3, 5, 3, 28, 3, 4, 3, 36, 3, 9, 3, 8, 3, 48, 3, 4, 3, 8, 3, 7, 3, 15, 3, 5, 3, 4, 3, 76, 3, 8, 3, 40, 3, 88, 3, 4, 3, 32, 3, 16, 3, 8, 3, 108, 3, 4, 3, 8, 3, 29, 3, 60, 3, 8, 3, 4, 3, 136, 3, 8, 3, 35, 3, 148, 3, 4, 3, 5, 3, 39, 3, 8, 3, 168, 3, 4, 3, 7, 3, 44, 3, 16, 3, 8, 3


Consider Fibonacci-type sequences b(0)=X, b(1)=Y, b(k)=b(k-1)+b(k-2) mod n; all are periodic; sequence gives number of nontrivial periods of minimal length.
1, 1, 1, 1, 1, 1, 3, 1, 1, 1, 2, 1, 6, 1, 1, 1, 8, 1, 2, 1, 1, 1, 11, 1, 1, 1, 1, 1, 4, 1, 2, 1, 2, 1, 1, 1, 18, 1, 1, 1, 42, 1, 21, 1, 1, 1, 69, 1, 3, 1, 1, 1, 26, 1, 1, 1, 1, 1, 2, 1, 62, 1, 1, 1, 1, 1, 33, 1, 1, 1, 2, 1, 36, 1, 1, 1, 2, 1, 2, 1, 1, 1, 41, 1, 1, 1, 4, 1, 180, 1, 3, 1, 1, 1, 1, 1, 48, 1, 2, 1


Consider Fibonacci-type sequences b(0)=X, b(1)=Y, b(k)=b(k-1)+b(k-2) mod n; all are periodic; sequence gives number of maximal length periods.
1, 1, 1, 2, 1, 1, 3, 4, 3, 1, 11, 5, 6, 3, 4, 8, 8, 13, 19, 5, 27, 11, 11, 21, 5, 6, 9, 15, 58, 4, 31, 16, 24, 32, 12, 53, 18, 76, 24, 21, 42, 27, 21, 59, 12, 44, 69, 93, 21, 5, 32, 30, 26, 36, 145, 63, 40, 58, 59, 20, 62, 124, 72, 32, 24, 24, 33, 128, 99, 12, 71, 213, 36, 18, 20, 316


Triangle of (Gaussian) q-binomial coefficients for q=-16.
1, 1, 1, 1, -15, 1, 1, 241, 241, 1, 1, -3855, 61937, -3855, 1, 1, 61681, 15852017, 15852017, 61681, 1, 1, -986895, 4058178033, -64914009615, 4058178033, -986895, 1, 1, 15790321, 1038892589553, 265891841561073, 265891841561073


Inverse of 1131st cyclotomic polynomial.
1, -1, 0, 1, -1, 0, 1, -1, 0, 1, -1, 0, 1, 0, -1, 1, 0, -1, 1, 0, -1, 1, 0, -1, 1, 0, 0, 0, 0, 1, -1, 0, 1, -1, 0, 1, -1, 0, 1, -1, 0, 1, 0, -1, 1, 0, -1, 1, 0, -1, 1, 0, -1, 1, 0, 0, 0, 0, 1, -1, 0, 1, -1, 0, 1, -1, 0, 1, -1, 0, 1, 0, -1, 1, 0, -1, 1, 0, -1, 1, 0


Triangle of (Gaussian) q-binomial coefficients for q=-17.
1, 1, 1, 1, -16, 1, 1, 273, 273, 1, 1, -4640, 79170, -4640, 1, 1, 78881, 22875490, 22875490, 78881, 1, 1, -1340976, 6611095491, -112364406880, 6611095491, -1340976, 1, 1, 22796593, 1910605255923, 552052942096931, 552052942096931


Inverse of 1133rd cyclotomic polynomial.
1, 1, 1, 1, 1, 1, 1, 1, 1, 1, 1, 0, 0, 0, 0, 0, 0, 0, 0, 0, 0, 0, 0, 0, 0, 0, 0, 0, 0, 0, 0, 0, 0, 0, 0, 0, 0, 0, 0, 0, 0, 0, 0, 0, 0, 0, 0, 0, 0, 0, 0, 0, 0, 0, 0, 0, 0, 0, 0, 0, 0, 0, 0, 0, 0, 0, 0, 0, 0, 0, 0, 0, 0, 0, 0, 0, 0, 0, 0, 0, 0


Triangle of (Gaussian) q-binomial coefficients for q=-18.
1, 1, 1, 1, -17, 1, 1, 307, 307, 1, 1, -5525, 99775, -5525, 1, 1, 99451, 32321575, 32321575, 99451, 1, 1, -1790117, 10472289751, -188467103825, 10472289751, -1790117, 1, 1, 32222107, 3393020089207, 1099150621797151, 1099150621797151


Triangle of (Gaussian) q-binomial coefficients for q=-19.
1, 1, 1, 1, -18, 1, 1, 343, 343, 1, 1, -6516, 124166, -6516, 1, 1, 123805, 44817410, 44817410, 123805, 1, 1, -2352294, 16179208815, -307357797780, 16179208815, -2352294, 1, 1, 44693587, 5840692029921, 2108183314181835, 2108183314181835


Triangle of (Gaussian) q-binomial coefficients for q=-20.
1, 1, 1, 1, -19, 1, 1, 381, 381, 1, 1, -7619, 152781, -7619, 1, 1, 152381, 61104781, 61104781, 152381, 1, 1, -3047619, 24442064781, -488777143219, 24442064781, -3047619, 1, 1, 60952381, 9776822864781, 3910241587816781, 3910241587816781


Triangle of (Gaussian) q-binomial coefficients for q=-21.
1, 1, 1, 1, -20, 1, 1, 421, 421, 1, 1, -8840, 186082, -8840, 1, 1, 185641, 82053322, 82053322, 185641, 1, 1, -3898460, 36185700643, -759813761720, 36185700643, -3898460, 1, 1, 81867661, 15957890085103, 7036671432989563


Triangle of (Gaussian) q-binomial coefficients for q=-22.
1, 1, 1, 1, -21, 1, 1, 463, 463, 1, 1, -10185, 224555, -10185, 1, 1, 224071, 108674435, 108674435, 224071, 1, 1, -4929561, 52598650611, -1157056709445, 52598650611, -4929561, 1, 1, 108450343, 25457741966163, 12320392440820971


Inverse of 1139th cyclotomic polynomial.
1, 1, 1, 1, 1, 1, 1, 1, 1, 1, 1, 1, 1, 1, 1, 1, 1, 0, 0, 0, 0, 0, 0, 0, 0, 0, 0, 0, 0, 0, 0, 0, 0, 0, 0, 0, 0, 0, 0, 0, 0, 0, 0, 0, 0, 0, 0, 0, 0, 0, 0, 0, 0, 0, 0, 0, 0, 0, 0, 0, 0, 0, 0, 0, 0, 0, 0, -1, -1, -1, -1, -1, -1, -1, -1, -1, -1, -1, -1, -1, -1


Inverse of 1140th cyclotomic polynomial.
1, 0, 1, 0, 0, 0, -1, 0, -1, 0, -1, 0, 0, 0, 1, 0, 1, 0, 0, 0, 0, 0, 0, 0, 0, 0, 0, 0, 0, 0, 0, 0, 0, 0, 0, 0, 0, 0, -1, 0, -1, 0, 0, 0, 1, 0, 1, 0, 1, 0, 0, 0, -1, 0, -1, 0, 0, 0, 0, 0, 0, 0, 0, 0, 0, 0, 0, 0, 0, 0, 0, 0, 0, 0, 0, 0, 1, 0, 1, 0, 0


Triangle of (Gaussian) q-binomial coefficients for q=-23.
1, 1, 1, 1, -22, 1, 1, 507, 507, 1, 1, -11660, 268710, -11660, 1, 1, 268181, 142135930, 142135930, 268181, 1, 1, -6168162, 75190175151, -1729225724380, 75190175151, -6168162, 1, 1, 141867727, 39775596486717, 21039564578706611


Triangle of (Gaussian) q-binomial coefficients for q=-24.
1, 1, 1, 1, -23, 1, 1, 553, 553, 1, 1, -13271, 319081, -13271, 1, 1, 318505, 183777385, 183777385, 318505, 1, 1, -7644119, 105856092265, -2540354792855, 105856092265, -7644119, 1, 1, 183458857, 60973101500521, 35117970512519785


Sum of (Gaussian) q-binomial coefficients for q=-2.
1, 2, 1, 8, 7, 134, 37, 8516, 12259, 2196098, -1896671, 2242814912, 8371908703, 9201070882046, -50188906239587, 150640766448080444, 1945921801461187291, 9876134472777874272122, -235305539337366453248999


Inverse of 1144th cyclotomic polynomial.
1, 0, 0, 0, -1, 0, 0, 0, 1, 0, 0, 0, -1, 0, 0, 0, 1, 0, 0, 0, -1, 0, 0, 0, 1, 0, 0, 0, -1, 0, 0, 0, 1, 0, 0, 0, -1, 0, 0, 0, 1, 0, 0, 0, 0, 0, 0, 0, 0, 0, 0, 0, 1, 0, 0, 0, -1, 0, 0, 0, 1, 0, 0, 0, -1, 0, 0, 0, 1, 0, 0, 0, -1, 0, 0, 0, 1, 0, 0, 0, -1


Sum of (Gaussian) q-binomial coefficients for q=-3.
1, 2, 0, 16, 32, 1344, -5120, 968192, 13138944, 6377617408, -245871738880, 376093809229824, 44307874417573888, 199959909725932814336, -70241187753472205783040, 956261367126518476707463168


Sum of (Gaussian) q-binomial coefficients for q=-4.
1, 2, -1, 28, 121, 7382, -109261, 30010768, 1850263021, 1970456206922, -481096287226201, 2065208924598783748, 2021994980843488552801, 34652498137874270655807422, -135624483203827510877656066021


Inverse of 1147th cyclotomic polynomial.
1, 1, 1, 1, 1, 1, 1, 1, 1, 1, 1, 1, 1, 1, 1, 1, 1, 1, 1, 1, 1, 1, 1, 1, 1, 1, 1, 1, 1, 1, 1, 0, 0, 0, 0, 0, 0, -1, -1, -1, -1, -1, -1, -1, -1, -1, -1, -1, -1, -1, -1, -1, -1, -1, -1, -1, -1, -1, -1, -1, -1, -1, -1, -1, -1, -1


Inverse of 1148th cyclotomic polynomial.
1, 0, -1, 0, 1, 0, -1, 0, 1, 0, -1, 0, 1, 0, 0, 0, 0, 0, 0, 0, 0, 0, 0, 0, 0, 0, 0, 0, 0, 0, 0, 0, 0, 0, 0, 0, 0, 0, 0, 0, 0, 0, 0, 0, 0, 0, 0, 0, 0, 0, 0, 0, 0, 0, 0, 0, 0, 0, 0, 0, 0, 0, 0, 0, 0, 0, 0, 0, 0, 0, 0, 0, 0, 0, 0, 0, 0, 0, 0, 0, 0


Theta series of 17-dimensional lattice Q_17(6).
1, 0, 2040, 41956, 362406, 1933920, 7591792, 24124428


Theta series of 17-dimensional lattice Q_17(6)^{+2}.
1, 0, 0, 0, 0, 0, 0, 816, 2040, 0, 0, 20400, 41956, 0, 0, 236912, 362406


Theta series of 17-dimensional lattice Q_17(6)^{+3}.
1, 0, 0, 0, 0, 1020, 2040, 0, 34782, 41956, 0, 376992, 362406


Theta series of 17-dimensional lattice Q_17(6)^{+6}.
1, 0, 0, 0, 0, 0, 0, 0, 0, 0, 0, 0, 0, 0, 0, 0, 0, 240, 0, 0, 1020, 816, 0, 0, 2040, 0, 0, 0, 0, 17952, 0


Theta series of 17-dimensional lattice Q'_17(6).
1, 0, 1326, 31552, 240618, 1452480


Theta series of 17-dimensional lattice Q'_17(6)^{+2}.
1, 0, 0, 136, 1326, 8160, 31552, 88128, 240618, 658784, 1452480


Theta series of 17-dimensional lattice Q'_17(6)^{+3}.
1, 0, 0, 0, 102, 0, 1326, 9792, 0, 31552, 122196, 0, 240618


Theta series of 17-dimensional lattice Q'_17(6)^{+6}.
1, 0, 0, 0, 0, 0, 0, 0, 102, 136, 0, 1632, 1326, 0, 9792, 8160, 0, 36144, 31552


Inverse of 1157th cyclotomic polynomial.
1, 1, 1, 1, 1, 1, 1, 1, 1, 1, 1, 1, 1, 0, 0, 0, 0, 0, 0, 0, 0, 0, 0, 0, 0, 0, 0, 0, 0, 0, 0, 0, 0, 0, 0, 0, 0, 0, 0, 0, 0, 0, 0, 0, 0, 0, 0, 0, 0, 0, 0, 0, 0, 0, 0, 0, 0, 0, 0, 0, 0, 0, 0, 0, 0, 0, 0, 0, 0, 0, 0, 0, 0, 0, 0, 0, 0, 0, 0, 0, 0


Sum of (Gaussian) q-binomial coefficients for q=-5.
1, 2, -2, 44, 340, 28136, -1006568, 437583728, 79514299024, 171089734764320, -154959265326020384, 1670488101437425694912, 7569711508409229239910208, 407849146892525224567929125504, -9239554802939536369959859006659200


Inverse of 1159th cyclotomic polynomial.
1, 1, 1, 1, 1, 1, 1, 1, 1, 1, 1, 1, 1, 1, 1, 1, 1, 1, 1, 0, 0, 0, 0, 0, 0, 0, 0, 0, 0, 0, 0, 0, 0, 0, 0, 0, 0, 0, 0, 0, 0, 0, 0, 0, 0, 0, 0, 0, 0, 0, 0, 0, 0, 0, 0, 0, 0, 0, 0, 0, 0, -1, -1, -1, -1, -1, -1, -1, -1, -1, -1, -1, -1, -1, -1, -1, -1, -1


Sum of (Gaussian) q-binomial coefficients for q=-6.
1, 2, -3, 64, 779, 84438, -5889407, 3927676076, 1656518279511, 6600296688949762, -16680688702495266643, 399061333268551884767064, 6052502892664968398280203779, 868681765846316883728697065421998, -79048150954572853311144873191795246247


Sum of (Gaussian) q-binomial coefficients for q=-7.
1, 2, -4, 88, 1552, 214304, -25657408, 25161122176, 21180326658304, 145091197773521408, -854412416885602518016, 40982963248858736353073152, 1689534488240076764899484766208, 567260343703475322245495898410786816


Inverse of 1162nd cyclotomic polynomial.
1, -1, 1, -1, 1, -1, 1, 0, 0, 0, 0, 0, 0, 0, 0, 0, 0, 0, 0, 0, 0, 0, 0, 0, 0, 0, 0, 0, 0, 0, 0, 0, 0, 0, 0, 0, 0, 0, 0, 0, 0, 0, 0, 0, 0, 0, 0, 0, 0, 0, 0, 0, 0, 0, 0, 0, 0, 0, 0, 0, 0, 0, 0, 0, 0, 0, 0, 0, 0, 0, 0, 0, 0, 0, 0, 0, 0, 0, 0, 0, 0


Sum of (Gaussian) q-binomial coefficients for q=-8.
1, 2, -5, 116, 2797, 480614, -90693665, 125808208472, 190450108052689, 2111092262515670858, -25557558806111498581565, 2266716939357158770139731004, 219542291935127655798395905040053


Sum of (Gaussian) q-binomial coefficients for q=-9.
1, 2, -6, 148, 4676, 980232, -274157336, 520386179408, 1312327085726736, 22403542811017395232, -508377595506902032430176, 78115306822996588019507120448, 15953583859604206839297545233032256


Sum of (Gaussian) q-binomial coefficients for q=-10.
1, 2, -7, 184, 7375, 1854566, -733798243, 1853096548948, 7341689356896139, 185324336420417243330, -7341318715564987522409479, 1853228681381416966904537937712, 734135578021202833790446696598284903


Inverse of 1166th cyclotomic polynomial.
1, -1, 1, -1, 1, -1, 1, -1, 1, -1, 1, 0, 0, 0, 0, 0, 0, 0, 0, 0, 0, 0, 0, 0, 0, 0, 0, 0, 0, 0, 0, 0, 0, 0, 0, 0, 0, 0, 0, 0, 0, 0, 0, 0, 0, 0, 0, 0, 0, 0, 0, 0, 0, 1, -1, 1, -1, 1, -1, 1, -1, 1, -1, 1, 0, 0, 0, 0, 0, 0, 0, 0, 0, 0, 0, 0, 0, 0, 0, 0, 0


Sum of (Gaussian) q-binomial coefficients for q=-11.
1, 2, -8, 224, 11104, 3301568, -1781718272, 5845362369536, 34732341146745856, 1253074795410176571392, -81894537495135204112621568, 32501369235036890622758291800064, 23365532309472568981966918077606559744


Sum of (Gaussian) q-binomial coefficients for q=-12.
1, 2, -9, 268, 16097, 5589174, -3994286453, 16681189975136, 143155871655133749, 7172892651869295403018, -738638508197444971086627361, 444125129581255110369102906170292, 548815482754196320790032447578510162313, 3959865364571704158400109500272058863584565086


Sum of (Gaussian) q-binomial coefficients for q=-13.
1, 2, -10, 316, 22612, 9070184, -8377559560, 43763281573552, 525766973409879184, 35700104721503125675808, -5575424140185495445892279200, 4921551444873804590294004874254784


Inverse of 1170th cyclotomic polynomial.
1, 0, 0, 1, 0, 0, 0, 0, 0, -1, 0, 0, -1, 0, 0, -1, 0, 0, 0, 0, 0, 1, 0, 0, 1, 0, 0, 0, 0, 0, 0, 0, 0, 0, 0, 0, 0, 0, 0, -1, 0, 0, -1, 0, 0, 0, 0, 0, 1, 0, 0, 1, 0, 0, 1, 0, 0, 0, 0, 0, -1, 0, 0, -1, 0, 0, 0, 0, 0, 0, 0, 0, 0, 0, 0, 0, 0, 0, 1, 0, 0


Sum of (Gaussian) q-binomial coefficients for q=-14.
1, 2, -11, 368, 30931, 14198582, -16607067911, 106875505983548, 1750822987283505151, 157729203624081715477442, -36173520194110711820168534651, 45623834026724887990209962768504648


Sum of (Gaussian) q-binomial coefficients for q=-15.
1, 2, -12, 424, 41360, 21547296, -31364696768, 245374417559168, 5359443267044815104, 628878513018386722071040, -206033745813261327767100673024, 362642628119601346053904604076582912


Inverse of 1173rd cyclotomic polynomial.
1, -1, 0, 1, -1, 0, 1, -1, 0, 1, -1, 0, 1, -1, 0, 1, -1, 1, 0, -1, 1, 0, -1, 2, -1, -1, 2, -1, -1, 2, -1, -1, 2, -1, 0, 1, -1, 0, 1, -1, 1, 0, -1, 1, 0, -1, 2, -1, -1, 2, -1, -1, 2, -1, -1, 2, -1, 0, 1, -1, 0, 1, -1, 1, 0, -1, 1, 0, -1, 1, 0, -1, 1, 0, -1, 1, 0, -1, 1, 0, 0


Sum of (Gaussian) q-binomial coefficients for q=-16.
1, 2, -13, 484, 54229, 31827398, -56799627337, 533861499881896, 15248101644637051801, 2292948178255678956694922, -1047836980355690810689170063493


Sum of (Gaussian) q-binomial coefficients for q=-17.
1, 2, -14, 548, 69892, 45908744, -99144897848, 1107927140298896, 40685201771094371344, 7728712362321489784528928, -4824756225502025532265653215456


Sum of (Gaussian) q-binomial coefficients for q=-18.
1, 2, -15, 616, 88727, 64842054, -167526104555, 2205087348216932, 102567247433719984179, 24300180776276754627424258, -20345117815692779870091092223535


Inverse of 1177th cyclotomic polynomial.
1, 1, 1, 1, 1, 1, 1, 1, 1, 1, 1, 0, 0, 0, 0, 0, 0, 0, 0, 0, 0, 0, 0, 0, 0, 0, 0, 0, 0, 0, 0, 0, 0, 0, 0, 0, 0, 0, 0, 0, 0, 0, 0, 0, 0, 0, 0, 0, 0, 0, 0, 0, 0, 0, 0, 0, 0, 0, 0, 0, 0, 0, 0, 0, 0, 0, 0, 0, 0, 0, 0, 0, 0, 0, 0, 0, 0, 0, 0, 0, 0


Inverse of 1178th cyclotomic polynomial.
1, -1, 1, -1, 1, -1, 1, -1, 1, -1, 1, -1, 1, -1, 1, -1, 1, -1, 1, 0, 0, 0, 0, 0, 0, 0, 0, 0, 0, 0, 0, 1, -1, 1, -1, 1, -1, 1, -1, 1, -1, 1, -1, 1, -1, 1, -1, 1, -1, 1, 0, 0, 0, 0, 0, 0, 0, 0, 0, 0, 0, 0, 0, 0, 0, 0, 0, 0, 0, 0, 0, 0, 0, 0, 0, 0, 0, 0, 0, 0, 0


Sum of (Gaussian) q-binomial coefficients for q=-19.
1, 2, -16, 688, 111136, 89882432, -275004084736, 4228048101810688, 245826835826279382016, 71807813126925810352535552, -79325152089697863954203470053376, 440258301458598565100624737135157198848


Sum of (Gaussian) q-binomial coefficients for q=-20.
1, 2, -17, 764, 137545, 122514326, -439899108893, 7840036943267888, 563086539896825644669, 200706071912897689508021450, -288299907015593990815045809601769, 2055229599788057603302245120218872775012, 59043825067253137194943604004923346683555151793


Sum of (Gaussian) q-binomial coefficients for q=-21.
1, 2, -18, 844, 168404, 164477928, -687450157352, 14105258809884656, 1238186812120404030096, 533503696576292562518040352, -983466011800819442632186373851168, 8898776193390263176983910297292084624064


Sum of (Gaussian) q-binomial coefficients for q=-22.
1, 2, -19, 928, 204187, 217797014, -1051869267343, 24691700582474956, 2623787788594827068839, 1354983886103558712414827138, -3167615521223929914885937664998051, 35988261063301772968035157512367644041272


Sum of (Gaussian) q-binomial coefficients for q=-23.
1, 2, -20, 1016, 245392, 284808224, -1578857710400, 42158680634122112, 5375819228502202503424, 3301498570201414782959518208, -9682664507968948802598455253816320, 136769548174962732310329353951236926470144


Sum of (Gaussian) q-binomial coefficients for q=-24.
1, 2, -21, 1108, 292541, 368191782, -2328657896561, 70357887594958328, 10680463616952822186081, 7744687942631607006277071562, -28215713826988856526068441288465101, 491039343653190447669922115080524942235548


Inverse of 1185th cyclotomic polynomial.
1, -1, 0, 1, -1, 1, 0, -1, 1, 0, 0, 0, 0, 0, 0, 0, 0, 0, 0, 0, 0, 0, 0, 0, 0, 0, 0, 0, 0, 0, 0, 0, 0, 0, 0, 0, 0, 0, 0, 0, 0, 0, 0, 0, 0, 0, 0, 0, 0, 0, 0, 0, 0, 0, 0, 0, 0, 0, 0, 0, 0, 0, 0, 0, 0, 0, 0, 0, 0, 0, 0, 0, 0, 0, 0, 0, 0, 0, 0, 1, -1


Sum of Gaussian binomial coefficients for q=9.
1, 2, 12, 184, 9104, 1225248, 540023488, 652225844096, 2584219514040576, 28081351726592246272, 1001235747932175990213632, 97915621602690773814148184064, 31420034518763282871588038742544384, 27654326463468067495668136467306727743488


Sum of Gaussian binomial coefficients for q=10.
1, 2, 13, 224, 13435, 2266646, 1348019857, 2269339773068, 13484735901526279, 226960944509263279490, 13485189809930561625032701, 2269636415245291711513986785912, 1348523520252401463276762566348539123


Sum of Gaussian binomial coefficients for q=11.
1, 2, 14, 268, 19156, 3961832, 3092997464, 7024809092848, 60287817008722576, 1505950784990730735392, 142158530752430089391520224, 39060769254069395008311334483648, 40559566021977397260316290099710383936


Inverse of 1189th cyclotomic polynomial.
1, 1, 1, 1, 1, 1, 1, 1, 1, 1, 1, 1, 1, 1, 1, 1, 1, 1, 1, 1, 1, 1, 1, 1, 1, 1, 1, 1, 1, 0, 0, 0, 0, 0, 0, 0, 0, 0, 0, 0, 0, -1, -1, -1, -1, -1, -1, -1, -1, -1, -1, -1, -1, -1, -1, -1, -1, -1, -1, -1, -1, -1, -1, -1, -1, -1, -1, -1, -1, -1, 0, 0, 0, 0, 0, 0, 0, 0, 0, 0


Inverse of 1190th cyclotomic polynomial.
1, 1, 0, 0, 0, -1, -1, -1, -1, 0, 1, 1, 1, 1, 1, 0, -1, -2, -2, -1, 0, 0, 1, 2, 2, 1, 0, -1, -1, -1, -1, -1, 0, 1, 2, 2, 1, 0, 0, -1, -2, -2, -1, 0, 1, 1, 1, 1, 1, 0, -1, -2, -2, -1, 0, 0, 1, 2, 2, 1, 0, -1, -1, -1, -1, -1, 0, 1, 2, 2, 1, 0, 0, -1, -2, -2, -1, 0, 1, 1, 1


Sum of Gaussian binomial coefficients for q=12.
1, 2, 15, 316, 26537, 6605334, 6616438915, 19736647911152, 237118435525391709, 8486871559326397146058, 1223496018226895154470801975, 525487164444668938421129856286884, 909068834019126312744002601418684280593


Sum of Gaussian binomial coefficients for q=13.
1, 2, 16, 368, 35872, 10581824, 13340150272, 51103113038336, 837176839011073024, 41688053546681235027968, 8877924639652962346524196864, 5747069945873421832482391628398592, 15910676414562258056085140791577932300288


Sum of Gaussian binomial coefficients for q=14.
1, 2, 17, 424, 47479, 16382918, 25568064053, 123406890611236, 2695466010536330131, 182127929407665421482242, 55691513601536303088566483057, 52681462765152620683690039932420064, 225526519089520161699545888256255284739919


Sum of Gaussian binomial coefficients for q=15.
1, 2, 18, 484, 61700, 24625416, 46902626632, 280592659752848, 8014314610618754064, 719144325473017534005280, 308098615000966585021543006496, 414695472396278556489315958364507712, 2664978629760569684020787743089224873508928


Sum of Gaussian binomial coefficients for q=16.
1, 2, 19, 548, 78901, 36070982, 82805758039, 605336231791208, 22229212008282455161, 2599943776445794193452682, 1527585017328101696333407084699, 2858671468933430533899194300073611948, 26873565540839814480301520088779437828129981


Inverse of 1196th cyclotomic polynomial.
1, 0, -1, 0, 1, 0, -1, 0, 1, 0, -1, 0, 1, 0, -1, 0, 1, 0, -1, 0, 1, 0, -1, 0, 1, 0, 0, 0, 0, 0, 0, 0, 0, 0, 0, 0, 0, 0, 0, 0, 0, 0, 0, 0, 0, 0, 1, 0, -1, 0, 1, 0, -1, 0, 1, 0, -1, 0, 1, 0, -1, 0, 1, 0, -1, 0, 1, 0, -1, 0, 1, 0, 0, 0, 0, 0, 0, 0, 0, 0, 0


Inverse of 1197th cyclotomic polynomial.
1, 0, 0, -1, 0, 0, 0, 0, 0, 1, 0, 0, -1, 0, 0, 0, 0, 0, 1, 0, 0, 0, 0, 0, -1, 0, 0, 1, 0, 0, 0, 0, 0, -1, 0, 0, 1, 0, 0, 0, 0, 0, 0, 0, 0, 0, 0, 0, 0, 0, 0, 0, 0, 0, 0, 0, 0, 1, 0, 0, -1, 0, 0, 0, 0, 0, 1, 0, 0, -1, 0, 0, 0, 0, 0, 1, 0, 0, 0, 0, 0


Sum of Gaussian binomial coefficients for q=17.
1, 2, 20, 616, 99472, 51647264, 141339210560, 1246922025235072, 57999437806769246464, 8698341593509034791428608, 6878047564149771530513399567360, 17535817352622479067842954626850351104, 235723767989136531816996707739814303966793728


Inverse of 1199th cyclotomic polynomial.
1, 1, 1, 1, 1, 1, 1, 1, 1, 1, 1, 0, 0, 0, 0, 0, 0, 0, 0, 0, 0, 0, 0, 0, 0, 0, 0, 0, 0, 0, 0, 0, 0, 0, 0, 0, 0, 0, 0, 0, 0, 0, 0, 0, 0, 0, 0, 0, 0, 0, 0, 0, 0, 0, 0, 0, 0, 0, 0, 0, 0, 0, 0, 0, 0, 0, 0, 0, 0, 0, 0, 0, 0, 0, 0, 0, 0, 0, 0, 0, 0


Sum of Gaussian binomial coefficients for q=18.
1, 2, 21, 688, 123827, 72470454, 234124353817, 2465349491066876, 143340549850680842079, 27168340876252989570097858, 28432984085878392152571573148709, 97003727566351469067244149247119170952


Sum of Gaussian binomial coefficients for q=19.
1, 2, 22, 764, 152404, 99869288, 377566978168, 4699193672889776, 337505849373783995536, 79809726992391397235470112, 108909145140488785290568540059232, 489318942025571053898957586140666992064


Sum of Gaussian binomial coefficients for q=20.
1, 2, 23, 844, 185665, 135410486, 594398635307, 8667459765860128, 760847587518093084949, 221888491692526853220309770, 389554408585486196960076347534591, 2272138934040070259456673438099474759412


Sum of Gaussian binomial coefficients for q=21.
1, 2, 24, 928, 224096, 180925632, 915592324864, 15519120649837568, 1649093881865807133696, 586980815917441872922703872, 1309843539264798142345101012967424, 9790772765676733007363874643686313525248


Inverse of 1204th cyclotomic polynomial.
1, 0, -1, 0, 1, 0, -1, 0, 1, 0, -1, 0, 1, 0, 0, 0, 0, 0, 0, 0, 0, 0, 0, 0, 0, 0, 0, 0, 0, 0, 0, 0, 0, 0, 0, 0, 0, 0, 0, 0, 0, 0, 0, 0, 0, 0, 0, 0, 0, 0, 0, 0, 0, 0, 0, 0, 0, 0, 0, 0, 0, 0, 0, 0, 0, 0, 0, 0, 0, 0, 0, 0, 0, 0, 0, 0, 0, 0, 0, 0, 0


Sum of Gaussian binomial coefficients for q=22.
1, 2, 25, 1016, 268207, 238539494, 1382716988605, 27048350125366292, 3449045122716021610219, 1484308738900247467387102658, 4163928976044712815287479196411545, 39423133831682965670575172359334015725424


Sum of Gaussian binomial coefficients for q=23.
1, 2, 26, 1108, 318532, 310699784, 2050802289512, 45998820030427216, 6982715817685577376784, 3602226883731790235442134048, 12576944383710950724867108854566304, 149227717546908065915667125958905292219712


Inverse of 1207th cyclotomic polynomial.
1, 1, 1, 1, 1, 1, 1, 1, 1, 1, 1, 1, 1, 1, 1, 1, 1, 0, 0, 0, 0, 0, 0, 0, 0, 0, 0, 0, 0, 0, 0, 0, 0, 0, 0, 0, 0, 0, 0, 0, 0, 0, 0, 0, 0, 0, 0, 0, 0, 0, 0, 0, 0, 0, 0, 0, 0, 0, 0, 0, 0, 0, 0, 0, 0, 0, 0, 0, 0, 0, 0, -1, -1, -1, -1, -1, -1, -1, -1, -1, -1


Sum of Gaussian binomial coefficients for q=24.
1, 2, 27, 1204, 375629, 400208358, 2991792531583, 76486991418728216, 13721923923633091909041, 8419357054564884621321079882, 36250698926534384563556930107015907, 533815775315492783921121148190498865117564


Inverse of 1209th cyclotomic polynomial.
1, -1, 0, 1, -1, 0, 1, -1, 0, 1, -1, 0, 1, 0, -1, 1, 0, -1, 1, 0, -1, 1, 0, -1, 1, 0, 0, 0, 0, 0, 0, 1, -1, 0, 1, -1, 0, 1, -1, 0, 1, -1, 0, 1, 0, -1, 1, 0, -1, 1, 0, -1, 1, 0, -1, 1, 0, 0, 0, 0, 0, 0, 1, -1, 0, 1, -1, 0, 1, -1, 0, 1, -1, 0, 1, 0, -1, 1, 0, -1, 1


Odd tetrahedral numbers: a(n) = (4*n+1)*(4*n+2)*(4*n+3)/6.
1, 35, 165, 455, 969, 1771, 2925, 4495, 6545, 9139, 12341, 16215, 20825, 26235, 32509, 39711, 47905, 57155, 67525, 79079, 91881, 105995, 121485, 138415, 156849, 176851, 198485, 221815, 246905, 273819, 302621, 333375, 366145, 400995, 437989


Even tetrahedral numbers.
4, 10, 20, 56, 84, 120, 220, 286, 364, 560, 680, 816, 1140, 1330, 1540, 2024, 2300, 2600, 3276, 3654, 4060, 4960, 5456, 5984, 7140, 7770, 8436, 9880, 10660, 11480, 13244, 14190, 15180, 17296, 18424, 19600, 22100, 23426, 24804, 27720, 29260


Odd square pyramidal numbers.
1, 5, 55, 91, 285, 385, 819, 1015, 1785, 2109, 3311, 3795, 5525, 6201, 8555, 9455, 12529, 13685, 17575, 19019, 23821, 25585, 31395, 33511, 40425, 42925, 51039, 53955, 63365, 66729, 77531, 81375, 93665, 98021, 111895, 116795, 132349, 137825


Even square pyramidal numbers.
14, 30, 140, 204, 506, 650, 1240, 1496, 2470, 2870, 4324, 4900, 6930, 7714, 10416, 11440, 14910, 16206, 20540, 22140, 27434, 29370, 35720, 38024, 45526, 48230, 56980, 60116, 70210, 73810, 85344, 89440, 102510, 107134, 121836, 127020


Odd pentagonal pyramidal numbers.
1, 75, 405, 1183, 2601, 4851, 8125, 12615, 18513, 26011, 35301, 46575, 60025, 75843, 94221, 115351, 139425, 166635, 197173, 231231, 269001, 310675, 356445, 406503, 461041, 520251, 584325, 653455, 727833, 807651, 893101, 984375


Even pentagonal pyramidal numbers.
0, 6, 18, 40, 126, 196, 288, 550, 726, 936, 1470, 1800, 2176, 3078, 3610, 4200, 5566, 6348, 7200, 9126, 10206, 11368, 13950, 15376, 16896, 20230, 22050, 23976, 28158, 30420, 32800, 37926, 40678, 43560, 49726, 53016, 56448, 63750, 67626, 71656


Odd hexagonal pyramidal numbers.
1, 7, 95, 161, 525, 715, 1547, 1925, 3417, 4047, 6391, 7337, 10725, 12051, 16675, 18445, 24497, 26775, 34447, 37297, 46781, 50267, 61755, 65941, 79625, 84575, 100647, 106425, 125077, 131747, 153171, 160797, 185185, 193831, 221375, 231105


Even hexagonal pyramidal numbers.
22, 50, 252, 372, 946, 1222, 2360, 2856, 4750, 5530, 8372, 9500, 13482, 15022, 20336, 22352, 29190, 31746, 40300, 43460, 53922, 57750, 70312, 74872, 89726, 95082, 112420, 118636, 138650, 145790, 168672, 176800, 202742, 211922, 241116


Inverse of 1218th cyclotomic polynomial.
1, 1, 0, -1, -1, 0, 1, 0, -1, -1, 0, 1, 1, 0, 0, 0, 0, 0, 0, 0, 0, 0, 0, 0, 0, 0, 0, 0, 0, -1, -1, 0, 1, 1, 0, -1, 0, 1, 1, 0, -1, -1, 0, 0, 0, 0, 0, 0, 0, 0, 0, 0, 0, 0, 0, 0, 0, 0, 1, 1, 0, -1, -1, 0, 1, 0, -1, -1, 0, 1, 1, 0, 0, 0, 0, 0, 0, 0, 0, 0, 0


Inverse of 1219th cyclotomic polynomial.
1, 1, 1, 1, 1, 1, 1, 1, 1, 1, 1, 1, 1, 1, 1, 1, 1, 1, 1, 1, 1, 1, 1, 0, 0, 0, 0, 0, 0, 0, 0, 0, 0, 0, 0, 0, 0, 0, 0, 0, 0, 0, 0, 0, 0, 0, 0, 0, 0, 0, 0, 0, 0, -1, -1, -1, -1, -1, -1, -1, -1, -1, -1, -1, -1, -1, -1, -1, -1, -1, -1, -1, -1, -1, -1, -1, 0


Theta series of lattice Kappa_11.
1, 0, 432, 1824, 8100, 21280, 46030, 95904, 185276, 265120, 509976, 735200


Inverse of 1221st cyclotomic polynomial.
1, -1, 0, 1, -1, 0, 1, -1, 0, 1, -1, 1, 0, -1, 1, 0, -1, 1, 0, -1, 1, 0, 0, 0, 0, 0, 0, 0, 0, 0, 0, 0, 0, 0, 0, 0, 0, 1, -1, 0, 1, -1, 0, 1, -1, 0, 1, -1, 1, 0, -1, 1, 0, -1, 1, 0, -1, 1, 0, 0, 0, 0, 0, 0, 0, 0, 0, 0, 0, 0, 0, 0, 0, 0, 1, -1, 0, 1, -1, 0, 1


Inverse of 1222nd cyclotomic polynomial.
1, -1, 1, -1, 1, -1, 1, -1, 1, -1, 1, -1, 1, 0, 0, 0, 0, 0, 0, 0, 0, 0, 0, 0, 0, 0, 0, 0, 0, 0, 0, 0, 0, 0, 0, 0, 0, 0, 0, 0, 0, 0, 0, 0, 0, 0, 0, 1, -1, 1, -1, 1, -1, 1, -1, 1, -1, 1, -1, 1, 0, 0, 0, 0, 0, 0, 0, 0, 0, 0, 0, 0, 0, 0, 0, 0, 0, 0, 0, 0, 0


Theta series of lattice Kappa_10.
1, 0, 276, 888, 3564, 8136, 16908, 30456, 58380, 74256, 145800, 186048, 265866


Theta series of lattice Kappa_9.
1, 0, 180, 416, 1620, 3024, 6404, 9408, 18876, 20048, 43224, 45408, 70462, 82272, 138408, 121600


a(n) = (17 - 2*n)*n^2.
0, 15, 52, 99, 144, 175, 180, 147, 64, -81, -300, -605, -1008, -1521, -2156, -2925, -3840, -4913, -6156, -7581, -9200, -11025, -13068, -15341, -17856, -20625, -23660, -26973, -30576, -34481, -38700, -43245, -48128, -53361


Theta series of lattice Kappa_8.
1, 0, 132, 192, 828, 1152, 2796, 2880, 6828, 5376, 14904, 10944, 20772, 18432, 40224, 25920


Theta series of lattice Kappa_7.
1, 0, 92, 64, 436, 320, 1248, 640, 2476, 1024, 5080, 1984, 6170, 2944, 11704, 3840, 13860, 6144


a(n) = (2*n - 1)*n^2.
0, 1, 12, 45, 112, 225, 396, 637, 960, 1377, 1900, 2541, 3312, 4225, 5292, 6525, 7936, 9537, 11340, 13357, 15600, 18081, 20812, 23805, 27072, 30625, 34476, 38637, 43120, 47937, 53100, 58621, 64512


a(n) = (2*n - 3)n^2.
0, -1, 4, 27, 80, 175, 324, 539, 832, 1215, 1700, 2299, 3024, 3887, 4900, 6075, 7424, 8959, 10692, 12635, 14800, 17199, 19844, 22747, 25920, 29375, 33124, 37179, 41552, 46255, 51300, 56699, 62464, 68607


Inverse of 1230th cyclotomic polynomial.
1, 1, 0, -1, -1, -1, 0, 1, 1, 0, 0, 0, 0, 0, 0, 0, 0, 0, 0, 0, 0, 0, 0, 0, 0, 0, 0, 0, 0, 0, 0, 0, 0, 0, 0, 0, 0, 0, 0, 0, 0, -1, -1, 0, 1, 1, 1, 0, -1, -1, 0, 0, 0, 0, 0, 0, 0, 0, 0, 0, 0, 0, 0, 0, 0, 0, 0, 0, 0, 0, 0, 0, 0, 0, 0, 0, 0, 0, 0, 0, 0


a(n) = (2*n - 5)n^2.
0, -3, -4, 9, 48, 125, 252, 441, 704, 1053, 1500, 2057, 2736, 3549, 4508, 5625, 6912, 8381, 10044, 11913, 14000, 16317, 18876, 21689, 24768, 28125, 31772, 35721, 39984, 44573, 49500, 54777, 60416, 66429


Inverse of 1232nd cyclotomic polynomial.
1, 0, 0, 0, 0, 0, 0, 0, -1, 0, 0, 0, 0, 0, 0, 0, 1, 0, 0, 0, 0, 0, 0, 0, -1, 0, 0, 0, 0, 0, 0, 0, 1, 0, 0, 0, 0, 0, 0, 0, -1, 0, 0, 0, 0, 0, 0, 0, 1, 0, 0, 0, 0, 0, 0, 0, 0, 0, 0, 0, 0, 0, 0, 0, 0, 0, 0, 0, 0, 0, 0, 0, 0, 0, 0, 0, 0, 0, 0, 0, 0


a(n) = (2*n - 7)*n^2.
0, -5, -12, -9, 16, 75, 180, 343, 576, 891, 1300, 1815, 2448, 3211, 4116, 5175, 6400, 7803, 9396, 11191, 13200, 15435, 17908, 20631, 23616, 26875, 30420, 34263, 38416, 42891, 47700, 52855, 58368, 64251


a(n) = (2*n - 9)*n^2.
0, -7, -20, -27, -16, 25, 108, 245, 448, 729, 1100, 1573, 2160, 2873, 3724, 4725, 5888, 7225, 8748, 10469, 12400, 14553, 16940, 19573, 22464, 25625, 29068, 32805, 36848, 41209, 45900, 50933, 56320, 62073


Inverse of 1235th cyclotomic polynomial.
1, -1, 0, 0, 0, 1, -1, 0, 0, 0, 1, -1, 0, 1, -1, 1, -1, 0, 1, 0, 0, -1, 0, 1, 0, 0, 0, -1, 1, 0, 0, 0, 0, 0, 0, 0, 0, 0, 1, 0, -1, 0, 0, 1, 0, 0, -1, 0, 1, 0, 0, 0, 0, 0, 0, 0, 0, 1, 0, -1, 0, 0, 1, 0, 0, -1, 0, 1, 0, 0, 0, 0, 0, 0, 0, 0, 1, 0, -1, 0, 0


a(n) = (2*n - 11)*n^2.
0, -9, -28, -45, -48, -25, 36, 147, 320, 567, 900, 1331, 1872, 2535, 3332, 4275, 5376, 6647, 8100, 9747, 11600, 13671, 15972, 18515, 21312, 24375, 27716, 31347, 35280, 39527, 44100, 49011, 54272, 59895


a(n) = (2*n - 13)*n^2.
0, -11, -36, -63, -80, -75, -36, 49, 192, 405, 700, 1089, 1584, 2197, 2940, 3825, 4864, 6069, 7452, 9025, 10800, 12789, 15004, 17457, 20160, 23125, 26364, 29889, 33712, 37845, 42300, 47089, 52224, 57717


a(n) = (2*n - 15)*n^2.
0, -13, -44, -81, -112, -125, -108, -49, 64, 243, 500, 847, 1296, 1859, 2548, 3375, 4352, 5491, 6804, 8303, 10000, 11907, 14036, 16399, 19008, 21875, 25012, 28431, 32144, 36163, 40500, 45167, 50176, 55539


Inverse of 1239th cyclotomic polynomial.
1, -1, 0, 1, -1, 0, 1, 0, -1, 1, 0, -1, 1, 0, 0, 0, 0, 0, 0, 0, 0, 0, 0, 0, 0, 0, 0, 0, 0, 0, 0, 0, 0, 0, 0, 0, 0, 0, 0, 0, 0, 0, 0, 0, 0, 0, 0, 0, 0, 0, 0, 0, 0, 0, 0, 0, 0, 0, 0, 1, -1, 0, 1, -1, 0, 1, 0, -1, 1, 0, -1, 1, 0, 0, 0, 0, 0, 0, 0, 0, 0


Gaussian binomial coefficient [ n,2 ] for q = -2.
1, 3, 15, 55, 231, 903, 3655, 14535, 58311, 232903, 932295, 3727815, 14913991, 59650503, 238612935, 954429895, 3817763271, 15270965703, 61084037575, 244335800775, 977343902151, 3909374210503, 15637499638215


Inverse of 1241st cyclotomic polynomial.
1, 1, 1, 1, 1, 1, 1, 1, 1, 1, 1, 1, 1, 1, 1, 1, 1, 0, 0, 0, 0, 0, 0, 0, 0, 0, 0, 0, 0, 0, 0, 0, 0, 0, 0, 0, 0, 0, 0, 0, 0, 0, 0, 0, 0, 0, 0, 0, 0, 0, 0, 0, 0, 0, 0, 0, 0, 0, 0, 0, 0, 0, 0, 0, 0, 0, 0, 0, 0, 0, 0, 0, 0, -1, -1, -1, -1, -1, -1, -1, -1


