Gaussian binomial coefficient [ n,2 ] for q = -3.
1, 7, 70, 610, 5551, 49777, 448540, 4035220, 36321901, 326882347, 2941985410, 26477735830, 238300021051, 2144698993717, 19302294530680, 173720640014440, 1563485792415001, 14071372034879887


Inverse of 1243rd cyclotomic polynomial.
1, 1, 1, 1, 1, 1, 1, 1, 1, 1, 1, 0, 0, 0, 0, 0, 0, 0, 0, 0, 0, 0, 0, 0, 0, 0, 0, 0, 0, 0, 0, 0, 0, 0, 0, 0, 0, 0, 0, 0, 0, 0, 0, 0, 0, 0, 0, 0, 0, 0, 0, 0, 0, 0, 0, 0, 0, 0, 0, 0, 0, 0, 0, 0, 0, 0, 0, 0, 0, 0, 0, 0, 0, 0, 0, 0, 0, 0, 0, 0, 0


Gaussian binomial coefficient [ n,2 ] for q = -4.
1, 13, 221, 3485, 55965, 894621, 14317213, 229062301, 3665049245, 58640578205, 938250090141, 15011998086813, 240191982810781, 3843071671285405, 61489146955314845, 983826350426044061, 15741221610252678813


Inverse of 1245th cyclotomic polynomial.
1, -1, 0, 1, -1, 1, 0, -1, 1, 0, 0, 0, 0, 0, 0, 0, 0, 0, 0, 0, 0, 0, 0, 0, 0, 0, 0, 0, 0, 0, 0, 0, 0, 0, 0, 0, 0, 0, 0, 0, 0, 0, 0, 0, 0, 0, 0, 0, 0, 0, 0, 0, 0, 0, 0, 0, 0, 0, 0, 0, 0, 0, 0, 0, 0, 0, 0, 0, 0, 0, 0, 0, 0, 0, 0, 0, 0, 0, 0, 0, 0


Gaussian binomial coefficient [ n,2 ] for q = -5.
1, 21, 546, 13546, 339171, 8476671, 211929796, 5298179796, 132454820421, 3311368882921, 82784230211046, 2069605714586046, 51740143068101671, 1293503575685289171, 32337589397218492296, 808439734905030992296


Inverse of 1247th cyclotomic polynomial.
1, 1, 1, 1, 1, 1, 1, 1, 1, 1, 1, 1, 1, 1, 1, 1, 1, 1, 1, 1, 1, 1, 1, 1, 1, 1, 1, 1, 1, 0, 0, 0, 0, 0, 0, 0, 0, 0, 0, 0, 0, 0, 0, -1, -1, -1, -1, -1, -1, -1, -1, -1, -1, -1, -1, -1, -1, -1, -1, -1, -1, -1, -1, -1, -1, -1, -1, -1, -1, -1, -1, -1, 0, 0, 0, 0, 0, 0, 0


Gaussian binomial coefficient [ n,2 ] for q = -6.
1, 31, 1147, 41107, 1480963, 53308003, 1919128099, 69088371619, 2487182817955, 89538572808355, 3223388672928931, 116041991914472611, 4177511710786827427, 150390421577130906787, 5414055176843881927843, 194905986365976733701283


Gaussian binomial coefficient [ n,2 ] for q = -7.
1, 43, 2150, 105050, 5149551, 252313293, 12363454300, 605808540100, 29684623509101, 1454546516636543, 71272779562356450, 3492366196825305150, 171125943656551078651, 8385171239086224969793, 410873390715818468708600, 20132796145070950850400200


Gaussian binomial coefficient [ n,2 ] for q = -8.
1, 57, 3705, 236665, 15150201, 969583737, 62053592185, 3971428035705, 254171409198201, 16266970069380217, 1041086085394771065, 66629509457629850745, 4264288605349394427001, 272914470741872571493497


Gaussian binomial coefficient [ n,2 ] for q = -9.
1, 73, 5986, 484210, 39226915, 3177326971, 257363962948, 20846476694116, 1688564650965445, 136773736379522605, 11078672649879436966, 897372484611991440598, 72687171253825493271271, 5887660871557577275727455, 476900530596184348447133320


Gaussian binomial coefficient [ n,2 ] for q = -10.
1, 91, 9191, 918191, 91828191, 9182728191, 918273728191, 91827363728191, 9182736463728191, 918273645463728191, 91827364555463728191, 9182736455455463728191, 918273645546455463728191


Gaussian binomial coefficient [ n,2 ] for q = -11.
1, 111, 13542, 1637362, 198134223, 23974093353, 2900866919644, 351004879413684, 42471590605551405, 5139062461110267955, 621826557818118395106, 75241013495730790109766, 9104162632986302495960347, 1101603678591310956191736717


Inverse of 1254th cyclotomic polynomial.
1, 1, 0, -1, -1, 0, 1, 1, 0, -1, -1, -1, 0, 1, 1, 0, -1, -1, 0, 0, 0, 0, 1, 1, 0, -1, -1, 0, 1, 1, 1, 0, -1, -1, 0, 1, 1, 0, 0, 0, 0, -1, -1, 0, 1, 1, 0, -1, -1, -1, 0, 1, 1, 0, -1, -1, 0, 1, 1, 0, 0, 0, 0, 0, 0, 0, 0, 0, 0, 0, 0, 0, 0, 0, 0, 0, 0, 0, 0, 0, 0


Gaussian binomial coefficient [ n,2 ] for q = -12.
1, 133, 19285, 2775445, 399683221, 57554154133, 8287800951445, 1193443303932565, 171855836163195541, 24747240402737283733, 3563602618051323347605, 513158776998704708174485, 73894863887821708223693461


Gaussian binomial coefficient [ n,2 ] for q = -13.
1, 157, 26690, 4508570, 761974851, 128773405047, 21762709934980, 3677897920745140, 621564749363392901, 105044442632566365137, 17752510805031727164870, 3000174326048697741925710, 507029461102251552321630151, 85687978926280231101185088427


Gaussian binomial coefficient [ n,3 ] for q = -2.
1, -5, 55, -385, 3311, -25585, 208335, -1652145, 13275471, -105970865, 848699215, -6785865905, 54301841231, -434355079345, 3475079247695, -27799679551665, 222401254176591, -1779194762447025, 14233619183613775


Inverse of 1258th cyclotomic polynomial.
1, -1, 1, -1, 1, -1, 1, -1, 1, -1, 1, -1, 1, -1, 1, -1, 1, 0, 0, 0, 0, 0, 0, 0, 0, 0, 0, 0, 0, 0, 0, 0, 0, 0, 0, 0, 0, 1, -1, 1, -1, 1, -1, 1, -1, 1, -1, 1, -1, 1, -1, 1, -1, 1, 0, 0, 0, 0, 0, 0, 0, 0, 0, 0, 0, 0, 0, 0, 0, 0, 0, 0, 0, 0, 0, 0, 0, 0, 0, 0, 0


Gaussian binomial coefficient [ n,3 ] for q = -3.
1, -20, 610, -15860, 433771, -11662040, 315323620, -8509702520, 229798289941, -6204226946060, 167517069529030, -4522934399547980, 122119467087816511, -3297223466672052080, 89025052902439936840, -2403676254645238280240


Inverse of 1260th cyclotomic polynomial.
1, 0, 0, 0, 0, 0, 1, 0, 0, 0, 0, 0, 0, 0, 0, 0, 0, 0, -1, 0, 0, 0, 0, 0, -1, 0, 0, 0, 0, 0, -1, 0, 0, 0, 0, 0, 0, 0, 0, 0, 0, 0, 0, 0, 0, 0, 0, 0, 0, 0, 0, 0, 0, 0, 0, 0, 0, 0, 0, 0, 1, 0, 0, 0, 0, 0, 1, 0, 0, 0, 0, 0, 1, 0, 0, 0, 0, 0, 0, 0, 0


Inverse of 1261st cyclotomic polynomial.
1, 1, 1, 1, 1, 1, 1, 1, 1, 1, 1, 1, 1, 0, 0, 0, 0, 0, 0, 0, 0, 0, 0, 0, 0, 0, 0, 0, 0, 0, 0, 0, 0, 0, 0, 0, 0, 0, 0, 0, 0, 0, 0, 0, 0, 0, 0, 0, 0, 0, 0, 0, 0, 0, 0, 0, 0, 0, 0, 0, 0, 0, 0, 0, 0, 0, 0, 0, 0, 0, 0, 0, 0, 0, 0, 0, 0, 0, 0, 0, 0


Gaussian binomial coefficient [ n,3 ] for q = -4.
1, -51, 3485, -219555, 14107485, -901984419, 57741320029, -3695215419555, 236497451900765, -15135778281070755, 968690748238618461, -61996192875273494691, 3967756584209486471005, -253936417546335462858915


Gaussian binomial coefficient [ n,3 ] for q = -5.
1, -104, 13546, -1679704, 210302171, -26279294704, 3285123767796, -410635172794704, 51329529054158421, -6416187820400919704, 802023560334345174046, -100252942972187432169704


Gaussian binomial coefficient [ n,3 ] for q=-6.
1, -185, 41107, -8838005, 1910490043, -412612541285, 89126228045659, -19251196169490725, 4158260859792814555, -898184256176675135525, 194007802557550502202331, -41905685236388916561230885


Inverse of 1265th cyclotomic polynomial.
1, -1, 0, 0, 0, 1, -1, 0, 0, 0, 1, 0, -1, 0, 0, 1, 0, -1, 0, 0, 1, 0, 0, 0, -1, 1, 0, 0, 0, -1, 1, 0, 0, 1, -1, 0, 0, 0, 1, -1, 0, 0, 0, 1, 0, 0, 0, -1, 1, 0, 0, 0, -1, 1, 0, 0, 1, -1, 0, 0, 0, 1, -1, 0, 0, 0, 1, 0, 0, 0, -1, 1, 0, 0, 0, -1, 1, 0, 0, 1, -1


Gaussian binomial coefficient [ n,3 ] for q = -7.
1, -300, 105050, -35927100, 12328144851, -4228301370600, 1450319733570100, -497459062806004200, 170628488227082949701, -58525570007342935110900, 20074270583791406305395150, -6885474806748086165925231300


Gaussian binomial coefficient [ n,3 ] for q = -8.
1, -455, 236665, -120935815, 61934287481, -31709385606535, 16235267484138105, -8312452980450674055, 4255976180162154314361, -2179059787976052939572615, 1115678612484825190455949945, -571227449525600988055816521095


Gaussian binomial coefficient [ n,3 ] for q = -9.
1, -656, 484210, -352504880, 257015284435, -187360965026144, 136586400868021924, -99571465386311288480, 72587599955185580267365, -52916360230556551635386480, 38576026619154398792076180886


Gaussian binomial coefficient [ n,3 ] for q = -10.
1, -909, 918191, -917272809, 917364637191, -917355454462809, 917356372736537191, -917356280909173462809, 917356290091909926537191, -917356289173636281073462809, 917356289265463645628926537191


Gaussian binomial coefficient [ n,3 ] for q = -11.
1, -1220, 1637362, -2177691460, 2898705467483, -3858153003126520, 5135204548028317764, -6834956902420811530200, 9097327679593690752247605, -12108543136400139930131294300, 16116470915170412804822871108406


Inverse of 1271st cyclotomic polynomial.
1, 1, 1, 1, 1, 1, 1, 1, 1, 1, 1, 1, 1, 1, 1, 1, 1, 1, 1, 1, 1, 1, 1, 1, 1, 1, 1, 1, 1, 1, 1, 0, 0, 0, 0, 0, 0, 0, 0, 0, 0, -1, -1, -1, -1, -1, -1, -1, -1, -1, -1, -1, -1, -1, -1, -1, -1, -1, -1, -1, -1, -1, -1, -1, -1, -1, -1, -1, -1, -1, -1, -1, 0, 0, 0, 0, 0, 0, 0


Gaussian binomial coefficient [ n,3 ] for q = -12.
1, -1595, 2775445, -4793193515, 8283038077141, -14313032243145515, 24732928003956401365, -42738498397393357626155, 73852125402551558141191381, -127616472670861852065241422635


Inverse of 1273rd cyclotomic polynomial.
1, 1, 1, 1, 1, 1, 1, 1, 1, 1, 1, 1, 1, 1, 1, 1, 1, 1, 1, 0, 0, 0, 0, 0, 0, 0, 0, 0, 0, 0, 0, 0, 0, 0, 0, 0, 0, 0, 0, 0, 0, 0, 0, 0, 0, 0, 0, 0, 0, 0, 0, 0, 0, 0, 0, 0, 0, 0, 0, 0, 0, 0, 0, 0, 0, 0, 0, -1, -1, -1, -1, -1, -1, -1, -1, -1, -1, -1, -1, -1, -1


Inverse of 1274th cyclotomic polynomial.
1, 0, 0, 0, 0, 0, 0, -1, 0, 0, 0, 0, 0, 0, 1, 0, 0, 0, 0, 0, 0, -1, 0, 0, 0, 0, 0, 0, 1, 0, 0, 0, 0, 0, 0, -1, 0, 0, 0, 0, 0, 0, 1, 0, 0, 0, 0, 0, 0, 0, 0, 0, 0, 0, 0, 0, 0, 0, 0, 0, 0, 0, 0, 0, 0, 0, 0, 0, 0, 0, 0, 0, 0, 0, 0, 0, 0, 0, 0, 0, 0


Inverse of 1275th cyclotomic polynomial.
1, 0, 0, 0, 0, -1, 0, 0, 0, 0, 0, 0, 0, 0, 0, 1, 0, 0, 0, 0, -1, 0, 0, 0, 0, 1, 0, 0, 0, 0, 0, 0, 0, 0, 0, -1, 0, 0, 0, 0, 1, 0, 0, 0, 0, 0, 0, 0, 0, 0, 0, 0, 0, 0, 0, 0, 0, 0, 0, 0, 0, 0, 0, 0, 0, 0, 0, 0, 0, 0, 0, 0, 0, 0, 0, 0, 0, 0, 0, 0, 0


Inverse of 1276th cyclotomic polynomial.
1, 0, -1, 0, 1, 0, -1, 0, 1, 0, -1, 0, 1, 0, -1, 0, 1, 0, -1, 0, 1, 0, 0, 0, 0, 0, 0, 0, 0, 0, 0, 0, 0, 0, 0, 0, 0, 0, 0, 0, 0, 0, 0, 0, 0, 0, 0, 0, 0, 0, 0, 0, 0, 0, 0, 0, 0, 0, 1, 0, -1, 0, 1, 0, -1, 0, 1, 0, -1, 0, 1, 0, -1, 0, 1, 0, -1, 0, 1, 0, 0


Gaussian binomial coefficient [ n,3 ] for q = -13.
1, -2040, 4508570, -9900819720, 21752862899691, -47790911017216080, 104996653267533662740, -230677643550873536294640, 506798783502833908602716981, -1113436927250681654567602842120


Gaussian binomial coefficient [ n,4 ] for q = -2.
1, 11, 231, 3311, 56287, 875007, 14208447, 225683007, 3624203583, 57881286463, 926949282623, 14824402656063, 237244744338239, 3795481554332479, 60731179948567359, 971671079497526079, 15546959673214593855


Gaussian binomial coefficient [ n,4 ] for q = -3.
1, 61, 5551, 433771, 35569222, 2869444942, 232740363922, 18843459775162, 1526550040078063, 123644349019377043, 10015359787639069513, 811239619864365082573, 65710531328480659504924


Gaussian binomial coefficient [ n,4 ] for q = -4.
1, 205, 55965, 14107485, 3625623645, 927257668701, 237435704507485, 60779845138496605, 15559876852907031645, 3983313338565919030365, 1019729183363623510391901, 261050608944894743386831965


Inverse of 1281st cyclotomic polynomial.
1, -1, 0, 1, -1, 0, 1, 0, -1, 1, 0, -1, 1, 0, 0, 0, 0, 0, 0, 0, 0, 0, 0, 0, 0, 0, 0, 0, 0, 0, 0, 0, 0, 0, 0, 0, 0, 0, 0, 0, 0, 0, 0, 0, 0, 0, 0, 0, 0, 0, 0, 0, 0, 0, 0, 0, 0, 0, 0, 0, 0, 1, -1, 0, 1, -1, 0, 1, 0, -1, 1, 0, -1, 1, 0, 0, 0, 0, 0, 0, 0


Gaussian binomial coefficient [ n,4 ] for q = -5.
1, 521, 339171, 210302171, 131649159046, 82254445109046, 51412313316921546, 32132285187903171546, 20082729571968536374671, 12551699566292514833249671, 7844813030956382105126218421


Gaussian binomial coefficient [ n,4 ] for q = -6.
1, 1111, 1480963, 1910490043, 2477905585771, 3210953026617931, 4161484248724884235, 5393264335151280477835, 6989674736616919292088715, 9058617560471271225871839115, 11739968552378570066280405695371


Gaussian binomial coefficient [ n,4 ] for q = -7.
1, 2101, 5149551, 12328144851, 29612203932102, 71094673339606302, 170699761008128301202, 409849628721453245181802, 984049129188697468764456303, 2362701900656492615160524472603, 5672847283550509352791825564114953, 13620506320919298149305087013514770853


Gaussian binomial coefficient [ n,4 ] for q = -8.
1, 3641, 15150201, 61934287481, 253744775809657, 1039306892330748537, 4257017266254230145657, 17436734410124346225937017, 71420868399845502303592335993, 292539874786707389459461268654713


Gaussian binomial coefficient [ n,4 ] for q = -9.
1, 5905, 39226915, 257015284435, 1686534296462470, 11065164158125239526, 72598678627860564552010, 476319830905927777714449130, 3125134483161392104770081009295, 20504007291105533368839949866598015


Inverse of 1287th cyclotomic polynomial.
1, 0, 0, -1, 0, 0, 0, 0, 0, 1, 0, 0, -1, 0, 0, 0, 0, 0, 1, 0, 0, -1, 0, 0, 0, 0, 0, 1, 0, 0, -1, 0, 0, 1, 0, 0, 0, 0, 0, 0, 0, 0, 0, 0, 0, 0, 0, 0, 0, 0, 0, 0, 0, 0, 0, 0, 0, 0, 0, 0, 0, 0, 0, 0, 0, 0, 1, 0, 0, -1, 0, 0, 1, 0, 0, 0, 0, 0, 0, 0, 0


Inverse of 1288th cyclotomic polynomial.
1, 0, 0, 0, -1, 0, 0, 0, 1, 0, 0, 0, -1, 0, 0, 0, 1, 0, 0, 0, -1, 0, 0, 0, 1, 0, 0, 0, 0, 0, 0, 0, 0, 0, 0, 0, 0, 0, 0, 0, 0, 0, 0, 0, 0, 0, 0, 0, 0, 0, 0, 0, 0, 0, 0, 0, 0, 0, 0, 0, 0, 0, 0, 0, 0, 0, 0, 0, 0, 0, 0, 0, 0, 0, 0, 0, 0, 0, 0, 0, 0


Gaussian binomial coefficient [ n,4 ] for q = -10.
1, 9091, 91828191, 917364637191, 9174563736547191, 91744720010017447191, 917448117456547208447191, 9174480257209191175298447191, 91744803489448201844894398447191


Inverse of 1290th cyclotomic polynomial.
1, 1, 0, -1, -1, -1, 0, 1, 1, 0, 0, 0, 0, 0, 0, 0, 0, 0, 0, 0, 0, 0, 0, 0, 0, 0, 0, 0, 0, 0, 0, 0, 0, 0, 0, 0, 0, 0, 0, 0, 0, 0, 0, -1, -1, 0, 1, 1, 1, 0, -1, -1, 0, 0, 0, 0, 0, 0, 0, 0, 0, 0, 0, 0, 0, 0, 0, 0, 0, 0, 0, 0, 0, 0, 0, 0, 0, 0, 0, 0, 0


Gaussian binomial coefficient [ n,4 ] for q = -11.
1, 13421, 198134223, 2898705467483, 42442845454886086, 621401842151984058606, 9097949506151746630368210, 133203071884610819994409432410, 1950226184559914695131839252162415


Inverse of 1292nd cyclotomic polynomial.
1, 0, -1, 0, 1, 0, -1, 0, 1, 0, -1, 0, 1, 0, -1, 0, 1, 0, -1, 0, 1, 0, -1, 0, 1, 0, -1, 0, 1, 0, -1, 0, 1, 0, 0, 0, 0, 0, 1, 0, -1, 0, 1, 0, -1, 0, 1, 0, -1, 0, 1, 0, -1, 0, 1, 0, -1, 0, 1, 0, -1, 0, 1, 0, -1, 0, 1, 0, -1, 0, 1, 0, 0, 0, 0, 0, 0, 0, 0, 0, 0


Gaussian binomial coefficient [ n,4 ] for q = -12.
1, 19141, 399683221, 8283038077141, 171765360605672917, 3561712204486990461397, 73855689005170238163929557, 1531471524472711661173885667797, 31756593605318274408653251348629973


Gaussian binomial coefficient [ n,4 ] for q = -13.
1, 26521, 761974851, 21752862899691, 621305270140974342, 17745052029585350965782, 506816536013640476467362442, 14475186854407942097510802411322


Inverse of 1295th cyclotomic polynomial.
1, -1, 0, 0, 0, 1, -1, 1, -1, 0, 1, -1, 1, -1, 1, 0, -1, 1, -1, 1, 0, 0, 0, -1, 1, 0, 0, 0, 0, 0, 0, 0, 0, 0, 0, 0, 0, 1, -1, 0, 0, 0, 1, -1, 1, -1, 0, 1, -1, 1, -1, 1, 0, -1, 1, -1, 1, 0, 0, 0, -1, 1, 0, 0, 0, 0, 0, 0, 0, 0, 0, 0, 0, 0, 1, -1, 0, 0, 0, 1, -1


Gaussian binomial coefficient [ n,5 ] for q = -2.
1, -21, 903, -25585, 875007, -27125217, 882215391, -28005209505, 899790907743, -28735427761313, 920460637644639, -29439916001972385, 942314556807454559, -30150270336284213409, 964869381941043396447, -30874848551033891160225


Gaussian binomial coefficient [ n,5 ] for q = -3.
1, -182, 49777, -11662040, 2869444942, -694405675964, 168973319623174, -41041673208656120, 9974653139743515223, -2423717068608654822146, 588973263031690760850991, -143119691677080990521708240


Inverse of 1298th cyclotomic polynomial.
1, -1, 1, -1, 1, -1, 1, -1, 1, -1, 1, 0, 0, 0, 0, 0, 0, 0, 0, 0, 0, 0, 0, 0, 0, 0, 0, 0, 0, 0, 0, 0, 0, 0, 0, 0, 0, 0, 0, 0, 0, 0, 0, 0, 0, 0, 0, 0, 0, 0, 0, 0, 0, 0, 0, 0, 0, 0, 0, 1, -1, 1, -1, 1, -1, 1, -1, 1, -1, 1, 0, 0, 0, 0, 0, 0, 0, 0, 0, 0, 0


Gaussian binomial coefficient [ n,5 ] for q = -4.
1, -819, 894621, -901984419, 927257668701, -948584595081123, 971588061067577437, -994845394688060798883, 1018737244037427165087837, -1043182954580986851130914723, 1068220365220113899181567068253


Gaussian binomial coefficient [ n,5 ] for q = -5.
1, -2604, 8476671, -26279294704, 82254445109046, -256962886520659704, 803060432690378496546, -2509531719872244898534704, 7842306707330337276457324671, -24507195908707737696414306347204


Gaussian binomial coefficient [ n,5 ] for q = -6.
1, -6665, 53308003, -412612541285, 3210953026617931, -24965159781954413525, 194133243948726244454635, -1509574711680960125598763925, 11738459947705882553575280369515, -91278255494743382265330154281509525


Inverse of 1302nd cyclotomic polynomial.
1, 1, 0, -1, -1, 0, 1, 0, -1, -1, 0, 1, 1, 0, 0, 0, 0, 0, 0, 0, 0, 0, 0, 0, 0, 0, 0, 0, 0, 0, 0, -1, -1, 0, 1, 1, 0, -1, 0, 1, 1, 0, -1, -1, 0, 0, 0, 0, 0, 0, 0, 0, 0, 0, 0, 0, 0, 0, 0, 0, 0, 0, 1, 1, 0, -1, -1, 0, 1, 0, -1, -1, 0, 1, 1, 0, 0, 0, 0, 0, 0


Gaussian binomial coefficient [ n,5 ] for q = -7.
1, -14706, 252313293, -4228301370600, 71094673339606302, -1194817080145423511412, 20081461365765141084602686, -337508711324786004755672161800, 5672509895284807570626050787828903


Gaussian binomial coefficient [ n,5 ] for q = -8.
1, -29127, 969583737, -31709385606535, 1039306892330748537, -34054968941001637311879, 1115917479276007905665796729, -36566366524181816928510601278855


Inverse of 1305th cyclotomic polynomial.
1, 0, 0, -1, 0, 0, 0, 0, 0, 1, 0, 0, -1, 0, 0, 1, 0, 0, 0, 0, 0, -1, 0, 0, 1, 0, 0, 0, 0, 0, 0, 0, 0, 0, 0, 0, 0, 0, 0, 0, 0, 0, 0, 0, 0, 0, 0, 0, 0, 0, 0, 0, 0, 0, 0, 0, 0, 0, 0, 0, 0, 0, 0, 0, 0, 0, 0, 0, 0, 0, 0, 0, 0, 0, 0, 0, 0, 0, 0, 0, 0


Gaussian binomial coefficient [ n,5 ] for q = -9.
1, -53144, 3177326971, -187360965026144, 11065164158125239526, -653375813208979143531248, 38581260992855637306941215162, -2278184404047301621409794099651808


Gaussian binomial coefficient [ n,5 ] for q = -10.
1, -90909, 9182728191, -917355454462809, 91744720010017447191, -9174380256281734701652809, 917438943076290926712489347191, -91743885133148835462057759420652809


Gaussian binomial coefficient [ n,5 ] for q = -11.
1, -147630, 23974093353, -3858153003126520, 621401842151984058606, -100076766678577032638496300, 16117472448301015835209097979510, -2595734922068255016665440444288632600


Inverse of 1309th cyclotomic polynomial.
1, -1, 0, 0, 0, 0, 0, 1, -1, 0, 0, 1, -1, 0, 1, -1, 0, 1, 0, -1, 0, 1, 0, -1, 1, 0, -1, 0, 2, -1, -1, 1, 0, 0, 0, 1, -1, -1, 1, 1, -1, 0, 1, -1, 0, 1, 0, -1, 0, 1, 0, 0, 0, 0, -1, 1, 1, -1, 0, 0, 0, 0, 1, 0, -1, 0, 1, 0, 0, 0, 0, -1, 1, 1, -1, 0, 0, 0, 0, 1, 0


Gaussian binomial coefficient [ n,5 ] for q = -12.
1, -229691, 57554154133, -14313032243145515, 3561712204486990461397, -886264409554702323499876907, 220531019414004693731359534452181, -54875173091354091477849994502919434795


Inverse of 1311th cyclotomic polynomial.
1, -1, 0, 1, -1, 0, 1, -1, 0, 1, -1, 0, 1, -1, 0, 1, -1, 0, 1, 0, -1, 1, 0, 0, 0, 0, 0, 0, 0, 0, 0, 0, 0, 0, 0, 0, 0, 0, 1, -1, 0, 1, 0, -1, 1, 0, 0, 0, 0, 0, 0, 0, 0, 0, 0, 0, 0, 0, 0, 0, 0, 1, -1, 0, 1, 0, -1, 1, 0, -1, 1, 0, -1, 1, 0, -1, 1, 0, -1, 1, 0


Gaussian binomial coefficient [ n,5 ] for q = -13.
1, -344772, 128773405047, -47790911017216080, 17745052029585350965782, -6588595858168804130787130344, 2446300028783605805772822454177234, -908294062111964496034866469968025332240


Inverse of 1313th cyclotomic polynomial.
1, 1, 1, 1, 1, 1, 1, 1, 1, 1, 1, 1, 1, 0, 0, 0, 0, 0, 0, 0, 0, 0, 0, 0, 0, 0, 0, 0, 0, 0, 0, 0, 0, 0, 0, 0, 0, 0, 0, 0, 0, 0, 0, 0, 0, 0, 0, 0, 0, 0, 0, 0, 0, 0, 0, 0, 0, 0, 0, 0, 0, 0, 0, 0, 0, 0, 0, 0, 0, 0, 0, 0, 0, 0, 0, 0, 0, 0, 0, 0, 0


Gaussian binomial coefficient [ n,6 ] for q = -2.
1, 43, 3655, 208335, 14208447, 882215391, 57344000415, 3642010817055, 233988483199263, 14946527496991519, 957498220445101855, 61250446192484546335, 3920970870875818419999, 250911985465716094666527


Gaussian binomial coefficient [ n,6 ] for q = -3.
1, 547, 448540, 315323620, 232740363922, 168973319623174, 123350523324917020, 89881489830655851460, 65533580739687859229563, 47771556642163840723529281, 34826053765400471578213696840


Inverse of 1316th cyclotomic polynomial.
1, 0, -1, 0, 1, 0, -1, 0, 1, 0, -1, 0, 1, 0, 0, 0, 0, 0, 0, 0, 0, 0, 0, 0, 0, 0, 0, 0, 0, 0, 0, 0, 0, 0, 0, 0, 0, 0, 0, 0, 0, 0, 0, 0, 0, 0, 0, 0, 0, 0, 0, 0, 0, 0, 0, 0, 0, 0, 0, 0, 0, 0, 0, 0, 0, 0, 0, 0, 0, 0, 0, 0, 0, 0, 0, 0, 0, 0, 0, 0, 0


Gaussian binomial coefficient [ n,6 ] for q = -4.
1, 3277, 14317213, 57741320029, 237435704507485, 971588061067577437, 3980596286193864759389, 16303527542855381993658461, 66780267552779682073190144093, 273530932713230996784935699290205


Gaussian binomial coefficient [ n,6 ] for q = -5.
1, 13021, 211929796, 3285123767796, 51412313316921546, 803060432690378496546, 12548622321219854387027796, 196069714237340352552410777796, 3063597127265150338968694860387171


Gaussian binomial coefficient [ n,6 ] for q = -6.
1, 39991, 1919128099, 89126228045659, 4161484248724884235, 194133243948726244454635, 9057674762915720387519905195, 422593364163884169440003098013995


Inverse of 1320th cyclotomic polynomial.
1, 0, 0, 0, 1, 0, 0, 0, 0, 0, 0, 0, -1, 0, 0, 0, -1, 0, 0, 0, -1, 0, 0, 0, 0, 0, 0, 0, 1, 0, 0, 0, 1, 0, 0, 0, 0, 0, 0, 0, 0, 0, 0, 0, -1, 0, 0, 0, -1, 0, 0, 0, 0, 0, 0, 0, 1, 0, 0, 0, 1, 0, 0, 0, 1, 0, 0, 0, 0, 0, 0, 0, -1, 0, 0, 0, -1, 0, 0, 0, 0


Gaussian binomial coefficient [ n,6 ] for q = -7.
1, 102943, 12363454300, 1450319733570100, 170699761008128301202, 20081461365765141084602686, 2362583929682268848603506007900, 277955299234477922983349122651265300


Gaussian binomial coefficient [ n,6 ] for q = -8.
1, 233017, 62053592185, 16235267484138105, 4257017266254230145657, 1115917479276007905665796729, 292532187604809092430760283523705, 76685521221108550544352295253436844665


Gaussian binomial coefficient [ n,6 ] for q = -9.
1, 478297, 257363962948, 136586400868021924, 72598678627860564552010, 38581260992855637306941215162, 20503702504565185601675453268123604, 10896505884544222754038383150470776581556


Gaussian binomial coefficient [ n,6 ] for q = -10.
1, 909091, 918273728191, 917356372736537191, 917448117456547208447191, 917438943076290926712489347191, 917439860515234003003416059680347191, 917439768771348869854580597622587770347191


Gaussian binomial coefficient [ n,6 ] for q = -11.
1, 1623931, 2900866919644, 5135204548028317764, 9097949506151746630368210, 16117472448301015835209097979510, 28553101725457044215054700034776694620


Inverse of 1326th cyclotomic polynomial.
1, 1, 0, -1, -1, 0, 1, 1, 0, -1, -1, 0, 1, 0, -1, -1, 0, 0, 0, 0, 0, 0, 0, 0, 0, 0, 1, 1, 0, -1, 0, 1, 1, 0, 0, 0, 0, 0, 0, 0, 0, 0, 0, -1, -1, 0, 1, 0, -1, -1, 0, 1, 1, 0, -1, -1, 0, 1, 1, 0, 0, 0, 0, 0, 0, 0, 0, 0, 0, 0, 0, 0, 0, 0, 0, 0, 0, 0, 0, 0, 0


Gaussian binomial coefficient [ n,6 ] for q = -12.
1, 2756293, 8287800951445, 24732928003956401365, 73855689005170238163929557, 220531019414004693731359534452181, 658502316004926805411433599481195683285


Gaussian binomial coefficient [ n,6 ] for q = -13.
1, 4482037, 21762709934980, 104996653267533662740, 506816536013640476467362442, 2446300028783605805772822454177234, 11807825441932996339362317150047214843540


Gaussian binomial coefficient [ n,7 ] for q = -2.
1, -85, 14535, -1652145, 225683007, -28005209505, 3642010817055, -462535373765985, 59438516325245343, -7593183562134412385, 972884994173649887135, -124468028808034701006945


Inverse of 1330th cyclotomic polynomial.
1, 1, 0, 0, 0, -1, -1, -1, -1, 0, 1, 1, 1, 1, 1, 0, -1, -1, -1, -2, -1, 0, 0, 1, 2, 1, 1, 1, 0, -1, -1, -1, -1, -1, 0, 1, 1, 1, 2, 1, 0, 0, -1, -2, -1, -1, -1, 0, 1, 1, 1, 1, 1, 0, -1, -1, -1, -2, -1, 0, 0, 1, 2, 1, 1, 1, 0, -1, -1, -1, -1, -1, 0, 1, 1, 1, 2, 1, 0, 0, -1


Gaussian binomial coefficient [ n,7 ] for q = -3.
1, -1640, 4035220, -8509702520, 18843459775162, -41041673208656120, 89881489830655851460, -196480936769813691291560, 429769342296322230713871283, -939857780045414554730512966640


Gaussian binomial coefficient [ n,7 ] for q = -4.
1, -13107, 229062301, -3695215419555, 60779845138496605, -994845394688060798883, 16303527542855381993658461, -267100691734599723202106566563, 4376244513647234644625387176712285


Inverse of 1333rd cyclotomic polynomial.
1, 1, 1, 1, 1, 1, 1, 1, 1, 1, 1, 1, 1, 1, 1, 1, 1, 1, 1, 1, 1, 1, 1, 1, 1, 1, 1, 1, 1, 1, 1, 0, 0, 0, 0, 0, 0, 0, 0, 0, 0, 0, 0, -1, -1, -1, -1, -1, -1, -1, -1, -1, -1, -1, -1, -1, -1, -1, -1, -1, -1, -1, -1, -1, -1, -1, -1, -1, -1, -1, -1, -1, -1, -1, 0, 0, 0, 0, 0, 0


Inverse of 1334th cyclotomic polynomial.
1, -1, 1, -1, 1, -1, 1, -1, 1, -1, 1, -1, 1, -1, 1, -1, 1, -1, 1, -1, 1, -1, 1, 0, 0, 0, 0, 0, 0, 1, -1, 1, -1, 1, -1, 1, -1, 1, -1, 1, -1, 1, -1, 1, -1, 1, -1, 1, -1, 1, -1, 1, 0, 0, 0, 0, 0, 0, 0, 0, 0, 0, 0, 0, 0, 0, 0, 0, 0, 0, 0, 0, 0, 0, 0, 0, 0, 0, 0, 0, 0


Gaussian binomial coefficient [ n,7 ] for q = -5.
1, -65104, 5298179796, -410635172794704, 32132285187903171546, -2509531719872244898534704, 196069714237340352552410777796, -15317750355077977702804539604534704, 1196702310087594273181943625299134137171


Gaussian binomial coefficient [ n,7 ] for q = -6.
1, -239945, 69088371619, -19251196169490725, 5393264335151280477835, -1509574711680960125598763925, 422593364163884169440003098013995, -118298673397216914972187267242547690325, 33116077152651051199781730118147946460139435


Gaussian binomial coefficient [ n,7 ] for q = -7.
1, -720600, 605808540100, -497459062806004200, 409849628721453245181802, -337508711324786004755672161800, 277955299234477922983349122651265300, -228907863042160417649553303166468327692600


Gaussian binomial coefficient [ n,7 ] for q = -8.
1, -1864135, 3971428035705, -8312452980450674055, 17436734410124346225937017, -36566366524181816928510601278855, 76685521221108550544352295253436844665, -160821117514369017882638960343040332226049415, 337266348340144487783661620118192764663158488484473


Inverse of 1339th cyclotomic polynomial.
1, 1, 1, 1, 1, 1, 1, 1, 1, 1, 1, 1, 1, 0, 0, 0, 0, 0, 0, 0, 0, 0, 0, 0, 0, 0, 0, 0, 0, 0, 0, 0, 0, 0, 0, 0, 0, 0, 0, 0, 0, 0, 0, 0, 0, 0, 0, 0, 0, 0, 0, 0, 0, 0, 0, 0, 0, 0, 0, 0, 0, 0, 0, 0, 0, 0, 0, 0, 0, 0, 0, 0, 0, 0, 0, 0, 0, 0, 0, 0, 0


Gaussian binomial coefficient [ n,7 ] for q = -9.
1, -4304672, 20846476694116, -99571465386311288480, 476319830905927777714449130, -2278184404047301621409794099651808, 10896505884544222754038383150470776581556, -52117638957586712017437457380440909324731738208


Gaussian binomial coefficient [ n,7 ] for q = -10.
1, -9090909, 91827363728191, -917356280909173462809, 9174480257209191175298447191, -91743885133148835462057759420652809, 917439768771348869854580597622587770347191


Inverse of 1342nd cyclotomic polynomial.
1, -1, 1, -1, 1, -1, 1, -1, 1, -1, 1, 0, 0, 0, 0, 0, 0, 0, 0, 0, 0, 0, 0, 0, 0, 0, 0, 0, 0, 0, 0, 0, 0, 0, 0, 0, 0, 0, 0, 0, 0, 0, 0, 0, 0, 0, 0, 0, 0, 0, 0, 0, 0, 0, 0, 0, 0, 0, 0, 0, 0, 1, -1, 1, -1, 1, -1, 1, -1, 1, -1, 1, 0, 0, 0, 0, 0, 0, 0, 0, 0


Inverse of 1343rd cyclotomic polynomial.
1, 1, 1, 1, 1, 1, 1, 1, 1, 1, 1, 1, 1, 1, 1, 1, 1, 0, 0, 0, 0, 0, 0, 0, 0, 0, 0, 0, 0, 0, 0, 0, 0, 0, 0, 0, 0, 0, 0, 0, 0, 0, 0, 0, 0, 0, 0, 0, 0, 0, 0, 0, 0, 0, 0, 0, 0, 0, 0, 0, 0, 0, 0, 0, 0, 0, 0, 0, 0, 0, 0, 0, 0, 0, 0, 0, 0, 0, 0, -1, -1


Gaussian binomial coefficient [ n,7 ] for q = -11.
1, -17863240, 351004879413684, -6834956902420811530200, 133203071884610819994409432410, -2595734922068255016665440444288632600, 50583558850117484638411502782868591609069220


Gaussian binomial coefficient [ n,7 ] for q = -12.
1, -33075515, 1193443303932565, -42738498397393357626155, 1531471524472711661173885667797, -54875173091354091477849994502919434795, 1966277324678482270775562667263264108238642645, -70455269606355713779351701809782497716434153197609515


Gaussian binomial coefficient [ n,7 ] for q=-13.
1, -58266480, 3677897920745140, -230677643550873536294640, 14475186854407942097510802411322, -908294062111964496034866469968025332240


Gaussian binomial coefficient [ n,8 ] for q=-2.
1, 171, 58311, 13275471, 3624203583, 899790907743, 233988483199263, 59438516325245343, 15275698695588053151, 3902985682508407194271, 1000137219716325891620511, 255910660218571393553843871


Gaussian binomial coefficient [ n,8 ] for q=-3.
1, 4921, 36321901, 229798289941, 1526550040078063, 9974653139743515223, 65533580739687859229563, 429769342296322230713871283, 2820146424148466477944423359046, 18502040831058043147238631145734166


Inverse of 1349th cyclotomic polynomial.
1, 1, 1, 1, 1, 1, 1, 1, 1, 1, 1, 1, 1, 1, 1, 1, 1, 1, 1, 0, 0, 0, 0, 0, 0, 0, 0, 0, 0, 0, 0, 0, 0, 0, 0, 0, 0, 0, 0, 0, 0, 0, 0, 0, 0, 0, 0, 0, 0, 0, 0, 0, 0, 0, 0, 0, 0, 0, 0, 0, 0, 0, 0, 0, 0, 0, 0, 0, 0, 0, 0, -1, -1, -1, -1, -1, -1, -1, -1, -1, -1


Gaussian binomial coefficient [ n,8 ] for q=-4.
1, 52429, 3665049245, 236497451900765, 15559876852907031645, 1018737244037427165087837, 66780267552779682073190144093, 4376244513647234644625387176712285, 286805936690898816904813999400193022045


Gaussian binomial coefficient [ n,8 ] for q=-5.
1, 325521, 132454820421, 51329529054158421, 20082729571968536374671, 7842306707330337276457324671, 3063597127265150338968694860387171, 1196702310087594273181943625299134137171, 467463036580276600555969910576099571466559046


Gaussian binomial coefficient [ n,8 ] for q=-6.
1, 1439671, 2487182817955, 4158260859792814555, 6989674736616919292088715, 11738459947705882553575280369515, 19716527736890127515275338116221320235, 33116077152651051199781730118147946460139435, 55622326158904300663023790195853299389540017396395


Inverse of 1353rd cyclotomic polynomial.
1, -1, 0, 1, -1, 0, 1, -1, 0, 1, -1, 1, 0, -1, 1, 0, -1, 1, 0, -1, 1, 0, 0, 0, 0, 0, 0, 0, 0, 0, 0, 0, 0, 0, 0, 0, 0, 0, 0, 0, 0, 1, -1, 0, 1, -1, 0, 1, -1, 0, 1, -1, 1, 0, -1, 1, 0, -1, 1, 0, -1, 1, 0, 0, 0, 0, 0, 0, 0, 0, 0, 0, 0, 0, 0, 0, 0, 0, 0, 0, 0


Gaussian binomial coefficient [ n,8 ] for q=-7.
1, 5044201, 29684623509101, 170628488227082949701, 984049129188697468764456303, 5672509895284807570626050787828903, 32701168672146988445875611556849499108603, 188515500954498588979354521825234382842445990403


Gaussian binomial coefficient [ n,8 ] for q=-8.
1, 14913081, 254171409198201, 4255976180162154314361, 71420868399845502303592335993, 1198206769685258176958937686297856633, 20102650473193049559156865045854634505718393


Gaussian binomial coefficient [ n,8 ] for q=-9.
1, 38742049, 1688564650965445, 72587599955185580267365, 3125134483161392104770081009295, 134524513999723596604019036560420619887, 5790850118312580284352508983888376537699322083


Inverse of 1357th cyclotomic polynomial.
1, 1, 1, 1, 1, 1, 1, 1, 1, 1, 1, 1, 1, 1, 1, 1, 1, 1, 1, 1, 1, 1, 1, 0, 0, 0, 0, 0, 0, 0, 0, 0, 0, 0, 0, 0, 0, 0, 0, 0, 0, 0, 0, 0, 0, 0, 0, 0, 0, 0, 0, 0, 0, 0, 0, 0, 0, 0, 0, -1, -1, -1, -1, -1, -1, -1, -1, -1, -1, -1, -1, -1, -1, -1, -1, -1, -1, -1


Gaussian binomial coefficient [ n,8 ] for q=-10.
1, 90909091, 9182736463728191, 917356290091909926537191, 91744803489448201844894398447191, 9174388605059687035653977786959679347191, 917439777945737474914267633276565557306870347191


Gaussian binomial coefficient [ n,8 ] for q=-11.
1, 196495641, 42471590605551405, 9097327679593690752247605, 1950226184559914695131839252162415, 418045706884240723248900544124967821025015, 89611860518118688087749643530422009144522097477435


Gaussian binomial coefficient [ n,8 ] for q=-12.
1, 396906181, 171855836163195541, 73852125402551558141191381, 31756593605318274408653251348629973, 13654699102424414895934644240803700147539413, 5871272644707452307243912611380074655778555267227093


Gaussian binomial coefficient [ n,8 ] for q=-13.
1, 757464241, 621564749363392901, 506798783502833908602716981, 413425812255544017749839936272484623, 337243227617163445881817693983677965955870943, 275099718210633054941121644140453635236773122223471523


Gaussian binomial coefficient [ n,9 ] for q=-2.
1, -341, 232903, -105970865, 57881286463, -28735427761313, 14946527496991519, -7593183562134412385, 3902985682508407194271, -1994425683761796076272481, 1022146087305755916943130783, -523082886040328458081329117025


Inverse of 1363rd cyclotomic polynomial.
1, 1, 1, 1, 1, 1, 1, 1, 1, 1, 1, 1, 1, 1, 1, 1, 1, 1, 1, 1, 1, 1, 1, 1, 1, 1, 1, 1, 1, 0, 0, 0, 0, 0, 0, 0, 0, 0, 0, 0, 0, 0, 0, 0, 0, 0, 0, -1, -1, -1, -1, -1, -1, -1, -1, -1, -1, -1, -1, -1, -1, -1, -1, -1, -1, -1, -1, -1, -1, -1, -1, -1, -1, -1, -1, -1, 0


Inverse of 1364th cyclotomic polynomial.
1, 0, -1, 0, 1, 0, -1, 0, 1, 0, -1, 0, 1, 0, -1, 0, 1, 0, -1, 0, 1, 0, 0, 0, 0, 0, 0, 0, 0, 0, 0, 0, 0, 0, 0, 0, 0, 0, 0, 0, 0, 0, 0, 0, 0, 0, 0, 0, 0, 0, 0, 0, 0, 0, 0, 0, 0, 0, 0, 0, 0, 0, 1, 0, -1, 0, 1, 0, -1, 0, 1, 0, -1, 0, 1, 0, -1, 0, 1, 0, -1


Inverse of 1365th cyclotomic polynomial.
1, 1, 1, 0, 0, -1, -1, -2, -1, -1, 0, 0, 1, 0, 0, 0, 1, 1, 1, 1, 1, 1, 0, 0, -1, -1, -2, -1, -2, -1, -1, 1, 1, 2, 1, 2, 1, 1, 0, 1, 0, 0, -1, -1, -2, -2, -2, -1, -1, -1, 0, 1, 1, 1, 2, 2, 2, 1, 1, 0, 0, -1, 0, -1, -1, -1, 0, -1, -1, -1, 0, 0, 0, 0, 1, 1, 1, 1, 1, 0, 0


Gaussian binomial coefficient [ n,9 ] for q=-3.
1, -14762, 326882347, -6204226946060, 123644349019377043, -2423717068608654822146, 47771556642163840723529281, -939857780045414554730512966640, 18502040831058043147238631145734166, -364157167636884405223950738210339855212


Gaussian binomial coefficient [ n,9 ] for q=-4.
1, -209715, 58640578205, -15135778281070755, 3983313338565919030365, -1043182954580986851130914723, 273530932713230996784935699290205, -71700116580663579186545558567554787235, 18796042166858164201094703719132482337953885


Gaussian binomial coefficient [ n,9 ] for q=-5.
1, -1627604, 3311368882921, -6416187820400919704, 12551699566292514833249671, -24507195908707737696414306347204, 47868680606322065338648160779243199671, -93492320106912696270274007078334075223284704


Gaussian binomial coefficient [ n,9 ] for q=-6.
1, -8638025, 89538572808355, -898184256176675135525, 9058617560471271225871839115, -91278255494743382265330154281509525, 919894226814090294609303909820267635374635, -9270381253910297854571803793049953719997957501525


Gaussian binomial coefficient [ n,9 ] for q=-7.
1, -35309406, 1454546516636543, -58525570007342935110900, 2362701900656492615160524472603, -95337871447349860183019420430515900118, 3847259697771549596318959641032366290112134229


Gaussian binomial coefficient [ n,9 ] for q=-8.
1, -119304647, 16266970069380217, -2179059787976052939572615, 292539874786707389459461268654713, -39262839136506665155883080645146897495431, 5269789166381879647128952074697436662720144919161


Gaussian binomial coefficient [ n,9 ] for q=-9.
1, -348678440, 136773736379522605, -52916360230556551635386480, 20504007291105533368839949866598015, -7943538006665671364765186721016327317109448, 3077495169782617972230910362141435994555138110002155


Gaussian binomial coefficient [ n,9 ] for q=-10.
1, -909090909, 918273645463728191, -917356289173636281073462809, 917448033977125729275307703398447191, -917438859588520669588272049420660231320652809, 917439777028298615325746963688293507886210115870347191


Gaussian binomial coefficient [ n,9 ] for q=-11.
1, -2161452050, 5139062461110267955, -12108543136400139930131294300, 28553261556033167915025118560778623715, -67326679110860591163925513616845073983121067050, 158752877164012182076561255078472431325233637546101158985


Gaussian binomial coefficient [ n,9 ] for q=-12.
1, -4762874171, 24747240402737283733, -127616472670861852065241422635, 658504724872263265466971967899949697493, -3397726086395967282512946130260694347212577518123


Gaussian binomial coefficient [ n,9 ] for q=-13.
1, -9847035132, 105044442632566365137, -1113436927250681654567602842120, 11807854622717155763702496765310830475383, -125216049699851612689080581288579246248342359563916


Gaussian binomial coefficient [ n,10 ] for q=-2.
1, 683, 932295, 848699215, 926949282623, 920460637644639, 957498220445101855, 972884994173649887135, 1000137219716325891620511, 1022146087305755916943130783, 1047699739488399814866709052575, 1072321450350081081965428740719775


Inverse of 1378th cyclotomic polynomial.
1, -1, 1, -1, 1, -1, 1, -1, 1, -1, 1, -1, 1, 0, 0, 0, 0, 0, 0, 0, 0, 0, 0, 0, 0, 0, 0, 0, 0, 0, 0, 0, 0, 0, 0, 0, 0, 0, 0, 0, 0, 0, 0, 0, 0, 0, 0, 0, 0, 0, 0, 0, 0, 1, -1, 1, -1, 1, -1, 1, -1, 1, -1, 1, -1, 1, 0, 0, 0, 0, 0, 0, 0, 0, 0, 0, 0, 0, 0, 0, 0


Gaussian binomial coefficient [ n,10 ] for q=-3.
1, 44287, 2941985410, 167517069529030, 10015359787639069513, 588973263031690760850991, 34826053765400471578213696840, 2055503791013087031667210071738520, 121393945396362834176064326157233601646


Inverse of 1380th cyclotomic polynomial.
1, 0, 1, 0, 0, 0, -1, 0, -1, 0, -1, 0, 0, 0, 1, 0, 1, 0, 0, 0, 0, 0, 0, 0, 0, 0, 0, 0, 0, 0, 0, 0, 0, 0, 0, 0, 0, 0, 0, 0, 0, 0, 0, 0, 0, 0, -1, 0, -1, 0, 0, 0, 1, 0, 1, 0, 1, 0, 0, 0, -1, 0, -1, 0, 0, 0, 0, 0, 0, 0, 0, 0, 0, 0, 0, 0, 0, 0, 0, 0, 0


Gaussian binomial coefficient [ n,10 ] for q=-4.
1, 838861, 938250090141, 968690748238618461, 1019729183363623510391901, 1068220365220113899181567068253, 1120383768613759382944995805859747933, 1174735830441360695151745376566623493806173, 1231818594183047090443637654682442929123639613533


Gaussian binomial coefficient [ n,10 ] for q=-5.
1, 8138021, 82784230211046, 802023560334345174046, 7844813030956382105126218421, 76584995059524711257676812461230921, 747948211058777330441088769852487456090296, 7304088256300765454892487244083619479306573590296


Gaussian binomial coefficient [ n,10 ] for q=-6.
1, 51828151, 3223388672928931, 194007802557550502202331, 11739968552378570066280405695371, 709779726467093092873777345973423761771, 42918585756017923252384776090351752769462732331


Gaussian binomial coefficient [ n,10 ] for q=-7.
1, 247165843, 71272779562356450, 20074270583791406305395150, 5672847283550509352791825564114953, 1602343611088456383646516751967506297398179, 452626257785468649545785666454333613632908777305800


Gaussian binomial coefficient [ n,10 ] for q=-8.
1, 954437177, 1041086085394771065, 1115678612484825190455949945, 1198243328242032079710778546865654393, 1286564714023293732070008866290952083995937401, 1381443612518576172240265744739493702803061753684478585


Inverse of 1386th cyclotomic polynomial.
1, 0, 0, 1, 0, 0, 0, 0, 0, -1, 0, 0, -1, 0, 0, 0, 0, 0, 1, 0, 0, 0, 0, 0, -1, 0, 0, -1, 0, 0, 0, 0, 0, 0, 0, 0, 0, 0, 0, 0, 0, 0, 1, 0, 0, 1, 0, 0, 0, 0, 0, -1, 0, 0, 0, 0, 0, 1, 0, 0, 1, 0, 0, 0, 0, 0, 0, 0, 0, 0, 0, 0, 0, 0, 0, -1, 0, 0, -1, 0, 0


Inverse of 1387th cyclotomic polynomial.
1, 1, 1, 1, 1, 1, 1, 1, 1, 1, 1, 1, 1, 1, 1, 1, 1, 1, 1, 0, 0, 0, 0, 0, 0, 0, 0, 0, 0, 0, 0, 0, 0, 0, 0, 0, 0, 0, 0, 0, 0, 0, 0, 0, 0, 0, 0, 0, 0, 0, 0, 0, 0, 0, 0, 0, 0, 0, 0, 0, 0, 0, 0, 0, 0, 0, 0, 0, 0, 0, 0, 0, 0, -1, -1, -1, -1, -1, -1, -1, -1


Gaussian binomial coefficient [ n,10 ] for q=-9.
1, 3138105961, 11078672649879436966, 38576026619154398792076180886, 134526791875519431052113309866825757301, 469057975890128020293538941741406421614821552253, 1635507110993502253670495254060345828123783573932476807608


Gaussian binomial coefficient [ n,10 ] for q=-10.
1, 9090909091, 91827364555463728191, 917356289265463645628926537191, 9174480340688613582018540679613398447191, 91743885968026547299515818524084563811678679347191, 917439777120042501293773510987809326410294679682025870347191


Gaussian binomial coefficient [ n,10 ] for q=-11.
1, 23775972551, 621826557818118395106, 16116470915170412804822871108406, 418048302457998082359053173653182700919721, 10843028997901257369999365975865569183708813670389271


Inverse of 1391st cyclotomic polynomial.
1, 1, 1, 1, 1, 1, 1, 1, 1, 1, 1, 1, 1, 0, 0, 0, 0, 0, 0, 0, 0, 0, 0, 0, 0, 0, 0, 0, 0, 0, 0, 0, 0, 0, 0, 0, 0, 0, 0, 0, 0, 0, 0, 0, 0, 0, 0, 0, 0, 0, 0, 0, 0, 0, 0, 0, 0, 0, 0, 0, 0, 0, 0, 0, 0, 0, 0, 0, 0, 0, 0, 0, 0, 0, 0, 0, 0, 0, 0, 0, 0


Gaussian binomial coefficient [ n,10 ] for q=-12.
1, 57154490053, 3563602618051323347605, 220521264778812882986788501660885, 13654753975171772337501943609360145428875733, 845462977543736084817433183822531039414960234418458069


Gaussian binomial coefficient [ n,10 ] for q=-13.
1, 128011456717, 17752510805031727164870, 2446220929187500105890055171302510, 337244135881870906696294510219932684378716373, 46491842741544248966048667175076748587505712393943779761


Inverse of 1394th cyclotomic polynomial.
1, -1, 1, -1, 1, -1, 1, -1, 1, -1, 1, -1, 1, -1, 1, -1, 1, 0, 0, 0, 0, 0, 0, 0, 0, 0, 0, 0, 0, 0, 0, 0, 0, 0, 0, 0, 0, 0, 0, 0, 0, 1, -1, 1, -1, 1, -1, 1, -1, 1, -1, 1, -1, 1, -1, 1, -1, 1, 0, 0, 0, 0, 0, 0, 0, 0, 0, 0, 0, 0, 0, 0, 0, 0, 0, 0, 0, 0, 0, 0, 0


Inverse of 1395th cyclotomic polynomial.
1, 0, 0, -1, 0, 0, 0, 0, 0, 1, 0, 0, -1, 0, 0, 1, 0, 0, 0, 0, 0, -1, 0, 0, 1, 0, 0, 0, 0, 0, 0, 0, 0, 0, 0, 0, 0, 0, 0, 0, 0, 0, 0, 0, 0, 0, 0, 0, 0, 0, 0, 0, 0, 0, 0, 0, 0, 0, 0, 0, 0, 0, 0, 0, 0, 0, 0, 0, 0, 0, 0, 0, 0, 0, 0, 0, 0, 0, 0, 0, 0


Gaussian binomial coefficient [ n,11 ] for q=-2.
1, -1365, 3727815, -6785865905, 14824402656063, -29439916001972385, 61250446192484546335, -124468028808034701006945, 255910660218571393553843871, -523082886040328458081329117025


Inverse of 1397th cyclotomic polynomial.
1, 1, 1, 1, 1, 1, 1, 1, 1, 1, 1, 0, 0, 0, 0, 0, 0, 0, 0, 0, 0, 0, 0, 0, 0, 0, 0, 0, 0, 0, 0, 0, 0, 0, 0, 0, 0, 0, 0, 0, 0, 0, 0, 0, 0, 0, 0, 0, 0, 0, 0, 0, 0, 0, 0, 0, 0, 0, 0, 0, 0, 0, 0, 0, 0, 0, 0, 0, 0, 0, 0, 0, 0, 0, 0, 0, 0, 0, 0, 0, 0


Gaussian binomial coefficient [ n,11 ] for q=-3.
1, -132860, 26477735830, -4522934399547980, 811239619864365082573, -143119691677080990521708240, 25388050075285266699527263288120, -4495361402895546052989488899628855120


Gaussian binomial coefficient [ n,11 ] for q=-4.
1, -3355443, 15011998086813, -61996192875273494691, 261050608944894743386831965, -1093857392934787687867181291059107, 4589090822384565497755014953620236474461, -19246867256860431244800698494652605702283863971


Gaussian binomial coefficient [ n,11 ] for q=-5.
1, -40690104, 2069605714586046, -100252942972187432169704, 4903008044094795843516454343421, -239328104658006678585444195424892284704, 11686690558465291130135333443500921076518590296, -570631883336806742698184435808699328319904985223284704


Gaussian binomial coefficient [ n,11 ] for q=-6.
1, -310968905, 116041991914472611, -41905685236388916561230885, 15214999201976941569510489219969931, -5519247137793116688209551072778853951561365, 2002409531513525089470147425061900304433199288073771


Gaussian binomial coefficient [ n,11 ] for q=-7.
1, -1730160900, 3492366196825305150, -6885474806748086165925231300, 13620506320919298149305087013514770853, -26930589057943180119027708901012791326856423600, 53251026575272012092468957753658186409285293414393640600


Inverse of 1403rd cyclotomic polynomial.
1, 1, 1, 1, 1, 1, 1, 1, 1, 1, 1, 1, 1, 1, 1, 1, 1, 1, 1, 1, 1, 1, 1, 0, 0, 0, 0, 0, 0, 0, 0, 0, 0, 0, 0, 0, 0, 0, 0, 0, 0, 0, 0, 0, 0, 0, 0, 0, 0, 0, 0, 0, 0, 0, 0, 0, 0, 0, 0, 0, 0, -1, -1, -1, -1, -1, -1, -1, -1, -1, -1, -1, -1, -1, -1, -1, -1, -1, -1


Gaussian binomial coefficient [ n,11 ] for q=-8.
1, -7635497415, 66629509457629850745, -571227449525600988055816521095, 4908004671908135948969747939905903872633, -42158152544207284340561914581652169948472972883335


Gaussian binomial coefficient [ n,11 ] for q=-9.
1, -28242953648, 897372484611991440598, -28121923404466184234811544425296, 882630281467161063728449241801432249226565, -27697404417453539188846019907159858548132165589760832, 869175534545800426775448129124238227336771807766117241522242296


Inverse of 1406th cyclotomic polynomial.
1, -1, 1, -1, 1, -1, 1, -1, 1, -1, 1, -1, 1, -1, 1, -1, 1, -1, 1, 0, 0, 0, 0, 0, 0, 0, 0, 0, 0, 0, 0, 0, 0, 0, 0, 0, 0, 1, -1, 1, -1, 1, -1, 1, -1, 1, -1, 1, -1, 1, -1, 1, -1, 1, -1, 1, 0, 0, 0, 0, 0, 0, 0, 0, 0, 0, 0, 0, 0, 0, 0, 0, 0, 0, 0, 0, 0, 0, 0, 0, 0


Inverse of 1407th cyclotomic polynomial.
1, -1, 0, 1, -1, 0, 1, 0, -1, 1, 0, -1, 1, 0, 0, 0, 0, 0, 0, 0, 0, 0, 0, 0, 0, 0, 0, 0, 0, 0, 0, 0, 0, 0, 0, 0, 0, 0, 0, 0, 0, 0, 0, 0, 0, 0, 0, 0, 0, 0, 0, 0, 0, 0, 0, 0, 0, 0, 0, 0, 0, 0, 0, 0, 0, 0, 0, 1, -1, 0, 1, -1, 0, 1, 0, -1, 1, 0, -1, 1, 0


Gaussian binomial coefficient [ n,11 ] for q=-10.
1, -90909090909, 9182736455455463728191, -917356289256280909173471073462809, 91744803405968779530929125886960513398447191, -9174388596710909926545613072877527255280907421320652809


Gaussian binomial coefficient [ n,11 ] for q=-11.
1, -261535698060, 75241013495730790109766, -21451022788016578429723510655178620, 6120645196266098901030880937026524413510456541, -1746280663134874755499501790878094901668461626016352027280


Inverse of 1410th cyclotomic polynomial.
1, 1, 0, -1, -1, -1, 0, 1, 1, 0, 0, 0, 0, 0, 0, 0, 0, 0, 0, 0, 0, 0, 0, 0, 0, 0, 0, 0, 0, 0, 0, 0, 0, 0, 0, 0, 0, 0, 0, 0, 0, 0, 0, 0, 0, 0, 0, -1, -1, 0, 1, 1, 1, 0, -1, -1, 0, 0, 0, 0, 0, 0, 0, 0, 0, 0, 0, 0, 0, 0, 0, 0, 0, 0, 0, 0, 0, 0, 0, 0, 0


Inverse of 1411th cyclotomic polynomial.
1, 1, 1, 1, 1, 1, 1, 1, 1, 1, 1, 1, 1, 1, 1, 1, 1, 0, 0, 0, 0, 0, 0, 0, 0, 0, 0, 0, 0, 0, 0, 0, 0, 0, 0, 0, 0, 0, 0, 0, 0, 0, 0, 0, 0, 0, 0, 0, 0, 0, 0, 0, 0, 0, 0, 0, 0, 0, 0, 0, 0, 0, 0, 0, 0, 0, 0, 0, 0, 0, 0, 0, 0, 0, 0, 0, 0, 0, 0, 0, 0


Gaussian binomial coefficient [ n,11 ] for q=-12.
1, -685853880635, 513158776998704708174485, -381060745537275503024171826161834795, 283144978428780810444903027180667803787005364693, -210378243627879792478862753186483140572522717247026752860715


Gaussian binomial coefficient [ n,11 ] for q=-13.
1, -1664148937320, 3000174326048697741925710, -5374347381421937558314402513609688760, 9632029764916740618771445568833182996026908640493, -17262095767026556801586191040816999767731925288888540910160480


Gaussian binomial coefficient [ n,12 ] for q=-2.
1, 2731, 14913991, 54301841231, 237244744338239, 942314556807454559, 3920970870875818419999, 15935828658299317547308959, 65529064844612576067331339935, 267883966717492783113707839256735


Gaussian binomial coefficient [ n,12 ] for q=-3.
1, 398581, 238300021051, 122119467087816511, 65710531328480659504924, 34778150788062009177434607244, 18507923283033747485964552371646724, 9831373896055842251635498188040677794164


Gaussian binomial coefficient [ n,12 ] for q=-4.
1, 13421773, 240191982810781, 3967756584209486471005, 66828959857649638516515454045, 1120110037194182450025632158559979613, 18796917128597217472986991275660647159371869


Inverse of 1417th cyclotomic polynomial.
1, 1, 1, 1, 1, 1, 1, 1, 1, 1, 1, 1, 1, 0, 0, 0, 0, 0, 0, 0, 0, 0, 0, 0, 0, 0, 0, 0, 0, 0, 0, 0, 0, 0, 0, 0, 0, 0, 0, 0, 0, 0, 0, 0, 0, 0, 0, 0, 0, 0, 0, 0, 0, 0, 0, 0, 0, 0, 0, 0, 0, 0, 0, 0, 0, 0, 0, 0, 0, 0, 0, 0, 0, 0, 0, 0, 0, 0, 0, 0, 0


Gaussian binomial coefficient [ n,12 ] for q=-5.
1, 203450521, 51740143068101671, 12531617923263572089314671, 3064380040090865325461356053952796, 747900330120650910670378436164144443652796, 182604540723920504029015495725080327984747417027796, 44580616068292567497216163076570130750072904955316534527796


Inverse of 1419th cyclotomic polynomial.
1, -1, 0, 1, -1, 0, 1, -1, 0, 1, -1, 1, 0, -1, 1, 0, -1, 1, 0, -1, 1, 0, 0, 0, 0, 0, 0, 0, 0, 0, 0, 0, 0, 0, 0, 0, 0, 0, 0, 0, 0, 0, 0, 1, -1, 0, 1, -1, 0, 1, -1, 0, 1, -1, 1, 0, -1, 1, 0, -1, 1, 0, -1, 1, 0, 0, 0, 0, 0, 0, 0, 0, 0, 0, 0, 0, 0, 0, 0, 0, 0


Gaussian binomial coefficient [ n,12 ] for q=-6.
1, 1865813431, 4177511710786827427, 9051628015237517688012698587, 19718638974813744289323111717093729163, 42917665763197914342331213431251480044434903403


Gaussian binomial coefficient [ n,12 ] for q=-7.
1, 12111126301, 171125943656551078651, 2361717858885719498568905414551, 32702835678888952715367233418017870232604, 452622410329553863939387656214689217248493781677804


Gaussian binomial coefficient [ n,12 ] for q=-8.
1, 61083979321, 4264288605349394427001, 292468454161371994489927453227641, 20103187136428193301141459556344509715532409, 1381438342588687480407961010312719764427906885156653689, 94932082182896025238148883982319050364413593497347296287825382009


Gaussian binomial coefficient [ n,12 ] for q=-9.
1, 254186582833, 72687171253825493271271, 20500882161928535478431441379312055, 5790937276726544621284284010937628428554805020, 1635504033452004972838895174119166771419593874338342173788, 461915515256190228639422934162753182948200513062452706826160310202324


Gaussian binomial coefficient [ n,12 ] for q=-10.
1, 909090909091, 918273645546455463728191, 917356289257199182819017528926537191, 917448034060605151598548458052424151513398447191, 917438859672008440688621912439351273986143166283578679347191, 917439777111785551556734609501952335249856503700731106092153925870347191


Gaussian binomial coefficient [ n,12 ] for q=-11.
1, 2876892678661, 9104162632986302495960347, 28551311330859170052594978984538703567, 89612366318560505321323986969057938917191132920348, 281240247078624326614268823428029385995576471270476701478391628


Inverse of 1426th cyclotomic polynomial.
1, -1, 1, -1, 1, -1, 1, -1, 1, -1, 1, -1, 1, -1, 1, -1, 1, -1, 1, -1, 1, -1, 1, 0, 0, 0, 0, 0, 0, 0, 0, 1, -1, 1, -1, 1, -1, 1, -1, 1, -1, 1, -1, 1, -1, 1, -1, 1, -1, 1, -1, 1, -1, 1, 0, 0, 0, 0, 0, 0, 0, 0, 0, 0, 0, 0, 0, 0, 0, 0, 0, 0, 0, 0, 0, 0, 0, 0, 0, 0, 0


Gaussian binomial coefficient [ n,12 ] for q=-12.
1, 8230246567621, 73894863887821708223693461, 658472968288485964089656737315874219221, 5871294272699857358353797657582417236064659116493269, 52348839118418455816373076458257326632599555195248225626953928149


Inverse of 1428th cyclotomic polynomial.
1, 0, 1, 0, 0, 0, -1, 0, -1, 0, 0, 0, 1, 0, 0, 0, -1, 0, -1, 0, 0, 0, 1, 0, 1, 0, 0, 0, 0, 0, 0, 0, 0, 0, -1, 0, -1, 0, 0, 0, 1, 0, 1, 0, 0, 0, -1, 0, 0, 0, 1, 0, 1, 0, 0, 0, -1, 0, -1, 0, 0, 0, 0, 0, 0, 0, 0, 0, 1, 0, 1, 0, 0, 0, -1, 0, -1, 0, 0, 0, 1


Gaussian binomial coefficient [ n,12 ] for q=-13.
1, 21633936185161, 507029461102251552321630151, 11807441196984503845077844573952807835871, 275100402115798836253928241395289617394098490488956444, 6409295323626866454933457428954320223001885025904687118646704057084


Inverse of 1430th cyclotomic polynomial.
1, 1, 0, 0, 0, -1, -1, 0, 0, 0, 1, 0, -1, -1, -1, -1, 0, 1, 1, 1, 1, 0, 0, 0, 0, 0, 1, 1, 0, 0, 0, -1, -1, -1, -1, -1, 0, 0, 0, 0, 0, 0, 0, 0, 1, 1, 1, 1, 1, 0, 0, 0, 0, 0, 0, 0, 0, -1, -1, -1, -1, -1, 0, 0, 0, 1, 1, 0, 0, 0, 0, 0, 1, 1, 1, 1, 0, -1, -1, -1, -1


Generalized Fibonacci numbers.
1, 1, 6, 11, 41, 96, 301, 781, 2286, 6191, 17621, 48576, 136681, 379561, 1062966, 2960771, 8275601, 23079456, 64457461, 179854741, 502142046, 1401415751, 3912125981, 10919204736, 30479834641, 85075858321, 237475031526


Generalized Fibonacci numbers.
0, 1, 1, 7, 13, 55, 133, 463, 1261, 4039, 11605, 35839, 105469, 320503, 953317, 2876335, 8596237, 25854247, 77431669, 232557151, 697147165, 2092490071, 6275373061, 18830313487, 56482551853, 169464432775, 508359743893, 1525146340543, 4575304803901, 13726182847159


Generalized Fibonacci numbers: a(n) = a(n-1) + 7*a(n-2), a(0)=0, a(1)=1.
0, 1, 1, 8, 15, 71, 176, 673, 1905, 6616, 19951, 66263, 205920, 669761, 2111201, 6799528, 21577935, 69174631, 220220176, 704442593, 2245983825, 7177081976, 22898968751, 73138542583, 233431323840, 745401121921, 2379420388801


Generalized Fibonacci numbers: a(n) = a(n-1) + 8*a(n-2).
1, 1, 9, 17, 89, 225, 937, 2737, 10233, 32129, 113993, 371025, 1282969, 4251169, 14514921, 48524273, 164643641, 552837825, 1869986953, 6292689553, 21252585177, 71594101601, 241614783017, 814367595825, 2747285859961


Inverse of 1435th cyclotomic polynomial.
1, -1, 0, 0, 0, 1, -1, 1, -1, 0, 1, -1, 1, -1, 1, 0, -1, 1, -1, 1, 0, 0, 0, -1, 1, 0, 0, 0, 0, 0, 0, 0, 0, 0, 0, 0, 0, 0, 0, 0, 0, 1, -1, 0, 0, 0, 1, -1, 1, -1, 0, 1, -1, 1, -1, 1, 0, -1, 1, -1, 1, 0, 0, 0, -1, 1, 0, 0, 0, 0, 0, 0, 0, 0, 0, 0, 0, 0, 0, 0, 0


Generalized Fibonacci numbers: a(n) = a(n-1) + 9*a(n-2).
1, 1, 10, 19, 109, 280, 1261, 3781, 15130, 49159, 185329, 627760, 2295721, 7945561, 28607050, 100117099, 357580549, 1258634440, 4476859381, 15804569341, 56096303770, 198337427839, 703204161769, 2488241012320


Generalized Fibonacci numbers: a(n) = a(n-1) + 10*a(n-2).
1, 1, 11, 21, 131, 341, 1651, 5061, 21571, 72181, 287891, 1009701, 3888611, 13985621, 52871731, 192727941, 721445251, 2648724661, 9863177171, 36350423781, 134982195491, 498486433301, 1848308388211, 6833172721221


Generalized Fibonacci numbers: a(n) = a(n-1) + 11*a(n-2).
1, 1, 12, 23, 155, 408, 2113, 6601, 29844, 102455, 430739, 1557744, 6295873, 23431057, 92685660, 350427287, 1369969547, 5224669704, 20294334721, 77765701465, 301003383396, 1156426099511, 4467463316867, 17188150411488


a(0)=1, a(1)=1, and a(n) = 4*a(n-1) + a(n-2) for n&gt;=2.
1, 1, 5, 21, 89, 377, 1597, 6765, 28657, 121393, 514229, 2178309, 9227465, 39088169, 165580141, 701408733, 2971215073, 12586269025, 53316291173, 225851433717, 956722026041, 4052739537881, 17167680177565, 72723460248141, 308061521170129, 1304969544928657, 5527939700884757


Expansion of (1-4*x)/(1-5*x-x^2).
1, 1, 6, 31, 161, 836, 4341, 22541, 117046, 607771, 3155901, 16387276, 85092281, 441848681, 2294335686, 11913527111, 61861971241, 321223383316, 1667978887821, 8661117822421, 44973567999926, 233528957822051


Inverse of 1441st cyclotomic polynomial.
1, 1, 1, 1, 1, 1, 1, 1, 1, 1, 1, 0, 0, 0, 0, 0, 0, 0, 0, 0, 0, 0, 0, 0, 0, 0, 0, 0, 0, 0, 0, 0, 0, 0, 0, 0, 0, 0, 0, 0, 0, 0, 0, 0, 0, 0, 0, 0, 0, 0, 0, 0, 0, 0, 0, 0, 0, 0, 0, 0, 0, 0, 0, 0, 0, 0, 0, 0, 0, 0, 0, 0, 0, 0, 0, 0, 0, 0, 0, 0, 0


a(n) = 6*a(n-1) + a(n-2) for n &gt; 1, with a(0) = a(1) = 1.
1, 1, 7, 43, 265, 1633, 10063, 62011, 382129, 2354785, 14510839, 89419819, 551029753, 3395598337, 20924619775, 128943316987, 794584521697, 4896450447169, 30173287204711, 185936173675435, 1145790329257321


Inverse of 1443rd cyclotomic polynomial.
1, -1, 0, 1, -1, 0, 1, -1, 0, 1, -1, 0, 1, 0, -1, 1, 0, -1, 1, 0, -1, 1, 0, -1, 1, 0, 0, 0, 0, 0, 0, 0, 0, 0, 0, 0, 0, 1, -1, 0, 1, -1, 0, 1, -1, 0, 1, -1, 0, 1, 0, -1, 1, 0, -1, 1, 0, -1, 1, 0, -1, 1, 0, 0, 0, 0, 0, 0, 0, 0, 0, 0, 0, 0, 1, -1, 0, 1, -1, 0, 1


Generalized Fibonacci numbers.
1, 1, 8, 57, 407, 2906, 20749, 148149, 1057792, 7552693, 53926643, 385039194, 2749201001, 19629446201, 140155324408, 1000716717057, 7145172343807, 51016923123706, 364263634209749, 2600862362591949, 18570300172353392


Generalized Fibonacci numbers.
1, 1, 9, 73, 593, 4817, 39129, 317849, 2581921, 20973217, 170367657, 1383914473, 11241683441, 91317382001, 741780739449, 6025563297593, 48946287120193, 397595860259137, 3229713169193289, 26235301213805449, 213112122879636881


a(n) = 9*a(n-1) + a(n-2) for n&gt;1; a(0) = a(1) = 1.
1, 1, 10, 91, 829, 7552, 68797, 626725, 5709322, 52010623, 473804929, 4316254984, 39320099785, 358197153049, 3263094477226, 29726047448083, 270797521509973, 2466903741037840, 22472931190850533


Generalized Fibonacci numbers.
1, 1, 11, 111, 1121, 11321, 114331, 1154631, 11660641, 117761041, 1189271051, 12010471551, 121293986561, 1224950337161, 12370797358171, 124932923918871, 1261700036546881, 12741933289387681, 128681032930423691, 1299552262593624591, 13124203658866669601


Generalized Fibonacci numbers.
1, 1, 12, 133, 1475, 16358, 181413, 2011901, 22312324, 247447465, 2744234439, 30434026294, 337518523673, 3743137786697, 41512034177340, 460375513737437, 5105642685289147, 56622445051918054, 627952538256387741, 6964100365872183205, 77233056562850402996


Inverse of 1449th cyclotomic polynomial.
1, 0, 0, -1, 0, 0, 0, 0, 0, 1, 0, 0, -1, 0, 0, 0, 0, 0, 1, 0, 0, 0, 0, 0, -1, 0, 0, 1, 0, 0, 0, 0, 0, -1, 0, 0, 1, 0, 0, 0, 0, 0, 0, 0, 0, 0, 0, 0, 0, 0, 0, 0, 0, 0, 0, 0, 0, 0, 0, 0, 0, 0, 0, 0, 0, 0, 0, 0, 0, 1, 0, 0, -1, 0, 0, 0, 0, 0, 1, 0, 0


q-Fibonacci numbers for q=2.
0, 1, 1, 3, 7, 31, 143, 1135, 10287, 155567, 2789039, 82439343, 2938415279, 171774189743, 12207523172527, 1419381685547183, 201427441344229551, 46711726513354322095, 13247460522448782176431, 6135846878080826487812271


q-Fibonacci numbers for q=3.
0, 1, 1, 4, 13, 121, 1174, 30577, 886423, 67758322, 5883579625, 1339570631551, 348759063908176, 237649677731273173, 185582515360156234789, 379075929664916795231668, 888014493839316022947740209


q-Fibonacci numbers for q=4.
0, 1, 1, 5, 21, 341, 5717, 354901, 23771733, 5838469717, 1563742763605, 1532083548256853, 1641235215638133333, 6427665390003549698645, 27541785384957544314239573, 431380864280640133787922528853


q-Fibonacci numbers for q=5.
0, 1, 1, 6, 31, 781, 20156, 2460781, 317398281, 192565913906, 124176269429531, 376229476867085781, 1213035110624630757656, 18371792960261297531148281, 296169521847801754865890523281, 22426801247965814514582357345601406


q-Fibonacci numbers for q=6.
0, 1, 1, 7, 43, 1555, 57283, 12148963, 2684744611, 3403616850979, 4512743621400355, 34305128668265064739, 272902655183139496957219, 12446072589202949254455565603, 594062125322746104949654522449187, 162554939850629908283324416663519980835


q-Fibonacci numbers for q=7.
0, 1, 1, 8, 57, 2801, 139658, 47216065, 16477840107, 38900937658402, 95030370064332109, 1569888180568718888123, 26845297334664927227358264, 3104208728255475471662060331653, 371576574614065326331102018605110717


q-Fibonacci numbers for q=8.
0, 1, 1, 9, 73, 4681, 303689, 153690697, 79763939913, 322392516534857, 1338539241447957065, 43272129632752387301961, 1437288838737538572434088521, 371706200490726725394268777423433, 98770108622737228265012391281001570889


Inverse of 1457th cyclotomic polynomial.
1, 1, 1, 1, 1, 1, 1, 1, 1, 1, 1, 1, 1, 1, 1, 1, 1, 1, 1, 1, 1, 1, 1, 1, 1, 1, 1, 1, 1, 1, 1, 0, 0, 0, 0, 0, 0, 0, 0, 0, 0, 0, 0, 0, 0, 0, 0, -1, -1, -1, -1, -1, -1, -1, -1, -1, -1, -1, -1, -1, -1, -1, -1, -1, -1, -1, -1, -1, -1, -1, -1, -1, -1, -1, -1, -1


q-Fibonacci numbers for q=9.
0, 1, 1, 10, 91, 7381, 604432, 436445101, 321656391613, 2087825044676482, 13848340772676227455, 808880048095782179467153, 48286987465947852695801396608, 25383561292811993463191359951919785, 13637696871632801620185917930189837576233


q-Fibonacci numbers for q=10.
0, 1, 1, 11, 111, 11111, 1121111, 1112221111, 1122223221111, 11123333333221111, 112233445444433221111, 11123445566666555433221111, 1122345577889898877665433221111, 1112345679012233433220988765433221111


q-Fibonacci numbers for q=11.
0, 1, 1, 12, 133, 16105, 1963358, 2595689713, 3480804151551, 50586130104323474, 746191869036731097905, 119280194867984161366496439, 19354414621214347335584253057344, 34032051023004810891710239239325511573


q-Fibonacci numbers for q=12.
0, 1, 1, 13, 157, 22621, 3278173, 5632106845, 9794204234077, 201818365309759837, 4211530365904119214429, 1041342647528423104910537053, 260767900948768868884822059725149, 773726564635922870118341112574642827613


Inverse of 1462nd cyclotomic polynomial.
1, -1, 1, -1, 1, -1, 1, -1, 1, -1, 1, -1, 1, -1, 1, -1, 1, 0, 0, 0, 0, 0, 0, 0, 0, 0, 0, 0, 0, 0, 0, 0, 0, 0, 0, 0, 0, 0, 0, 0, 0, 0, 0, 1, -1, 1, -1, 1, -1, 1, -1, 1, -1, 1, -1, 1, -1, 1, -1, 1, 0, 0, 0, 0, 0, 0, 0, 0, 0, 0, 0, 0, 0, 0, 0, 0, 0, 0, 0, 0, 0


Inverse of 1463rd cyclotomic polynomial.
1, -1, 0, 0, 0, 0, 0, 1, -1, 0, 0, 1, -1, 0, 1, -1, 0, 0, 1, 0, -1, 1, 0, -1, 0, 1, 0, -1, 1, 0, 0, -1, 1, 1, -2, 1, 0, 0, 0, 0, 1, -1, 0, 0, 1, -1, 0, 1, -1, 1, -1, 1, 0, -1, 1, 0, 0, 0, 0, 0, 0, 0, 0, 1, -1, 0, 1, -1, 1, -1, 1, 0, -1, 1, 0, 0, 0, 0, 0, 0, 0


q-Fibonacci numbers for q=2.
0, 1, 2, 9, 74, 1193, 38250, 2449193, 313534954, 80267397417, 41097221012458, 42083634584154409, 86187324725569242090, 353023324159566199755049, 2891967157702491033962603498, 47381990264820937260009495466281


q-Fibonacci numbers for q=3.
0, 1, 3, 28, 759, 61507, 14946960, 10896395347, 23830431570849, 156351472432735636, 3077466055723967094237, 181721293280796005380336249, 32191381943890636020834392595840, 17107820211824904790829046440906141689


q-Fibonacci numbers for q=4.
0, 1, 4, 65, 4164, 1066049, 1091638340, 4471351706689, 73258627454030916, 4801077413298721817665, 1258573637505038759624004676, 1319710110525284599824799048959041, 5535265395417901871821058989004725507140


q-Fibonacci numbers for q=5.
0, 1, 5, 126, 15755, 9847001, 30771893880, 480810851722001, 37563347821553222005, 14673182743275038197425126, 28658560045496622327167502440755, 279868750444317625596488416061195472001, 13665466330288975220888581437110387323801268880


q-Fibonacci numbers for q=6.
0, 1, 6, 217, 46878, 60754105, 472423967358, 22041412681808953, 6170184900967295034366, 10363541282645125629123492409, 104440618529953822157016270251244030, 6315124821581059445960128077000914860421689


Inverse of 1469th cyclotomic polynomial.
1, 1, 1, 1, 1, 1, 1, 1, 1, 1, 1, 1, 1, 0, 0, 0, 0, 0, 0, 0, 0, 0, 0, 0, 0, 0, 0, 0, 0, 0, 0, 0, 0, 0, 0, 0, 0, 0, 0, 0, 0, 0, 0, 0, 0, 0, 0, 0, 0, 0, 0, 0, 0, 0, 0, 0, 0, 0, 0, 0, 0, 0, 0, 0, 0, 0, 0, 0, 0, 0, 0, 0, 0, 0, 0, 0, 0, 0, 0, 0, 0


q-Fibonacci numbers for q=7.
0, 1, 7, 344, 117999, 283315943, 4761691172000, 560208204977943943, 461355545756912579822049, 2659622911535555605275705841192, 107325377740302038777488717075646201593, 30316762801210878398501692486189317906592712849


q-Fibonacci numbers for q=8.
0, 1, 8, 513, 262664, 1075872257, 35254182380040, 9241672386909078017, 19381191729586400963887624, 325162439984693881306137776652801, 43642563925681986905603214423711358943752


q-Fibonacci numbers for q=9.
0, 1, 9, 730, 532179, 3491627149, 206177092053480, 109570959981485091829, 524074504891889945272313781, 22559688995294431207802541840253930, 8740085742244887761578226267084082717085551


q-Fibonacci numbers for q=10.
0, 1, 10, 1001, 1001010, 10010101001, 1001010101101010, 1001010101111020101001, 10010101011111202020111101010, 1001010101111121203021211212020101001, 1001010101111121213031312223131303021111101010


Inverse of 1474th cyclotomic polynomial.
1, -1, 1, -1, 1, -1, 1, -1, 1, -1, 1, 0, 0, 0, 0, 0, 0, 0, 0, 0, 0, 0, 0, 0, 0, 0, 0, 0, 0, 0, 0, 0, 0, 0, 0, 0, 0, 0, 0, 0, 0, 0, 0, 0, 0, 0, 0, 0, 0, 0, 0, 0, 0, 0, 0, 0, 0, 0, 0, 0, 0, 0, 0, 0, 0, 0, 0, 1, -1, 1, -1, 1, -1, 1, -1, 1, -1, 1, 0, 0, 0


q-Fibonacci numbers for q=11.
0, 1, 11, 1332, 1772903, 25957074155, 4180412751509808, 7405856194503424044443, 144319186063701664852323850561, 30936099231445891001437365359291226684, 72945703751334713422596099393765798208419237205


q-Fibonacci numbers for q=12.
0, 1, 12, 1729, 2987724, 61953446593, 15416000025617100, 46031929420554204172993, 1649407256866864913519509578444, 709214929702322267749941478181800334017, 3659393259623103647557638545139154960967463412428


a(0)=1, a(1)=2, a(n) = sum_{k=0}^{k=n-1} 2^k a(k).
1, 2, 5, 25, 225, 3825, 126225, 8204625, 1058396625, 272007932625, 139540069436625, 143028571172540625, 293065542332535740625, 1200689526936398929340625, 9837249294189916428087740625, 161183329685301780674217630140625


a(0)=1, a(1)=3, a(n) = sum_{k=0}^{k=n-1} 3^k a(k).
1, 3, 10, 100, 2800, 229600, 56022400, 40896352000, 89481218176000, 587175753670912000, 11557967535258231808000, 682497982956998588262400000, 120903152684866385913507635200000


Inverse of 1479th cyclotomic polynomial.
1, -1, 0, 1, -1, 0, 1, -1, 0, 1, -1, 0, 1, -1, 0, 1, -1, 1, 0, -1, 1, 0, -1, 1, 0, -1, 1, 0, -1, 2, -1, -1, 2, -1, 0, 1, -1, 0, 1, -1, 0, 1, -1, 0, 1, -1, 1, 0, -1, 1, 0, -1, 1, 0, -1, 1, 0, -1, 2, -1, -1, 2, -1, 0, 1, -1, 0, 1, -1, 0, 1, -1, 0, 1, -1, 1, 0, -1, 1, 0, -1


a(0)=1, a(1)=4, a(n) = sum_{k=0}^{k=n-1} 4^k a(k).
1, 4, 17, 289, 18785, 4827745, 4948438625, 20273753046625, 332185443668950625, 21770437421732017110625, 5707011317919939625464790625, 5984240806710536532650993759190625


a(0)=1, a(1)=5, a(n) = sum_{k=0}^{k=n-1} 5^k a(k).
1, 5, 26, 676, 85176, 53320176, 166678870176, 2604524025370176, 203481044006070370176, 79484986295915244420370176, 155244193344195757673779920370176, 1516056730871105040228764708644920370176


Inverse of 1482nd cyclotomic polynomial.
1, 1, 0, -1, -1, 0, 1, 1, 0, -1, -1, 0, 1, 0, -1, -1, 0, 1, 1, -1, -2, -1, 1, 2, 1, -1, -1, 0, 1, 1, 0, -1, 0, 1, 1, 0, -1, -1, 1, 2, 1, -1, -2, -1, 1, 1, 0, -1, -1, 0, 1, 0, -1, -1, 0, 1, 1, 0, -1, -1, 0, 1, 1, 0, 0, 0, 0, 0, 0, 0, 0, 0, 0, 0, 0, 0, 0, 0, 0, 0, 0


a(0)=1, a(1)=6, a(n) = sum_{k=0}^{k=n-1} 6^k a(k).
1, 6, 37, 1369, 297073, 385303681, 2996506727137, 139808014368031009, 39137436118143496566433, 65735903040447825272422496161, 662466512863011927404416372294221217, 40056817423347655955546590948840276184277409


Inverse of 1484th cyclotomic polynomial.
1, 0, -1, 0, 1, 0, -1, 0, 1, 0, -1, 0, 1, 0, 0, 0, 0, 0, 0, 0, 0, 0, 0, 0, 0, 0, 0, 0, 0, 0, 0, 0, 0, 0, 0, 0, 0, 0, 0, 0, 0, 0, 0, 0, 0, 0, 0, 0, 0, 0, 0, 0, 0, 0, 0, 0, 0, 0, 0, 0, 0, 0, 0, 0, 0, 0, 0, 0, 0, 0, 0, 0, 0, 0, 0, 0, 0, 0, 0, 0, 0


Inverse of 1485th cyclotomic polynomial.
1, 0, 0, 0, 0, 0, 0, 0, 0, -1, 0, 0, 0, 0, 0, 0, 0, 0, 0, 0, 0, 0, 0, 0, 0, 0, 0, 1, 0, 0, 0, 0, 0, 0, 0, 0, -1, 0, 0, 0, 0, 0, 0, 0, 0, 1, 0, 0, 0, 0, 0, 0, 0, 0, 0, 0, 0, 0, 0, 0, 0, 0, 0, -1, 0, 0, 0, 0, 0, 0, 0, 0, 1, 0, 0, 0, 0, 0, 0, 0, 0


a(0)=1, a(1)=7, a(n) = sum_{k=0}^{k=n-1} 7^k a(k).
1, 7, 50, 2500, 860000, 2065720000, 34720621760000, 4084881150064000000, 3364079361848306816000000, 19393251433341842829490432000000, 782587666186514855538867732678656000000


a(0)=1, a(1)=8, a(n) = sum_{k=0}^{k=n-1} 8^k a(k).
1, 8, 65, 4225, 2167425, 8879940225, 290986761233025, 76280724523431338625, 159972350276487602091434625, 2683890834588642498097652544938625, 360225732702402245287553744812732691882625


a(0)=1, a(1)=9, a(n) = sum_{k=0}^{k=n-1} 9^k a(k).
1, 9, 82, 6724, 4908520, 32209708240, 1901983271572000, 1010793793810766824000, 4834596391983083396187280000, 208113526867898819658489702096160000, 80627444554789525982513713046048334318400000


a(0)=1, a(1)=10, a(n) = sum_{k=0}^{k=n-1} 10^k a(k).
1, 10, 101, 10201, 10211201, 102122221201, 10212324242321201, 10212334454645443321201, 102123354758788887857453321201, 10212335578002243544534219977553321201


a(0)=1, a(1)=11, a(n) = sum_{k=0}^{k=n-1} 11^k a(k).
1, 11, 122, 14884, 19825488, 290284795296, 46750946852011392, 82822200907043005634304, 1613970474494103062192651148288, 345968906493565448004393168763031894016, 815776584570266460972904878145357549417415811072


Inverse of 1491st cyclotomic polynomial.
1, -1, 0, 1, -1, 0, 1, 0, -1, 1, 0, -1, 1, 0, 0, 0, 0, 0, 0, 0, 0, 0, 0, 0, 0, 0, 0, 0, 0, 0, 0, 0, 0, 0, 0, 0, 0, 0, 0, 0, 0, 0, 0, 0, 0, 0, 0, 0, 0, 0, 0, 0, 0, 0, 0, 0, 0, 0, 0, 0, 0, 0, 0, 0, 0, 0, 0, 0, 0, 0, 0, 1, -1, 0, 1, -1, 0, 1, 0, -1, 1


