a(0)=1, a(1)=12, a(n) = sum_{k=0}^{k=n-1} 12^k a(k).
1, 12, 145, 21025, 36352225, 753836089825, 187579295739424225, 560108963388484644486625, 20069717395324174580677650054625, 8629611143951908451324039380459800198625


a(1)=1, a(n) = Sum_{k=1..n-1} (3^k-1)/2 * a(k).
1, 1, 5, 70, 2870, 350140, 127801100, 139814403400, 458731057555400, 4514831068460246800, 133300387296288786770000, 11806948504381482999365980000, 3137354163532752044074527571580000, 2500979519710095684958538548015855960000


a(1)=1, a(n) = sum_{k=1}^{k=n-1} (4^k-1)/3 a(k).
1, 1, 6, 132, 11352, 3882384, 5303336544, 28966824203328, 632809241545903488, 55296137144764138588416, 19327437631660830304254690816, 27021729207700270170039091739231232, 151116480551518237100547636877027177224192


Inverse of 1495th cyclotomic polynomial.
1, -1, 0, 0, 0, 1, -1, 0, 0, 0, 1, -1, 0, 1, -1, 1, -1, 0, 1, -1, 1, -1, 0, 2, -2, 1, 0, -1, 2, -2, 1, 0, -1, 2, -2, 1, 1, -2, 2, -1, 0, 1, -2, 2, -1, 0, 2, -3, 2, 0, -1, 2, -2, 1, 0, -1, 2, -2, 1, 1, -2, 2, -1, 0, 1, -2, 2, -1, 0, 2, -3, 2, 0, -1, 2, -2, 1, 0, -1, 2, -2


Inverse of 1496th cyclotomic polynomial.
1, 0, 0, 0, -1, 0, 0, 0, 1, 0, 0, 0, -1, 0, 0, 0, 1, 0, 0, 0, -1, 0, 0, 0, 1, 0, 0, 0, -1, 0, 0, 0, 1, 0, 0, 0, -1, 0, 0, 0, 1, 0, 0, 0, 0, 0, 0, 0, 0, 0, 0, 0, 0, 0, 0, 0, 0, 0, 0, 0, 0, 0, 0, 0, 0, 0, 0, 0, 1, 0, 0, 0, -1, 0, 0, 0, 1, 0, 0, 0, -1


a(1)=1, a(n) = sum_{k=1}^{k=n-1} (5^k-1)/4 a(k).
1, 1, 7, 224, 35168, 27501376, 107447876032, 2098671914657024, 204950003169660992768, 100073397447688408870744576, 244319893042568615235897903058432, 2982420752607212448380293251367177293824


a(1)=1, a(n) = sum_{k=1}^{k=n-1} (6^k-1)/5 a(k).
1, 1, 8, 352, 91520, 142405120, 1328924579840, 74403829376081920, 24994031979330942894080, 50376471215620688640734003200, 609214555257707874214915513922355200, 44204249911340791820804231319883906967142400


a(1)=1, a(n) = sum_{k=1}^{k=n-1} (7^k-1)/6 a(k).
1, 1, 9, 522, 209322, 586520244, 11501075464596, 1578614616119517768, 1516734501782248791012168, 10200952598655696033329019125136, 480252779391204632593567857157274897424, 158269444415262012661462389451687149577571916192


a(1)=1, a(n) = sum_{k=1}^{k=n-1} (8^k-1)/7 a(k).
1, 1, 10, 740, 433640, 2030302480, 76034827876000, 22779578222682344000, 54596862986901017252624000, 1046838176230046602563156976288000, 160576277008444677145920980328106246720000


Inverse of 1501st cyclotomic polynomial.
1, 1, 1, 1, 1, 1, 1, 1, 1, 1, 1, 1, 1, 1, 1, 1, 1, 1, 1, 0, 0, 0, 0, 0, 0, 0, 0, 0, 0, 0, 0, 0, 0, 0, 0, 0, 0, 0, 0, 0, 0, 0, 0, 0, 0, 0, 0, 0, 0, 0, 0, 0, 0, 0, 0, 0, 0, 0, 0, 0, 0, 0, 0, 0, 0, 0, 0, 0, 0, 0, 0, 0, 0, 0, 0, 0, 0, 0, 0, -1, -1


a(1)=1, a(n) = sum_{k=1}^{k=n-1} (9^k-1)/8 a(k).
1, 1, 11, 1012, 830852, 6133349464, 407444538242984, 243599680968409330048, 1310771150941736627904810368, 63477451180042308935531134194562816, 27666523379269090447091129488519658150671616


a(1)=1, a(n) = sum_{k=1}^{k=n-1} (10^k-1)/9 a(k).
1, 1, 12, 1344, 1494528, 16607195136, 1845258665951232, 2050289046842405289984, 22780991231839211526404702208, 2531221268231904597902043824359735296, 2812468078063201791652852780757078172764209152


a(1)=1, a(n) = sum_{k=1}^{k=n-1} (11^k-1)/10 a(k).
1, 1, 13, 1742, 2552030, 41102995180, 7281683317103260, 14189947350338830620680, 304174136317707285574697584520, 71722670512982436329410134761448960400, 186030135925835196854820049614502274473787544400


Inverse of 1505th cyclotomic polynomial.
1, -1, 0, 0, 0, 1, -1, 1, -1, 0, 1, -1, 1, -1, 1, 0, -1, 1, -1, 1, 0, 0, 0, -1, 1, 0, 0, 0, 0, 0, 0, 0, 0, 0, 0, 0, 0, 0, 0, 0, 0, 0, 0, 1, -1, 0, 0, 0, 1, -1, 1, -1, 0, 1, -1, 1, -1, 1, 0, -1, 1, -1, 1, 0, 0, 0, -1, 1, 0, 0, 0, 0, 0, 0, 0, 0, 0, 0, 0, 0, 0


a(1)=1, a(n) = sum_{k=1}^{k=n-1} (12^k-1)/11 a(k).
1, 1, 14, 2212, 4171832, 94375183504, 25618521062894816, 83450744014073963641408, 3262026661649164626974053098368, 1530121919008888925087797696409496422656, 8612828743790947623482719127044813092555596516864


Inverse of 1507th cyclotomic polynomial.
1, 1, 1, 1, 1, 1, 1, 1, 1, 1, 1, 0, 0, 0, 0, 0, 0, 0, 0, 0, 0, 0, 0, 0, 0, 0, 0, 0, 0, 0, 0, 0, 0, 0, 0, 0, 0, 0, 0, 0, 0, 0, 0, 0, 0, 0, 0, 0, 0, 0, 0, 0, 0, 0, 0, 0, 0, 0, 0, 0, 0, 0, 0, 0, 0, 0, 0, 0, 0, 0, 0, 0, 0, 0, 0, 0, 0, 0, 0, 0, 0


Inverse of 1508th cyclotomic polynomial.
1, 0, -1, 0, 1, 0, -1, 0, 1, 0, -1, 0, 1, 0, -1, 0, 1, 0, -1, 0, 1, 0, -1, 0, 1, 0, 0, 0, 0, 0, 0, 0, 0, 0, 0, 0, 0, 0, 0, 0, 0, 0, 0, 0, 0, 0, 0, 0, 0, 0, 0, 0, 0, 0, 0, 0, 0, 0, 1, 0, -1, 0, 1, 0, -1, 0, 1, 0, -1, 0, 1, 0, -1, 0, 1, 0, -1, 0, 1, 0, -1


a(n) = 2*a(n-1) + 3*a(n-2), with a(0)=0, a(1)=1.
0, 1, 2, 7, 20, 61, 182, 547, 1640, 4921, 14762, 44287, 132860, 398581, 1195742, 3587227, 10761680, 32285041, 96855122, 290565367, 871696100, 2615088301, 7845264902, 23535794707, 70607384120, 211822152361, 635466457082


a(n) = 2*a(n-1) + 7*a(n-2).
0, 1, 2, 11, 36, 149, 550, 2143, 8136, 31273, 119498, 457907, 1752300, 6709949, 25685998, 98341639, 376485264, 1441362001, 5518120850, 21125775707, 80878397364, 309637224677, 1185423230902, 4538307034543, 17374576685400


a(n) = 2*a(n-1) + 11*a(n-2), a(0) = 0, a(1) = 1.
0, 1, 2, 15, 52, 269, 1110, 5179, 22568, 102105, 452458, 2028071, 9033180, 40375141, 180115262, 804357075, 3589982032, 16027891889, 71545586130, 319397983039, 1425797413508, 6364972640445, 28413716829478


a(n) = 3*a(n-1) + 4*a(n-2), a(0) = 0, a(1) = 1.
0, 1, 3, 13, 51, 205, 819, 3277, 13107, 52429, 209715, 838861, 3355443, 13421773, 53687091, 214748365, 858993459, 3435973837, 13743895347, 54975581389, 219902325555, 879609302221, 3518437208883, 14073748835533


Inverse of 1513th cyclotomic polynomial.
1, 1, 1, 1, 1, 1, 1, 1, 1, 1, 1, 1, 1, 1, 1, 1, 1, 0, 0, 0, 0, 0, 0, 0, 0, 0, 0, 0, 0, 0, 0, 0, 0, 0, 0, 0, 0, 0, 0, 0, 0, 0, 0, 0, 0, 0, 0, 0, 0, 0, 0, 0, 0, 0, 0, 0, 0, 0, 0, 0, 0, 0, 0, 0, 0, 0, 0, 0, 0, 0, 0, 0, 0, 0, 0, 0, 0, 0, 0, 0, 0


a(n) = 3*a(n-1) + 5*a(n-2), with a(0)=0, a(1)=1.
0, 1, 3, 14, 57, 241, 1008, 4229, 17727, 74326, 311613, 1306469, 5477472, 22964761, 96281643, 403668734, 1692414417, 7095586921, 29748832848, 124724433149, 522917463687, 2192374556806, 9191710988853, 38537005750589


a(n) = 3*a(n-1) + 7*a(n-2).
0, 1, 3, 16, 69, 319, 1440, 6553, 29739, 135088, 613437, 2785927, 12651840, 57457009, 260933907, 1185000784, 5381539701, 24439624591, 110989651680, 504046327177, 2289066543291, 10395523920112, 47210037563373


Expansion of x/(1-3*x-8*x^2).
0, 1, 3, 17, 75, 361, 1683, 7937, 37275, 175321, 824163, 3875057, 18218475, 85655881, 402715443, 1893393377, 8901903675, 41852858041, 196773803523, 925144274897, 4349623252875, 20450023957801, 96147057896403


Inverse of 1517th cyclotomic polynomial.
1, 1, 1, 1, 1, 1, 1, 1, 1, 1, 1, 1, 1, 1, 1, 1, 1, 1, 1, 1, 1, 1, 1, 1, 1, 1, 1, 1, 1, 1, 1, 1, 1, 1, 1, 1, 1, 0, 0, 0, 0, -1, -1, -1, -1, -1, -1, -1, -1, -1, -1, -1, -1, -1, -1, -1, -1, -1, -1, -1, -1, -1, -1, -1, -1, -1, -1, -1, -1, -1, -1, -1, -1, -1, -1, -1


Inverse of 1518th cyclotomic polynomial.
1, 1, 0, -1, -1, 0, 1, 1, 0, -1, -1, -1, 0, 1, 1, 0, -1, -1, 0, 1, 1, 0, 0, -1, -1, 0, 1, 1, 0, -1, -1, 0, 1, 1, 1, 0, -1, -1, 0, 1, 1, 0, -1, -1, 0, 0, 1, 1, 0, -1, -1, 0, 1, 1, 0, -1, -1, -1, 0, 1, 1, 0, -1, -1, 0, 1, 1, 0, 0, 0, 0, 0, 0, 0, 0, 0, 0, 0, 0, 0, 0


a(n) = 3*a(n-1) + 10*a(n-2).
0, 1, 3, 19, 87, 451, 2223, 11179, 55767, 279091, 1394943, 6975739, 34876647, 174387331, 871928463, 4359658699, 21798260727, 108991369171, 544956714783, 2724783836059, 13623918656007, 68119594328611, 340597969545903


Expansion of x/(1 - 3*x - 11*x^2).
0, 1, 3, 20, 93, 499, 2520, 13049, 66867, 344140, 1767957, 9089411, 46715760, 240130801, 1234265763, 6344236100, 32609631693, 167615492179, 861552425160, 4428427689449, 22762359745107, 116999783819260, 601385308653957, 3091153547973731


Expansion of x/(1 - 4*x - 3*x^2).
0, 1, 4, 19, 88, 409, 1900, 8827, 41008, 190513, 885076, 4111843, 19102600, 88745929, 412291516, 1915403851, 8898489952, 41340171361, 192056155300, 892245135283, 4145149007032, 19257331433977, 89464772757004


Linear 2nd order recurrence: a(n) = 4*a(n-1) + 5*a(n-2).
0, 1, 4, 21, 104, 521, 2604, 13021, 65104, 325521, 1627604, 8138021, 40690104, 203450521, 1017252604, 5086263021, 25431315104, 127156575521, 635782877604, 3178914388021, 15894571940104, 79472859700521


a(n) = 4*a(n-1) + 7*a(n-2).
0, 1, 4, 23, 120, 641, 3404, 18103, 96240, 511681, 2720404, 14463383, 76896360, 408829121, 2173591004, 11556167863, 61439808480, 326652408961, 1736688295204, 9233320043543, 49090098240600, 260993633267201, 1387605220753004, 7377376315882423


a(n) = 4*a(n-1) + 9*a(n-2).
0, 1, 4, 25, 136, 769, 4300, 24121, 135184, 757825, 4247956, 23812249, 133480600, 748232641, 4194255964, 23511117625, 131792774176, 738771155329, 4141219588900, 23213818753561, 130126251314344, 729429374039425, 4088853757986796, 22920279398302009


Expansion of x/(1 - 4*x - 11*x^2).
0, 1, 4, 27, 152, 905, 5292, 31123, 182704, 1073169, 6302420, 37014539, 217384776, 1276699033, 7498028668, 44035804035, 258621531488, 1518879970337, 8920356727716, 52389106584571, 307680350343160


Expansion of x/(1 - 5*x - 2*x^2).
0, 1, 5, 27, 145, 779, 4185, 22483, 120785, 648891, 3486025, 18727907, 100611585, 540513739, 2903791865, 15599986803, 83807517745, 450237562331, 2418802847145, 12994489360387, 69810052496225, 375039241201899, 2014816311001945, 10824160037413523


Expansion of x/(1-5*x-3*x^2).
0, 1, 5, 28, 155, 859, 4760, 26377, 146165, 809956, 4488275, 24871243, 137821040, 763718929, 4232057765, 23451445612, 129953401355, 720121343611, 3990466922120, 22112698641433, 122534893973525, 679012565791924, 3762667510880195, 20850375251776747


Expansion of x/(1 - 5*x - 4*x^2).
0, 1, 5, 29, 165, 941, 5365, 30589, 174405, 994381, 5669525, 32325149, 184303845, 1050819821, 5991314485, 34159851709, 194764516485, 1110461989261, 6331368012245, 36098688018269, 205818912140325, 1173489312774701, 6690722212434805


Inverse of 1529th cyclotomic polynomial.
1, 1, 1, 1, 1, 1, 1, 1, 1, 1, 1, 0, 0, 0, 0, 0, 0, 0, 0, 0, 0, 0, 0, 0, 0, 0, 0, 0, 0, 0, 0, 0, 0, 0, 0, 0, 0, 0, 0, 0, 0, 0, 0, 0, 0, 0, 0, 0, 0, 0, 0, 0, 0, 0, 0, 0, 0, 0, 0, 0, 0, 0, 0, 0, 0, 0, 0, 0, 0, 0, 0, 0, 0, 0, 0, 0, 0, 0, 0, 0, 0


Inverse of 1530th cyclotomic polynomial.
1, 0, 0, 1, 0, 0, 0, 0, 0, -1, 0, 0, -1, 0, 0, -1, 0, 0, 0, 0, 0, 1, 0, 0, 1, 0, 0, 0, 0, 0, 0, 0, 0, 0, 0, 0, 0, 0, 0, 0, 0, 0, 0, 0, 0, 0, 0, 0, 0, 0, 0, -1, 0, 0, -1, 0, 0, 0, 0, 0, 1, 0, 0, 1, 0, 0, 1, 0, 0, 0, 0, 0, -1, 0, 0, -1, 0, 0, 0, 0, 0


a(n) = 5*a(n-1) + 6*a(n-2), a(0) = 0, a(1) = 1.
0, 1, 5, 31, 185, 1111, 6665, 39991, 239945, 1439671, 8638025, 51828151, 310968905, 1865813431, 11194880585, 67169283511, 403015701065, 2418094206391, 14508565238345, 87051391430071, 522308348580425


Expansion of x/(1 - 5*x - 7*x^2).
0, 1, 5, 32, 195, 1199, 7360, 45193, 277485, 1703776, 10461275, 64232807, 394392960, 2421594449, 14868722965, 91294775968, 560554940595, 3441838134751, 21133075257920, 129758243232857, 796722742969725, 4891921417478624, 30036666288181195


Inverse of 1533rd cyclotomic polynomial.
1, -1, 0, 1, -1, 0, 1, 0, -1, 1, 0, -1, 1, 0, 0, 0, 0, 0, 0, 0, 0, 0, 0, 0, 0, 0, 0, 0, 0, 0, 0, 0, 0, 0, 0, 0, 0, 0, 0, 0, 0, 0, 0, 0, 0, 0, 0, 0, 0, 0, 0, 0, 0, 0, 0, 0, 0, 0, 0, 0, 0, 0, 0, 0, 0, 0, 0, 0, 0, 0, 0, 0, 0, 1, -1, 0, 1, -1, 0, 1, 0


Inverse of 1534th cyclotomic polynomial.
1, -1, 1, -1, 1, -1, 1, -1, 1, -1, 1, -1, 1, 0, 0, 0, 0, 0, 0, 0, 0, 0, 0, 0, 0, 0, 0, 0, 0, 0, 0, 0, 0, 0, 0, 0, 0, 0, 0, 0, 0, 0, 0, 0, 0, 0, 0, 0, 0, 0, 0, 0, 0, 0, 0, 0, 0, 0, 0, 1, -1, 1, -1, 1, -1, 1, -1, 1, -1, 1, -1, 1, 0, 0, 0, 0, 0, 0, 0, 0, 0


Lucas sequence U(5,-8): a(n+1) = 5*a(n) + 8*a(n-1), a(0)=0, a(1)=1.
0, 1, 5, 33, 205, 1289, 8085, 50737, 318365, 1997721, 12535525, 78659393, 493581165, 3097180969, 19434554165, 121950218577, 765227526205, 4801739379641, 30130517107845, 189066500576353, 1186376639744525, 7444415203333449, 46713089134623445


Expansion of x/(1 - 5*x - 9*x^2).
0, 1, 5, 34, 215, 1381, 8840, 56629, 362705, 2323186, 14880275, 95310049, 610472720, 3910154041, 25045024685, 160416509794, 1027487771135, 6581187443821, 42153327159320, 269997322790989, 1729366558388825, 11076808697063026, 70948342510814555


Inverse of 1537th cyclotomic polynomial.
1, 1, 1, 1, 1, 1, 1, 1, 1, 1, 1, 1, 1, 1, 1, 1, 1, 1, 1, 1, 1, 1, 1, 1, 1, 1, 1, 1, 1, 0, 0, 0, 0, 0, 0, 0, 0, 0, 0, 0, 0, 0, 0, 0, 0, 0, 0, 0, 0, 0, 0, 0, 0, -1, -1, -1, -1, -1, -1, -1, -1, -1, -1, -1, -1, -1, -1, -1, -1, -1, -1, -1, -1, -1, -1, -1


Expansion of x/(1 - 5x - 11x^2).
0, 1, 5, 36, 235, 1571, 10440, 69481, 462245, 3075516, 20462275, 136142051, 905795280, 6026538961, 40096442885, 266774142996, 1774931586715, 11809173506531, 78570114986520, 522751483504441, 3478028682373925, 23140409730418476


Expansion of x/(1 - 5*x - 12*x^2).
0, 1, 5, 37, 245, 1669, 11285, 76453, 517685, 3505861, 23741525, 160777957, 1088788085, 7373275909, 49931836565, 338138493733, 2289874507445, 15507034462021, 105013666399445, 711152745541477, 4815927724500725, 32613471569001349


Inverse of 1540th cyclotomic polynomial.
1, 0, 1, 0, 0, 0, 0, 0, 0, 0, -1, 0, -1, 0, -1, 0, -1, 0, 0, 0, 1, 0, 0, 0, 0, 0, 1, 0, 1, 0, 0, 0, 0, 0, 0, 0, 0, 0, 0, 0, 0, 0, -1, 0, 0, 0, 1, 0, 0, 0, -1, 0, 0, 0, 0, 0, 0, 0, 0, 0, 0, 0, 0, 0, 1, 0, 0, 0, -1, 0, 0, 0, 1, 0, 0, 0, 0, 0, 0, 0, 0


Inverse of 1541st cyclotomic polynomial.
1, 1, 1, 1, 1, 1, 1, 1, 1, 1, 1, 1, 1, 1, 1, 1, 1, 1, 1, 1, 1, 1, 1, 0, 0, 0, 0, 0, 0, 0, 0, 0, 0, 0, 0, 0, 0, 0, 0, 0, 0, 0, 0, 0, 0, 0, 0, 0, 0, 0, 0, 0, 0, 0, 0, 0, 0, 0, 0, 0, 0, 0, 0, 0, 0, 0, 0, -1, -1, -1, -1, -1, -1, -1, -1, -1, -1, -1, -1, -1, -1


Expansion of x/(1 - 6*x - 5*x^2).
0, 1, 6, 41, 276, 1861, 12546, 84581, 570216, 3844201, 25916286, 174718721, 1177893756, 7940956141, 53535205626, 360916014461, 2433172114896, 16403612761681, 110587537144566, 745543286675801, 5026197405777636


a(n) = 6*a(n-1) + 7*a(n-2), a(0) = 0, a(1) = 1.
0, 1, 6, 43, 300, 2101, 14706, 102943, 720600, 5044201, 35309406, 247165843, 1730160900, 12111126301, 84777884106, 593445188743, 4154116321200, 29078814248401, 203551699738806, 1424861898171643, 9974033287201500


Expansion of x/(1 - 6*x - 11*x^2).
0, 1, 6, 47, 348, 2605, 19458, 145403, 1086456, 8118169, 60660030, 453260039, 3386820564, 25306783813, 189095729082, 1412948996435, 10557746998512, 78888920951857, 589468742694774, 4404590586639071, 32911699689476940


a(n) = floor( (n/e)^n ).
0, 0, 1, 4, 21, 115, 750, 5628, 47811, 453999, 4765190, 54782414, 684597510, 9239952802, 133952757201, 2075907567336, 34247231626809, 599244998013963, 11084682598687312, 216127622080213321


Expansion of x/(1 - 7*x - 2*x^2).
0, 1, 7, 51, 371, 2699, 19635, 142843, 1039171, 7559883, 54997523, 400102427, 2910712035, 21175189099, 154047747763, 1120684612539, 8152887783299, 59311583708171, 431486861523795, 3139031198082907, 22836192109627939


Inverse of 1547th cyclotomic polynomial.
1, -1, 0, 0, 0, 0, 0, 1, -1, 0, 0, 0, 0, 1, 0, -1, 0, 1, -1, 0, 1, 0, -1, 0, 1, -1, 1, 0, 0, -1, 1, 0, -1, 1, 1, -1, -1, 1, 0, 0, 0, 1, -1, 0, 0, 0, 0, 1, 0, -1, 0, 1, 0, -1, 1, 0, 0, -1, 1, 0, 0, 0, 0, 0, 0, 1, -1, 0, 1, 0, -1, 0, 1, 0, -1, 1, 0, 0, 0, 0, 0


a(n) = ceiling((n/e)^n).
1, 1, 1, 2, 5, 22, 116, 751, 5629, 47812, 454000, 4765191, 54782415, 684597511, 9239952803, 133952757202, 2075907567337, 34247231626810, 599244998013964, 11084682598687313, 216127622080213322


Nearest integer to (n/e)^n.
0, 1, 1, 5, 21, 116, 751, 5628, 47811, 453999, 4765190, 54782415, 684597510, 9239952802, 133952757201, 2075907567336, 34247231626810, 599244998013964, 11084682598687313, 216127622080213321


Expansion of x/(1 - 7*x - 3*x^2).
0, 1, 7, 52, 385, 2851, 21112, 156337, 1157695, 8572876, 63483217, 470101147, 3481157680, 25778407201, 190892323447, 1413581485732, 10467747370465, 77514976050451, 574008074464552, 4250601449403217, 31476234369216175


Inverse of 1551st cyclotomic polynomial.
1, -1, 0, 1, -1, 0, 1, -1, 0, 1, -1, 1, 0, -1, 1, 0, -1, 1, 0, -1, 1, 0, 0, 0, 0, 0, 0, 0, 0, 0, 0, 0, 0, 0, 0, 0, 0, 0, 0, 0, 0, 0, 0, 0, 0, 0, 0, 1, -1, 0, 1, -1, 0, 1, -1, 0, 1, -1, 1, 0, -1, 1, 0, -1, 1, 0, -1, 1, 0, 0, 0, 0, 0, 0, 0, 0, 0, 0, 0, 0, 0


Expansion of x/(1 - 7*x - 4*x^2).
0, 1, 7, 53, 399, 3005, 22631, 170437, 1283583, 9666829, 72802135, 548282261, 4129184367, 31097419613, 234198674759, 1763780401765, 13283257511391, 100037924186797, 753398499353143, 5673941192219189, 42731182342946895


Expansion of x/(1 - 7*x - 5*x^2).
0, 1, 7, 54, 413, 3161, 24192, 185149, 1417003, 10844766, 82998377, 635212469, 4861479168, 37206416521, 284752311487, 2179298263014, 16678849398533, 127648437104801, 976933306726272, 7476775332607909, 57222093861886723


Inverse of 1554th cyclotomic polynomial.
1, 1, 0, -1, -1, 0, 1, 0, -1, -1, 0, 1, 1, 0, 0, 0, 0, 0, 0, 0, 0, 0, 0, 0, 0, 0, 0, 0, 0, 0, 0, 0, 0, 0, 0, 0, 0, -1, -1, 0, 1, 1, 0, -1, 0, 1, 1, 0, -1, -1, 0, 0, 0, 0, 0, 0, 0, 0, 0, 0, 0, 0, 0, 0, 0, 0, 0, 0, 0, 0, 0, 0, 0, 0, 1, 1, 0, -1, -1, 0, 1


Expansion of x/(1 - 7*x - 6*x^2).
0, 1, 7, 55, 427, 3319, 25795, 200479, 1558123, 12109735, 94116883, 731476591, 5685037435, 44184121591, 343399075747, 2668898259775, 20742682272907, 161212165468999, 1252941251920435, 9737861756257039, 75682679805321883


a(n) = 7*a(n-1) + 8*a(n-2), a(0) = 0, a(1) = 1.
0, 1, 7, 57, 455, 3641, 29127, 233017, 1864135, 14913081, 119304647, 954437177, 7635497415, 61083979321, 488671834567, 3909374676537, 31274997412295, 250199979298361, 2001599834386887, 16012798675095097, 128102389400760775


Expansion of x/(1 - 7*x - 9*x^2).
0, 1, 7, 58, 469, 3805, 30856, 250237, 2029363, 16457674, 133467985, 1082394961, 8777976592, 71187390793, 577313524879, 4681881191290, 37968990062941, 307919861162197, 2497159938701848, 20251398321372709, 164234227697925595


Inverse of 1558th cyclotomic polynomial.
1, -1, 1, -1, 1, -1, 1, -1, 1, -1, 1, -1, 1, -1, 1, -1, 1, -1, 1, 0, 0, 0, 0, 0, 0, 0, 0, 0, 0, 0, 0, 0, 0, 0, 0, 0, 0, 0, 0, 0, 0, 1, -1, 1, -1, 1, -1, 1, -1, 1, -1, 1, -1, 1, -1, 1, -1, 1, -1, 1, 0, 0, 0, 0, 0, 0, 0, 0, 0, 0, 0, 0, 0, 0, 0, 0, 0, 0, 0, 0, 0


Expansion of x/(1 - 7*x - 10*x^2).
0, 1, 7, 59, 483, 3971, 32627, 268099, 2202963, 18101731, 148741747, 1222209539, 10042884243, 82522285091, 678084838067, 5571816717379, 45783565402323, 376203124990051, 3091257528953587, 25400833952575619, 208718412957565203, 1715037230228712611, 14092444741176640307


Inverse of 1560th cyclotomic polynomial.
1, 0, 0, 0, 1, 0, 0, 0, 0, 0, 0, 0, -1, 0, 0, 0, -1, 0, 0, 0, -1, 0, 0, 0, 0, 0, 0, 0, 1, 0, 0, 0, 1, 0, 0, 0, 0, 0, 0, 0, 0, 0, 0, 0, 0, 0, 0, 0, 0, 0, 0, 0, -1, 0, 0, 0, -1, 0, 0, 0, 0, 0, 0, 0, 1, 0, 0, 0, 1, 0, 0, 0, 1, 0, 0, 0, 0, 0, 0, 0, -1


Expansion of x/(1 - 7*x - 11*x^2).
0, 1, 7, 60, 497, 4139, 34440, 286609, 2385103, 19848420, 165175073, 1374558131, 11438832720, 95191968481, 792170939287, 6592308228300, 54860037930257, 456535656023099, 3799210009394520, 31616362282015729, 263105846077449823, 2189520907644321780, 18220810660362200513


Inverse of 1562nd cyclotomic polynomial.
1, -1, 1, -1, 1, -1, 1, -1, 1, -1, 1, 0, 0, 0, 0, 0, 0, 0, 0, 0, 0, 0, 0, 0, 0, 0, 0, 0, 0, 0, 0, 0, 0, 0, 0, 0, 0, 0, 0, 0, 0, 0, 0, 0, 0, 0, 0, 0, 0, 0, 0, 0, 0, 0, 0, 0, 0, 0, 0, 0, 0, 0, 0, 0, 0, 0, 0, 0, 0, 0, 0, 1, -1, 1, -1, 1, -1, 1, -1, 1, -1


Expansion of x/(1 - 7*x - 12*x^2).
0, 1, 7, 61, 511, 4309, 36295, 305773, 2575951, 21700933, 182817943, 1540136797, 12974772895, 109305051829, 920832637543, 7757489084749, 65352415243759, 550556775723301, 4638126412988215, 39073566199597117, 329172480353038399, 2773090156866434197, 23361700862301500167


Inverse of 1564th cyclotomic polynomial.
1, 0, -1, 0, 1, 0, -1, 0, 1, 0, -1, 0, 1, 0, -1, 0, 1, 0, -1, 0, 1, 0, -1, 0, 1, 0, -1, 0, 1, 0, -1, 0, 1, 0, 0, 0, 0, 0, 0, 0, 0, 0, 0, 0, 0, 0, 1, 0, -1, 0, 1, 0, -1, 0, 1, 0, -1, 0, 1, 0, -1, 0, 1, 0, -1, 0, 1, 0, -1, 0, 1, 0, -1, 0, 1, 0, -1, 0, 1, 0, 0


Expansion of x/(1 - 8*x - 3*x^2).
0, 1, 8, 67, 560, 4681, 39128, 327067, 2733920, 22852561, 191022248, 1596735667, 13346952080, 111565823641, 932567445368, 7795237033867, 65159598607040, 544662499957921, 4552778795484488, 38056217863749667, 318108079296450800, 2659033287962855401, 22226590541592195608


Expansion of x/(1 - 8*x - 5*x^2).
0, 1, 8, 69, 592, 5081, 43608, 374269, 3212192, 27568881, 236612008, 2030740469, 17428983792, 149585572681, 1283829500408, 11018563866669, 94567658435392, 811634086816481, 6965910986708808, 59785458327752869, 513113221555566992, 4403833064083300281, 37796230620444237208


Expansion of x/(1 - 8*x - 7*x^2).
0, 1, 8, 71, 624, 5489, 48280, 424663, 3735264, 32854753, 288984872, 2541862247, 22357792080, 196655372369, 1729747523512, 15214567794679, 133824775022016, 1177100174738881, 10353574823065160, 91068299807693447, 801021422223003696, 7045649476437883697, 61972345767064095448


a(n+1) = 8*a(n) + 9*a(n-1), a(0) = 0, a(1) = 1.
0, 1, 8, 73, 656, 5905, 53144, 478297, 4304672, 38742049, 348678440, 3138105961, 28242953648, 254186582833, 2287679245496, 20589113209465, 185302018885184, 1667718169966657, 15009463529699912, 135085171767299209, 1215766545905692880, 10941898913151235921


Expansion of x/(1 - 8*x - 11*x^2).
0, 1, 8, 75, 688, 6329, 58200, 535219, 4921952, 45263025, 416245672, 3827858651, 35201571600, 323719017961, 2976969431288, 27376664647875, 251759980927168, 2315223158543969, 21291145058550600, 195796615212388459, 1800575517343164272, 16558366906081587225, 152273265939427504792


Expansion of x/(1-9*x-2*x^2).
0, 1, 9, 83, 765, 7051, 64989, 599003, 5521005, 50887051, 469025469, 4323003323, 39845080845, 367251734251, 3384955769949, 31199105398043, 287561860122285, 2650454951896651, 24429218287314429, 225163874489623163, 2075333306981237325, 19128327511810382251


Expansion of x/(1 - 9*x - 4*x^2).
0, 1, 9, 85, 801, 7549, 71145, 670501, 6319089, 59553805, 561260601, 5289560629, 49851088065, 469818035101, 4427766668169, 41729172153925, 393273616058001, 3706379233137709, 34930507562471385, 329200084994793301, 3102522795203025249, 29239505496806400445


a(n) = 9*a(n-1) + 5*a(n-2).
0, 1, 9, 86, 819, 7801, 74304, 707741, 6741189, 64209406, 611590599, 5825362421, 55486214784, 528502745161, 5033955780369, 47948115749126, 456702820643979, 4350065964541441, 41434107784092864, 394657299879542981, 3759086237836351149, 35805062639924875246


Inverse of 1573rd cyclotomic polynomial.
1, 0, 0, 0, 0, 0, 0, 0, 0, 0, 0, 1, 0, 0, 0, 0, 0, 0, 0, 0, 0, 0, 1, 0, 0, 0, 0, 0, 0, 0, 0, 0, 0, 1, 0, 0, 0, 0, 0, 0, 0, 0, 0, 0, 1, 0, 0, 0, 0, 0, 0, 0, 0, 0, 0, 1, 0, 0, 0, 0, 0, 0, 0, 0, 0, 0, 1, 0, 0, 0, 0, 0, 0, 0, 0, 0, 0, 1, 0, 0, 0


a(0) = 0, a(1) = 1; for n &gt;= 2, a(n) = 9*a(n-1) + 7*a(n-2).
0, 1, 9, 88, 855, 8311, 80784, 785233, 7632585, 74189896, 721137159, 7009563703, 68134033440, 662273246881, 6437397456009, 62572489832248, 608214190682295, 5911935144966391, 57464915639473584, 558567786770026993, 5429364490406558025, 52774254921049211176


Expansion of x/(1 - 9*x - 8*x^2).
0, 1, 9, 89, 873, 8569, 84105, 825497, 8102313, 79524793, 780541641, 7661073113, 75193991145, 738034505209, 7243862476041, 71099038326041, 697842244742697, 6849372509292601, 67227090541574985, 659838794948515673, 6476365878869240937, 63566003269411293817


a(n) = 9*a(n-1) + 10*a(n-2).
0, 1, 9, 91, 909, 9091, 90909, 909091, 9090909, 90909091, 909090909, 9090909091, 90909090909, 909090909091, 9090909090909, 90909090909091, 909090909090909, 9090909090909091, 90909090909090909, 909090909090909091, 9090909090909090909, 90909090909090909091


Inverse of 1577th cyclotomic polynomial.
1, 1, 1, 1, 1, 1, 1, 1, 1, 1, 1, 1, 1, 1, 1, 1, 1, 1, 1, 0, 0, 0, 0, 0, 0, 0, 0, 0, 0, 0, 0, 0, 0, 0, 0, 0, 0, 0, 0, 0, 0, 0, 0, 0, 0, 0, 0, 0, 0, 0, 0, 0, 0, 0, 0, 0, 0, 0, 0, 0, 0, 0, 0, 0, 0, 0, 0, 0, 0, 0, 0, 0, 0, 0, 0, 0, 0, 0, 0, 0, 0


Expansion of x/(1 - 9*x - 11*x^2).
0, 1, 9, 92, 927, 9355, 94392, 952433, 9610209, 96968644, 978430095, 9872525939, 99615464496, 1005136965793, 10142002801593, 102334531838060, 1032572817360063, 10418835206459227, 105127817849093736, 1060757547912895121, 10703223927556087185, 107997348375046630996


Expansion of x/(1 - 10*x - 3*x^2).
0, 1, 10, 103, 1060, 10909, 112270, 1155427, 11891080, 122377081, 1259444050, 12961571743, 133394049580, 1372825211029, 14128434259030, 145402818223387, 1496413485010960, 15400343304779761, 158492673502830490, 1631127764942644183, 16786755669934933300


Expansion of x/(1 - 10*x - 7*x^2).
0, 1, 10, 107, 1140, 12149, 129470, 1379743, 14703720, 156695401, 1669880050, 17795668307, 189645843420, 2021028112349, 21537802027430, 229525217060743, 2446016784799440, 26066844367419601, 277790561167792090, 2960373522249858107, 31548269150673125700


Inverse of 1581st cyclotomic polynomial.
1, -1, 0, 1, -1, 0, 1, -1, 0, 1, -1, 0, 1, -1, 0, 1, -1, 1, 0, -1, 1, 0, -1, 1, 0, -1, 1, 0, -1, 1, 0, 0, 0, 0, 1, -1, 0, 1, -1, 0, 1, -1, 0, 1, -1, 0, 1, -1, 1, 0, -1, 1, 0, -1, 1, 0, -1, 1, 0, -1, 1, 0, 0, 0, 0, 1, -1, 0, 1, -1, 0, 1, -1, 0, 1, -1, 0, 1, -1, 1, 0


Expansion of x/(1 - 10x - 9x^2).
0, 1, 10, 109, 1180, 12781, 138430, 1499329, 16239160, 175885561, 1905008050, 20633050549, 223475577940, 2420453234341, 26215812544870, 283942204557769, 3075364358481520, 33309123425835121, 360769513484684890, 3907477245679364989, 42321698078155813900


a(n) = 10*a(n-1) + 11*a(n-2).
0, 1, 10, 111, 1220, 13421, 147630, 1623931, 17863240, 196495641, 2161452050, 23775972551, 261535698060, 2876892678661, 31645819465270, 348104014117971, 3829144155297680, 42120585708274481


a(n) = 11*a(n-1) + 2*a(n-2).
0, 1, 11, 123, 1375, 15371, 171831, 1920883, 21473375, 240048891, 2683484551, 29998427843, 335349675375, 3748843284811, 41907975483671, 468485416890003, 5237155536757375, 58545681738111131, 654476810192737191, 7316336275596331363


a(n) = 11*a(n-1) + 3*a(n-2).
0, 1, 11, 124, 1397, 15739, 177320, 1997737, 22507067, 253570948, 2856801629, 32185530763, 362611243280, 4085280268369, 46025916681899, 518540924305996, 5842027917411653, 65817929864446171, 741523312261142840, 8354210224465909753


Inverse of 1586th cyclotomic polynomial.
1, -1, 1, -1, 1, -1, 1, -1, 1, -1, 1, -1, 1, 0, 0, 0, 0, 0, 0, 0, 0, 0, 0, 0, 0, 0, 0, 0, 0, 0, 0, 0, 0, 0, 0, 0, 0, 0, 0, 0, 0, 0, 0, 0, 0, 0, 0, 0, 0, 0, 0, 0, 0, 0, 0, 0, 0, 0, 0, 0, 0, 1, -1, 1, -1, 1, -1, 1, -1, 1, -1, 1, -1, 1, 0, 0, 0, 0, 0, 0, 0


a(n) = 11 a(n-1) + 4 a(n-2).
0, 1, 11, 125, 1419, 16109, 182875, 2076061, 23568171, 267554125, 3037368059, 34481265149, 391443388875, 4443802338221, 50447599275931, 572698801388125, 6501477212373099, 73807044541656589, 837883398807714875, 9511945565051489981


a(n) = 11 a(n-1) + 5 a(n-2).
0, 1, 11, 126, 1441, 16481, 188496, 2155861, 24656951, 282005766, 3225348181, 36888858821, 421904187936, 4825390361401, 55188814915091, 631203915873006, 7219187149178521, 82567078220328761, 944333796169508976, 10800507148966242541


a(n) = 11 a(n-1) + 6 a(n-2).
0, 1, 11, 127, 1463, 16855, 194183, 2237143, 25773671, 296933239, 3420907655, 39411583639, 454052865959, 5231051027383, 60265878496967, 694310969630935, 7999015936922087, 92155041123928567, 1061699547984746759, 12231625274575785751


Inverse of 1590th cyclotomic polynomial.
1, 1, 0, -1, -1, -1, 0, 1, 1, 0, 0, 0, 0, 0, 0, 0, 0, 0, 0, 0, 0, 0, 0, 0, 0, 0, 0, 0, 0, 0, 0, 0, 0, 0, 0, 0, 0, 0, 0, 0, 0, 0, 0, 0, 0, 0, 0, 0, 0, 0, 0, 0, 0, -1, -1, 0, 1, 1, 1, 0, -1, -1, 0, 0, 0, 0, 0, 0, 0, 0, 0, 0, 0, 0, 0, 0, 0, 0, 0, 0, 0


Inverse of 1591st cyclotomic polynomial.
1, 1, 1, 1, 1, 1, 1, 1, 1, 1, 1, 1, 1, 1, 1, 1, 1, 1, 1, 1, 1, 1, 1, 1, 1, 1, 1, 1, 1, 1, 1, 1, 1, 1, 1, 1, 1, 0, 0, 0, 0, 0, 0, -1, -1, -1, -1, -1, -1, -1, -1, -1, -1, -1, -1, -1, -1, -1, -1, -1, -1, -1, -1, -1, -1, -1, -1, -1, -1, -1, -1, -1, -1, -1, -1, -1


a(n) = 11*a(n-1) + 7*a(n-2).
0, 1, 11, 128, 1485, 17231, 199936, 2319913, 26918595, 312343936, 3624213461, 42052755623, 487949806080, 5661817156241, 65695637361211, 762284731067008, 8845001503265565, 102631009653390271, 1190856116710151936, 13817834351385403193


a(n) = 11 a(n-1) + 8 a(n-2).
0, 1, 11, 129, 1507, 17609, 205755, 2404177, 28091987, 328245273, 3835433899, 44815735073, 523656556995, 6118748007529, 71495480538779, 835400269986801, 9761366814165043, 114058237115709881, 1332731542786129035, 15572512867573098433


a(n) = 11*a(n-1) + 9*a(n-2).
0, 1, 11, 130, 1529, 17989, 211640, 2489941, 29294111, 344644690, 4054738589, 47703926689, 561235840880, 6602929589881, 77683348056611, 913943194931650, 10752525276757649, 126503266798718989, 1488308662276727720, 17509924686232475821


Inverse of 1595th cyclotomic polynomial.
1, -1, 0, 0, 0, 1, -1, 0, 0, 0, 1, 0, -1, 0, 0, 1, 0, -1, 0, 0, 1, 0, 0, -1, 0, 1, 0, 0, -1, 1, 0, 0, 0, 0, 0, 0, 0, 0, 0, 0, 1, -1, 0, 0, 1, 0, -1, 0, 0, 1, 0, 0, -1, 0, 1, 0, 0, -1, 1, 0, 0, 0, 0, 0, 0, 0, 0, 0, 0, 1, -1, 0, 0, 1, 0, -1, 0, 0, 1, 0, 0


Inverse of 1596th cyclotomic polynomial.
1, 0, 1, 0, 0, 0, -1, 0, -1, 0, 0, 0, 1, 0, 0, 0, -1, 0, -1, 0, 0, 0, 1, 0, 1, 0, 0, 0, 0, 0, 0, 0, 0, 0, 0, 0, 0, 0, -1, 0, -1, 0, 0, 0, 1, 0, 1, 0, 0, 0, -1, 0, 0, 0, 1, 0, 1, 0, 0, 0, -1, 0, -1, 0, 0, 0, 0, 0, 0, 0, 0, 0, 0, 0, 0, 0, 1, 0, 1, 0, 0


a(n) = 11*a(n-1) + 10*a(n-2).
0, 1, 11, 131, 1551, 18371, 217591, 2577211, 30525231, 361549651, 4282298471, 50720779691, 600751561311, 7115474971331, 84277740297751, 998209892988571, 11823086225851791, 140036047414255411, 1658627383815327431, 19645261696111155851


Inverse of 1598th cyclotomic polynomial.
1, -1, 1, -1, 1, -1, 1, -1, 1, -1, 1, -1, 1, -1, 1, -1, 1, 0, 0, 0, 0, 0, 0, 0, 0, 0, 0, 0, 0, 0, 0, 0, 0, 0, 0, 0, 0, 0, 0, 0, 0, 0, 0, 0, 0, 0, 0, 1, -1, 1, -1, 1, -1, 1, -1, 1, -1, 1, -1, 1, -1, 1, -1, 1, 0, 0, 0, 0, 0, 0, 0, 0, 0, 0, 0, 0, 0, 0, 0, 0, 0


Inverse of 1599th cyclotomic polynomial.
1, -1, 0, 1, -1, 0, 1, -1, 0, 1, -1, 0, 1, 0, -1, 1, 0, -1, 1, 0, -1, 1, 0, -1, 1, 0, 0, 0, 0, 0, 0, 0, 0, 0, 0, 0, 0, 0, 0, 0, 0, 1, -1, 0, 1, -1, 0, 1, -1, 0, 1, -1, 0, 1, 0, -1, 1, 0, -1, 1, 0, -1, 1, 0, -1, 1, 0, 0, 0, 0, 0, 0, 0, 0, 0, 0, 0, 0, 0, 0, 0


a(n) = 11*a(n-1) + 12*a(n-2).
0, 1, 11, 133, 1595, 19141, 229691, 2756293, 33075515, 396906181, 4762874171, 57154490053, 685853880635, 8230246567621, 98762958811451, 1185155505737413, 14221866068848955, 170662392826187461


a(n) = 12*a(n-1) + 5*a(n-2).
0, 1, 12, 149, 1848, 22921, 284292, 3526109, 43734768, 542447761, 6728046972, 83448802469, 1035025864488, 12837554386201, 159225781956852, 1974897155413229, 24494894774743008, 303813223073982241, 3768233150761501932, 46737863924507934389


a(n) = 12*a(n-1) + 7*a(n-2).
0, 1, 12, 151, 1896, 23809, 298980, 3754423, 47145936, 592032193, 7434407868, 93357119767, 1172326292280, 14721415345729, 184863268194708, 2321409125756599, 29150952386442144, 366061292517601921, 4596792176916318060, 57723935170619030167


a(n) = 12*a(n-1) + 11*a(n-2).
0, 1, 12, 155, 1992, 25609, 329220, 4232339, 54409488, 699469585, 8992139388, 115599838091, 1486111590360, 19104937303321, 245606475133812, 3157432011942275, 40590855369779232, 521822016568715809, 6708363607892161260, 86240405476961809019


a(n) = Sum_{i=1..n} phi(i)*ceiling(n/i) - Sum_{i=1..n} phi(i)*floor(n/i).
0, 0, 1, 2, 5, 6, 11, 14, 19, 22, 31, 34, 45, 50, 57, 64, 79, 84, 101, 108, 119, 128, 149, 156, 175, 186, 203, 214, 241, 248, 277, 292, 311, 326, 349, 360, 395, 412, 435, 450, 489, 500, 541, 560, 583, 604, 649, 664, 705, 724, 755, 778, 829, 846, 885, 908, 943


a(n) = (Sum_{i=1..n} phi(i)) - 1.
0, 1, 3, 5, 9, 11, 17, 21, 27, 31, 41, 45, 57, 63, 71, 79, 95, 101, 119, 127, 139, 149, 171, 179, 199, 211, 229, 241, 269, 277, 307, 323, 343, 359, 383, 395, 431, 449, 473, 489, 529, 541, 583, 603, 627, 649, 695, 711, 753, 773, 805, 829, 881, 899, 939, 963


Inverse of 1606th cyclotomic polynomial.
1, -1, 1, -1, 1, -1, 1, -1, 1, -1, 1, 0, 0, 0, 0, 0, 0, 0, 0, 0, 0, 0, 0, 0, 0, 0, 0, 0, 0, 0, 0, 0, 0, 0, 0, 0, 0, 0, 0, 0, 0, 0, 0, 0, 0, 0, 0, 0, 0, 0, 0, 0, 0, 0, 0, 0, 0, 0, 0, 0, 0, 0, 0, 0, 0, 0, 0, 0, 0, 0, 0, 0, 0, 1, -1, 1, -1, 1, -1, 1, -1


Number of triples (i,j,k) with 1 &lt;= i&lt;j&lt;k &lt;= n and GCD{i,j,k} = 1.
0, 0, 1, 4, 10, 19, 34, 52, 79, 109, 154, 196, 262, 325, 409, 493, 613, 712, 865, 997, 1171, 1336, 1567, 1747, 2017, 2251, 2548, 2818, 3196, 3472, 3907, 4267, 4717, 5125, 5665, 6079, 6709, 7222, 7858, 8410, 9190, 9748, 10609, 11299, 12127


Number of (unordered) triples of integers from [1,n] with no common factors between pairs.
0, 0, 1, 2, 7, 8, 19, 25, 37, 42, 73, 79, 124, 138, 159, 183, 262, 277, 378, 405, 454, 491, 640, 668, 794, 850, 959, 1016, 1257, 1285, 1562, 1668, 1805, 1905, 2088, 2150, 2545, 2673, 2866, 2968, 3457, 3522, 4063, 4228, 4431, 4620, 5269, 5385, 5936


Number of triples of different integers from [ 2,n ] with no global factor.
0, 0, 1, 4, 9, 19, 31, 51, 73, 109, 141, 196, 247, 318, 388, 493, 576, 712, 826, 981, 1126, 1336, 1494, 1741, 1951, 2223, 2467, 2818, 3066, 3472, 3802, 4221, 4597, 5104, 5484, 6079, 6556, 7155, 7669, 8410, 8928, 9748, 10396, 11181, 11896, 12886


Inverse of 1610th cyclotomic polynomial.
1, 1, 0, 0, 0, -1, -1, -1, -1, 0, 1, 1, 1, 1, 1, 0, -1, -1, -1, -1, 0, 0, 0, 0, 0, 0, 0, 0, 1, 1, 1, 1, 0, -1, -1, -1, -1, -1, 0, 1, 1, 1, 1, 0, 0, 0, 0, 0, 0, 0, 0, -1, -1, -1, -1, 0, 1, 1, 1, 1, 1, 0, -1, -1, -1, -1, 0, 0, 0, 0, 0, 0, 0, 0, 1, 1, 1, 1, 0, -1, -1


Number of triples of different integers from [ 2,n ] with no common factors between pairs.
0, 0, 0, 2, 2, 8, 11, 18, 20, 42, 45, 79, 88, 102, 119, 183, 193, 277, 297, 335, 363, 491, 512, 619, 664, 756, 802, 1016, 1037, 1285, 1376, 1494, 1579, 1739, 1790, 2150, 2261, 2431, 2518, 2968, 3022, 3522, 3668, 3848, 4016, 4620, 4721, 5231, 5382


Inverse of 1612th cyclotomic polynomial.
1, 0, -1, 0, 1, 0, -1, 0, 1, 0, -1, 0, 1, 0, -1, 0, 1, 0, -1, 0, 1, 0, -1, 0, 1, 0, 0, 0, 0, 0, 0, 0, 0, 0, 0, 0, 0, 0, 0, 0, 0, 0, 0, 0, 0, 0, 0, 0, 0, 0, 0, 0, 0, 0, 0, 0, 0, 0, 0, 0, 0, 0, 1, 0, -1, 0, 1, 0, -1, 0, 1, 0, -1, 0, 1, 0, -1, 0, 1, 0, -1


Quadruples of different integers from [ 1,n ] with no global factor.
0, 0, 0, 1, 5, 15, 35, 69, 125, 205, 325, 479, 699, 965, 1325, 1745, 2305, 2919, 3735, 4619, 5739, 6949, 8489, 10061, 12081, 14161, 16705, 19343, 22619, 25819, 29879, 33919, 38759, 43655, 49615, 55325, 62465, 69419, 77635, 85771, 95651, 104895


Quadruples of different integers from [ 1,n ] with no common factors between pairs.
0, 0, 0, 0, 2, 2, 10, 14, 24, 26, 68, 72, 151, 167, 192, 228, 411, 431, 708, 758, 858, 928, 1419, 1475, 1874, 2013, 2353, 2499, 3515, 3571, 4856, 5254, 5747, 6089, 6795, 6979, 9129, 9630, 10437, 10800, 13768, 13978, 17500, 18275, 19210, 20114, 24734


Inverse of 1615th cyclotomic polynomial.
1, -1, 0, 0, 0, 1, -1, 0, 0, 0, 1, -1, 0, 0, 0, 1, -1, 1, -1, 1, 0, -1, 1, -1, 1, 0, -1, 1, -1, 1, 0, -1, 1, -1, 2, -1, 0, 0, 0, 1, -1, 0, 0, 0, 1, -1, 0, 0, 0, 1, -1, 1, -1, 1, 0, 0, 0, 0, 0, 0, 0, 0, 0, 0, 0, 0, 0, 0, 1, -1, 1, -1, 1, 0, 0, 0, 0, 0, 0, 0, 0


Quadruples of different integers from [ 1,n ] with no common factors between triples.
0, 0, 0, 1, 5, 12, 31, 53, 99, 148, 257, 335, 531, 690, 948, 1192, 1685, 1977, 2689, 3171, 3961, 4651, 5987, 6716, 8353, 9539, 11340, 12781, 15599, 16945, 20417, 22705, 26066, 28814, 33405, 35980, 42059, 45966, 51636, 55816, 64226, 68205


Inverse of 1617th cyclotomic polynomial.
1, 0, 0, 0, 0, 0, 0, -1, 0, 0, 0, 0, 0, 0, 0, 0, 0, 0, 0, 0, 0, 1, 0, 0, 0, 0, 0, 0, -1, 0, 0, 0, 0, 0, 0, 0, 0, 0, 0, 0, 0, 0, 1, 0, 0, 0, 0, 0, 0, 0, 0, 0, 0, 0, 0, 0, -1, 0, 0, 0, 0, 0, 0, 1, 0, 0, 0, 0, 0, 0, 0, 0, 0, 0, 0, 0, 0, 0, 0, 0, 0


Quadruples of different integers from [ 2,n ] with no global factor.
0, 0, 0, 1, 5, 15, 34, 69, 121, 205, 314, 479, 679, 961, 1290, 1745, 2239, 2919, 3650, 4599, 5619, 6949, 8290, 10057, 11861, 14105, 16418, 19343, 22165, 25819, 29424, 33799, 38199, 43631, 48780, 55325, 61649, 69199, 76632, 85771, 94235, 104895


Quadruples of different integers from [ 2,n ] with no common factors between pairs.
0, 0, 0, 0, 0, 2, 3, 6, 6, 26, 27, 72, 79, 90, 109, 228, 238, 431, 461, 523, 565, 928, 963, 1255, 1349, 1597, 1697, 2499, 2534, 3571, 3878, 4253, 4510, 5056, 5189, 6979, 7369, 8006, 8282, 10800, 10956, 13978, 14607, 15362, 16098, 20114, 20521, 23743


Quadruples of different integers from [ 2,n ] with no common factors between triples.
0, 0, 0, 1, 3, 12, 22, 48, 75, 148, 194, 335, 443, 630, 804, 1192, 1401, 1977, 2345, 2980, 3525, 4651, 5222, 6612, 7588, 9117, 10314, 12781, 13879, 16945, 18903, 21845, 24217, 28301, 30496, 35980, 39410, 44481, 48147, 55816, 59277, 68205


Augmented amicable pairs (larger member of each pair).
11697, 16005, 28917, 76245, 339825, 570405, 871585, 697851, 678376, 1340865, 2067625, 1823925, 1483785, 1899261, 2479065, 2580105, 4895241, 4740505, 5736445, 3171556, 4791916, 6516237, 4416976, 7524525, 9868075, 7589745


Number of ordered triples of integers from [ 1..n ] with no global factor.
1, 3, 8, 15, 29, 42, 69, 95, 134, 172, 237, 287, 377, 452, 552, 652, 804, 915, 1104, 1252, 1450, 1635, 1910, 2106, 2416, 2674, 3007, 3301, 3735, 4027, 4522, 4914, 5404, 5844, 6432, 6870, 7572, 8121, 8805, 9389, 10249, 10831, 11776, 12506


Number of ordered triples of integers from [ 1,n ] with no common factors between pairs.
1, 2, 4, 6, 12, 14, 26, 33, 46, 52, 84, 91, 137, 152, 174, 199, 279, 295, 397, 425, 475, 513, 663, 692, 819, 876, 986, 1044, 1286, 1315, 1593, 1700, 1838, 1939, 2123, 2186, 2582, 2711, 2905, 3008, 3498, 3564, 4106, 4272, 4476, 4666, 5316, 5433, 5985


Number of ordered triples of integers from [ 2,n ] with no global factor.
0, 2, 5, 14, 21, 41, 59, 89, 117, 171, 209, 286, 347, 432, 516, 651, 744, 914, 1042, 1219, 1382, 1634, 1806, 2091, 2323, 2629, 2895, 3300, 3562, 4026, 4386, 4843, 5249, 5802, 6204, 6869, 7380, 8025, 8569, 9388, 9928, 10830, 11516, 12347, 13104


Number of ordered quadruples of integers from [ 1,n ] with no global factor.
1, 4, 13, 29, 63, 106, 189, 289, 444, 626, 911, 1203, 1657, 2130, 2766, 3462, 4430, 5359, 6688, 7992, 9670, 11405, 13704, 15840, 18730, 21548, 25037, 28521, 33015, 37067, 42522, 47690, 53940, 60108, 67760, 74748, 83886, 92433, 102629, 112469


Number of ordered quadruples of integers from [ 1,n ] with no common factors between triples.
1, 3, 9, 18, 43, 62, 125, 181, 282, 370, 597, 725, 1090, 1336, 1709, 2085, 2873, 3280, 4366, 5018, 6054, 6966, 8854, 9790, 11943, 13451, 15744, 17530, 21237, 22839, 27331, 30169, 34186, 37498, 42916, 45948, 53484, 58104, 64699, 69534, 79743


Number of ordered quadruples of integers from [ 1,n ] with no common factors between pairs.
1, 2, 4, 6, 12, 14, 28, 36, 52, 58, 110, 118, 209, 231, 264, 308, 507, 533, 828, 886, 998, 1078, 1591, 1655, 2074, 2225, 2583, 2741, 3785, 3849, 5164, 5578, 6091, 6449, 7179, 7375, 9561, 10080, 10911, 11290, 14298, 14520, 18084, 18879, 19838, 20764


Inverse of 1628th cyclotomic polynomial.
1, 0, -1, 0, 1, 0, -1, 0, 1, 0, -1, 0, 1, 0, -1, 0, 1, 0, -1, 0, 1, 0, 0, 0, 0, 0, 0, 0, 0, 0, 0, 0, 0, 0, 0, 0, 0, 0, 0, 0, 0, 0, 0, 0, 0, 0, 0, 0, 0, 0, 0, 0, 0, 0, 0, 0, 0, 0, 0, 0, 0, 0, 0, 0, 0, 0, 0, 0, 0, 0, 0, 0, 0, 0, 1, 0, -1, 0, 1, 0, -1


Number of ordered quadruples of integers from [ 2,n ] with no global factor.
0, 3, 9, 28, 50, 105, 169, 279, 406, 625, 839, 1202, 1570, 2086, 2646, 3461, 4219, 5358, 6452, 7899, 9381, 11404, 13240, 15805, 18272, 21383, 24461, 28520, 32107, 37066, 41706, 47395, 52968, 59990, 66312, 74747, 82553, 91969, 100989, 112468


Number of ordered quadruples of integers from [ 2,n ] with no common factors between triples.
0, 1, 3, 14, 20, 56, 86, 148, 198, 360, 438, 713, 884, 1157, 1433, 2069, 2365, 3262, 3766, 4604, 5331, 6944, 7684, 9527, 10777, 12737, 14229, 17502, 18812, 22809, 25255, 28782, 31654, 36484, 39078, 45912, 49983, 55894, 60145, 69494


Number of 5-tuples of different integers from [ 1,n ] with no global factor.
0, 0, 0, 0, 1, 6, 21, 56, 126, 251, 461, 786, 1281, 1981, 2981, 4311, 6131, 8436, 11496, 15246, 20076, 25851, 33166, 41656, 52281, 64436, 79316, 96151, 116626, 139246, 166651, 196751, 232501, 271601, 317961, 367616, 426521, 489506


Number of 5-tuples of different integers from [ 2,n ] with no global factor.
0, 0, 0, 0, 1, 6, 21, 56, 125, 251, 456, 786, 1266, 1980, 2946, 4311, 6056, 8436, 11370, 15231, 19866, 25851, 32801, 41655, 51786, 64366, 78601, 96151, 115495, 139246, 165286, 196541, 230681, 271585, 315256, 367616, 423461, 489011


Inverse of 1633rd cyclotomic polynomial.
1, 1, 1, 1, 1, 1, 1, 1, 1, 1, 1, 1, 1, 1, 1, 1, 1, 1, 1, 1, 1, 1, 1, 0, 0, 0, 0, 0, 0, 0, 0, 0, 0, 0, 0, 0, 0, 0, 0, 0, 0, 0, 0, 0, 0, 0, 0, 0, 0, 0, 0, 0, 0, 0, 0, 0, 0, 0, 0, 0, 0, 0, 0, 0, 0, 0, 0, 0, 0, 0, 0, -1, -1, -1, -1, -1, -1, -1, -1, -1, -1


Inverse of 1634th cyclotomic polynomial.
1, -1, 1, -1, 1, -1, 1, -1, 1, -1, 1, -1, 1, -1, 1, -1, 1, -1, 1, 0, 0, 0, 0, 0, 0, 0, 0, 0, 0, 0, 0, 0, 0, 0, 0, 0, 0, 0, 0, 0, 0, 0, 0, 1, -1, 1, -1, 1, -1, 1, -1, 1, -1, 1, -1, 1, -1, 1, -1, 1, -1, 1, 0, 0, 0, 0, 0, 0, 0, 0, 0, 0, 0, 0, 0, 0, 0, 0, 0, 0, 0


Number of 5-tuples of different integers from [ 1,n ] with no common factors among quadruples.
0, 0, 0, 0, 1, 6, 21, 52, 121, 226, 431, 688, 1167, 1726, 2651, 3696, 5441, 7140, 10059, 12941, 17287, 21710, 28659, 34724, 44705, 53942, 67131, 79828, 99171, 114846, 140665, 163317, 194706, 224008, 266997, 301436, 356761, 403846


Number of 5-tuples of different integers from [ 2,n ] with no common factors among quadruples.
0, 0, 0, 0, 1, 6, 18, 52, 105, 226, 374, 688, 1047, 1690, 2406, 3696, 4901, 7140, 9291, 12688, 16091, 21710, 26434, 34648, 42081, 53026, 63410, 79828, 92681, 114846, 133893, 160907, 185809, 223366, 252656, 301436, 342197, 398606, 448676


Number of 5-tuples of different integers from [ 1,n ] with no common factors among triples.
0, 0, 0, 0, 1, 3, 15, 28, 69, 111, 259, 336, 671, 906, 1355, 1769, 2961, 3461, 5438, 6501, 8613, 10371, 15022, 16807, 22759, 26512, 33090, 37822, 50603, 54583, 71528, 80768, 96067, 107756, 131271, 141215, 177195, 196173, 227094, 246828


Inverse of 1638th cyclotomic polynomial.
1, 0, 0, 1, 0, 0, 0, 0, 0, -1, 0, 0, -1, 0, 0, 0, 0, 0, 1, 0, 0, 0, 0, 0, -1, 0, 0, -1, 0, 0, 0, 0, 0, 1, 0, 0, 1, 0, 0, -1, 0, 0, -1, 0, 0, 0, 0, 0, 1, 0, 0, 1, 0, 0, 0, 0, 0, -1, 0, 0, 0, 0, 0, 1, 0, 0, 1, 0, 0, 0, 0, 0, -1, 0, 0, -1, 0, 0, 1, 0, 0


Inverse of 1639th cyclotomic polynomial.
1, 1, 1, 1, 1, 1, 1, 1, 1, 1, 1, 0, 0, 0, 0, 0, 0, 0, 0, 0, 0, 0, 0, 0, 0, 0, 0, 0, 0, 0, 0, 0, 0, 0, 0, 0, 0, 0, 0, 0, 0, 0, 0, 0, 0, 0, 0, 0, 0, 0, 0, 0, 0, 0, 0, 0, 0, 0, 0, 0, 0, 0, 0, 0, 0, 0, 0, 0, 0, 0, 0, 0, 0, 0, 0, 0, 0, 0, 0, 0, 0


Number of 5-tuples of different integers from [ 2,n ] with no common factors among triples.
0, 0, 0, 0, 0, 3, 6, 21, 36, 111, 142, 336, 463, 725, 965, 1769, 2060, 3461, 4156, 5633, 6846, 10371, 11585, 16147, 18924, 23973, 27508, 37822, 40704, 54583, 61865, 74222, 83539, 102970, 110719, 141215, 156763, 182613, 198681


Number of ordered 5-tuples of integers from [ 1,n ] with no global factor.
1, 5, 19, 49, 118, 225, 434, 729, 1209, 1850, 2850, 4059, 5878, 8044, 11020, 14566, 19410, 24789, 32103, 40213, 50615, 62260, 77209, 93099, 113504, 135431, 162341, 191396, 227355, 264463, 310838, 359322, 417212, 478408, 551944, 626971


Number of ordered 5-tuples of integers from [ 2,n ] with no global factor.
0, 4, 14, 48, 99, 224, 399, 714, 1135, 1849, 2694, 4058, 5664, 7960, 10690, 14565, 18804, 24788, 31358, 39989, 49610, 62259, 75549, 93029, 111680, 134936, 159931, 191395, 223543, 264462, 306962, 358307, 412363, 478129, 544720, 626970


Inverse of 1643rd cyclotomic polynomial.
1, 1, 1, 1, 1, 1, 1, 1, 1, 1, 1, 1, 1, 1, 1, 1, 1, 1, 1, 1, 1, 1, 1, 1, 1, 1, 1, 1, 1, 1, 1, 0, 0, 0, 0, 0, 0, 0, 0, 0, 0, 0, 0, 0, 0, 0, 0, 0, 0, 0, 0, 0, 0, -1, -1, -1, -1, -1, -1, -1, -1, -1, -1, -1, -1, -1, -1, -1, -1, -1, -1, -1, -1, -1, -1, -1


Number of ordered 5-tuples of integers from [ 1,n ] with no common factors among quadruples.
1, 4, 15, 36, 95, 162, 345, 555, 942, 1376, 2277, 3049, 4694, 6216, 8560, 11077, 15491, 18956, 25626, 31254, 39682, 47942, 61624, 71912, 89989, 105658, 127911, 148410, 181397, 204777, 247269, 282117, 329934, 373740, 438398, 487156


Inverse of 1645th cyclotomic polynomial.
1, -1, 0, 0, 0, 1, -1, 1, -1, 0, 1, -1, 1, -1, 1, 0, -1, 1, -1, 1, 0, 0, 0, -1, 1, 0, 0, 0, 0, 0, 0, 0, 0, 0, 0, 0, 0, 0, 0, 0, 0, 0, 0, 0, 0, 0, 0, 1, -1, 0, 0, 0, 1, -1, 1, -1, 0, 1, -1, 1, -1, 1, 0, -1, 1, -1, 1, 0, 0, 0, -1, 1, 0, 0, 0, 0, 0, 0, 0, 0, 0


Number of ordered 5-tuples of integers from [ 2,n ] with no common factors among quadruples.
0, 2, 7, 32, 56, 156, 266, 498, 750, 1366, 1846, 3037, 4086, 5794, 7615, 11061, 13597, 18938, 23262, 30012, 36537, 47920, 56072, 71259, 84110, 102874, 119889, 148382, 167710, 204747, 234427, 275994, 313632, 370638, 412408, 487120


Number of ordered 5-tuples of integers from [ 1,n ] with no common factors among triples.
1, 3, 9, 18, 51, 72, 176, 264, 447, 586, 1128, 1362, 2374, 2943, 3868, 4841, 7578, 8633, 12828, 14847, 18432, 21480, 30081, 33223, 43022, 49051, 59449, 66796, 87627, 93688, 120554, 134772, 156325, 173243, 205164, 219513, 272331, 298743


Number of ordered 5-tuples of integers from [ 2,n ] with no common factors among triples.
0, 0, 0, 8, 10, 51, 83, 165, 216, 531, 637, 1284, 1607, 2159, 2756, 4705, 5353, 8462, 9829, 12378, 14514, 21227, 23433, 31079, 35600, 43705, 49266, 66390, 70849, 93223, 104603, 122139, 135745, 162248, 173565, 218847, 240639, 275249, 297212


Inverse of 1649th cyclotomic polynomial.
1, 1, 1, 1, 1, 1, 1, 1, 1, 1, 1, 1, 1, 1, 1, 1, 1, 0, 0, 0, 0, 0, 0, 0, 0, 0, 0, 0, 0, 0, 0, 0, 0, 0, 0, 0, 0, 0, 0, 0, 0, 0, 0, 0, 0, 0, 0, 0, 0, 0, 0, 0, 0, 0, 0, 0, 0, 0, 0, 0, 0, 0, 0, 0, 0, 0, 0, 0, 0, 0, 0, 0, 0, 0, 0, 0, 0, 0, 0, 0, 0


Inverse of 1650th cyclotomic polynomial.
1, 0, 0, 0, 0, 1, 0, 0, 0, 0, 0, 0, 0, 0, 0, -1, 0, 0, 0, 0, -1, 0, 0, 0, 0, -1, 0, 0, 0, 0, 0, 0, 0, 0, 0, 1, 0, 0, 0, 0, 1, 0, 0, 0, 0, 0, 0, 0, 0, 0, 0, 0, 0, 0, 0, -1, 0, 0, 0, 0, -1, 0, 0, 0, 0, 0, 0, 0, 0, 0, 1, 0, 0, 0, 0, 1, 0, 0, 0, 0, 1


Inverse of 1651st cyclotomic polynomial.
1, 1, 1, 1, 1, 1, 1, 1, 1, 1, 1, 1, 1, 0, 0, 0, 0, 0, 0, 0, 0, 0, 0, 0, 0, 0, 0, 0, 0, 0, 0, 0, 0, 0, 0, 0, 0, 0, 0, 0, 0, 0, 0, 0, 0, 0, 0, 0, 0, 0, 0, 0, 0, 0, 0, 0, 0, 0, 0, 0, 0, 0, 0, 0, 0, 0, 0, 0, 0, 0, 0, 0, 0, 0, 0, 0, 0, 0, 0, 0, 0


Inverse of 1652nd cyclotomic polynomial.
1, 0, -1, 0, 1, 0, -1, 0, 1, 0, -1, 0, 1, 0, 0, 0, 0, 0, 0, 0, 0, 0, 0, 0, 0, 0, 0, 0, 0, 0, 0, 0, 0, 0, 0, 0, 0, 0, 0, 0, 0, 0, 0, 0, 0, 0, 0, 0, 0, 0, 0, 0, 0, 0, 0, 0, 0, 0, 0, 0, 0, 0, 0, 0, 0, 0, 0, 0, 0, 0, 0, 0, 0, 0, 0, 0, 0, 0, 0, 0, 0


Inverse of 1653rd cyclotomic polynomial.
1, -1, 0, 1, -1, 0, 1, -1, 0, 1, -1, 0, 1, -1, 0, 1, -1, 0, 1, 0, -1, 1, 0, -1, 1, 0, -1, 1, 0, 0, 0, 0, 0, 0, 0, 0, 0, 0, 1, -1, 0, 1, -1, 0, 1, -1, 0, 1, 0, -1, 1, 0, -1, 1, 0, -1, 1, 0, 0, 0, 0, 0, 0, 0, 0, 0, 0, 1, -1, 0, 1, -1, 0, 1, -1, 0, 1, 0, -1, 1, 0


Number of ordered 5-tuples of integers from [ 1,n ] with no common factors among pairs.
1, 2, 4, 6, 12, 14, 28, 36, 52, 58, 116, 124, 242, 266, 302, 356, 664, 695, 1228, 1311, 1476, 1589, 2667, 2766, 3636, 3898, 4641, 4924, 7665, 7764, 11613, 12678, 13901, 14730, 16540, 16953, 24328, 25688, 27943, 28868


Expansion of theta_3^(1/2).
1, 1, -1, 3, 9, -15, 135, -2205, 21105, 76545, 694575, -6392925, -56600775, 66891825, -19964169225, 741313447875, 5375639894625, 44667168170625, -2328500019470625, 5663134786183875, -466442955127524375, 11513119609487120625


Expansion of theta_3^(3/2).
1, 3, 3, -3, 81, 315, -765, 4725, 16065, 1091475, 10843875, -65956275, 770425425, 5892561675, -6512831325, 213901813125, 47691165146625, 1318815779155875, -7354191439720125, 223312383805636125, 2055628831852220625


Expansion of theta_3^(5/2).
1, 5, 15, 15, 105, 1845, 5175, -11025, 363825, 4011525, 46734975, 367203375, -909822375, 105415435125, 1137191430375, -7081746296625, 202916199110625, 6031044627733125, 96887972385579375, 589023558627879375


Expansion of theta_3^(7/2).
1, 7, 35, 105, 273, 4095, 38115, 86625, 540225, 22444695, 215417475, 1819488825, 18942548625, 273922023375, 9015078147075, 69890980784625, -152873391045375, 34948775541054375, 718624343013451875, 6694758964203935625


Inverse of 1659th cyclotomic polynomial.
1, -1, 0, 1, -1, 0, 1, 0, -1, 1, 0, -1, 1, 0, 0, 0, 0, 0, 0, 0, 0, 0, 0, 0, 0, 0, 0, 0, 0, 0, 0, 0, 0, 0, 0, 0, 0, 0, 0, 0, 0, 0, 0, 0, 0, 0, 0, 0, 0, 0, 0, 0, 0, 0, 0, 0, 0, 0, 0, 0, 0, 0, 0, 0, 0, 0, 0, 0, 0, 0, 0, 0, 0, 0, 0, 0, 0, 0, 0, 1, -1


Expansion of theta_3^(9/2).
1, 9, 63, 315, 1161, 8505, 112455, 796635, 2843505, 57661065, 1099313775, 9327901275, 92211082425, 1678394943225, 32985192014775, 598006256722875, 4499525524118625, 75554867738975625, 4316991655250649375


Inverse of 1661st cyclotomic polynomial.
1, 1, 1, 1, 1, 1, 1, 1, 1, 1, 1, 0, 0, 0, 0, 0, 0, 0, 0, 0, 0, 0, 0, 0, 0, 0, 0, 0, 0, 0, 0, 0, 0, 0, 0, 0, 0, 0, 0, 0, 0, 0, 0, 0, 0, 0, 0, 0, 0, 0, 0, 0, 0, 0, 0, 0, 0, 0, 0, 0, 0, 0, 0, 0, 0, 0, 0, 0, 0, 0, 0, 0, 0, 0, 0, 0, 0, 0, 0, 0, 0


Expansion of theta_3^(11/2).
1, 11, 99, 693, 3729, 22275, 259875, 2900205, 19490625, 161008155, 3451399875, 48646261125, 433937559825, 6657275099475, 145157601463875, 2607210889408125, 38347348433018625, 476849547788488875


Expansion of theta_3^(13/2).
1, 13, 143, 1287, 9321, 62205, 598455, 7702695, 78423345, 647284365, 9370936575, 174468068775, 2175194446425, 25400498248125, 529759106051175, 11093219396634375, 183808243512518625, 2892889119253258125


Expansion of theta_3^(15/2).
1, 15, 195, 2145, 19665, 158535, 1447875, 18243225, 232985025, 2435846175, 28443399075, 508347464625, 8431258460625, 109007191668375, 1781609910955875, 40590985621811625, 792811219265690625


Inverse of 1665th cyclotomic polynomial.
1, 0, 0, -1, 0, 0, 0, 0, 0, 1, 0, 0, -1, 0, 0, 1, 0, 0, 0, 0, 0, -1, 0, 0, 1, 0, 0, 0, 0, 0, 0, 0, 0, 0, 0, 0, 0, 0, 0, 0, 0, 0, 0, 0, 0, 0, 0, 0, 0, 0, 0, 0, 0, 0, 0, 0, 0, 0, 0, 0, 0, 0, 0, 0, 0, 0, 0, 0, 0, 0, 0, 0, 0, 0, 0, 0, 0, 0, 0, 0, 0


Expansion of theta_3^(17/2).
1, 17, 255, 3315, 36873, 358785, 3490695, 42117075, 590951025, 7589122065, 91863766575, 1430858704275, 26509807949625, 422022682706625, 6430806556349175, 132605511681517875, 2979787265909078625


Expansion of theta_3^(19/2).
1, 19, 323, 4845, 63441, 731595, 7979715, 96556005, 1388717505, 20396897955, 278955792675, 4129174820925, 75420709974225, 1390870436830875, 23182616315333475, 431959271726107125


Expansion of theta_3^(21/2).
1, 21, 399, 6783, 102249, 1370565, 16991415, 216411615, 3146775345, 49819225365, 767467173375, 11808542505375, 208290421179225, 4084751136190725, 76593243172220775, 1426967042034909375


Expansion of theta_3^(23/2).
1, 23, 483, 9177, 156561, 2398095, 33725475, 465686865, 6952917825, 114751084455, 1935277553475, 32136707104425, 567545846123025, 11263156788858975, 229832929643191875, 4560180147352454625


Expansion of theta_3^(25/2).
1, 25, 575, 12075, 230025, 3969225, 62850375, 953260875, 14929952625, 254408009625, 4570418955375, 82108573036875, 1505493410045625, 30038848390175625, 641671899357864375, 13683270472813816875


Expansion of theta_3^(-1/2).
1, -1, 3, -15, 81, -585, 4995, -46935, 499905, -6109425, 79791075, -1138096575, 17774982225, -294439570425, 5240530570275, -100050497922375, 2002010508122625, -42495475420022625, 954152290944727875


Inverse of 1672nd cyclotomic polynomial.
1, 0, 0, 0, -1, 0, 0, 0, 1, 0, 0, 0, -1, 0, 0, 0, 1, 0, 0, 0, -1, 0, 0, 0, 1, 0, 0, 0, -1, 0, 0, 0, 1, 0, 0, 0, -1, 0, 0, 0, 1, 0, 0, 0, 0, 0, 0, 0, 0, 0, 0, 0, 0, 0, 0, 0, 0, 0, 0, 0, 0, 0, 0, 0, 0, 0, 0, 0, 0, 0, 0, 0, 0, 0, 0, 0, 1, 0, 0, 0, -1


Expansion of theta_3^(-3/2).
1, -3, 15, -105, 873, -8595, 97335, -1233225, 17298225, -266220675, 4444840575, -79989057225, 1543271585625, -31735822993875, 692766164665575, -15995714865755625, 389241925213766625, -9954282875453791875


Expansion of theta_3^(-5/2).
1, -5, 35, -315, 3345, -40845, 562275, -8575875, 143273025, -2598830325, 50790003075, -1062924352875, 23699584148625, -560468936152125, 14004884930911875, -368541883096261875, 10183347536828090625


Expansion of theta_3^(-7/2).
1, -7, 63, -693, 8841, -127575, 2047815, -36081045, 690863985, -14263534215, 315469515375, -7434244696725, 185817177956025, -4906778826324375, 136422375634920375, -3981559981797523125, 121659806332798358625


Expansion of theta_3^(-9/2).
1, -9, 99, -1287, 19089, -316305, 5772195, -114729615, 2462398785, -56674425465, 1390839617475, -36219350942775, 996780497137425, -28887911103276225, 878916406742849475, -27996927397669605375


Inverse of 1677th cyclotomic polynomial.
1, -1, 0, 1, -1, 0, 1, -1, 0, 1, -1, 0, 1, 0, -1, 1, 0, -1, 1, 0, -1, 1, 0, -1, 1, 0, 0, 0, 0, 0, 0, 0, 0, 0, 0, 0, 0, 0, 0, 0, 0, 0, 0, 1, -1, 0, 1, -1, 0, 1, -1, 0, 1, -1, 0, 1, 0, -1, 1, 0, -1, 1, 0, -1, 1, 0, -1, 1, 0, 0, 0, 0, 0, 0, 0, 0, 0, 0, 0, 0, 0


Expansion of theta_3^(-11/2).
1, -11, 143, -2145, 36201, -675675, 13777335, -304008705, 7204902705, -182276917515, 4897582264575, -139156370978625, 4165687398497625, -130958825020098075, 4311426211189071975, -148272233495263502625


Inverse of 1679th cyclotomic polynomial.
1, 1, 1, 1, 1, 1, 1, 1, 1, 1, 1, 1, 1, 1, 1, 1, 1, 1, 1, 1, 1, 1, 1, 0, 0, 0, 0, 0, 0, 0, 0, 0, 0, 0, 0, 0, 0, 0, 0, 0, 0, 0, 0, 0, 0, 0, 0, 0, 0, 0, 0, 0, 0, 0, 0, 0, 0, 0, 0, 0, 0, 0, 0, 0, 0, 0, 0, 0, 0, 0, 0, 0, 0, -1, -1, -1, -1, -1, -1, -1, -1


Inverse of 1680th cyclotomic polynomial.
1, 0, 0, 0, 0, 0, 0, 0, 1, 0, 0, 0, 0, 0, 0, 0, 0, 0, 0, 0, 0, 0, 0, 0, -1, 0, 0, 0, 0, 0, 0, 0, -1, 0, 0, 0, 0, 0, 0, 0, -1, 0, 0, 0, 0, 0, 0, 0, 0, 0, 0, 0, 0, 0, 0, 0, 0, 0, 0, 0, 0, 0, 0, 0, 0, 0, 0, 0, 0, 0, 0, 0, 0, 0, 0, 0, 0, 0, 0, 0, 1


Expansion of theta_3^(-13/2).
1, -13, 195, -3315, 62673, -1299285, 29228355, -707636475, 18316505025, -504116658045, 14685387955875, -451033728019875, 14555826008348625, -492141539705941125, 17387673626552904675, -640456882350467056875


Expansion of theta_3^(-15/2).
1, -15, 255, -4845, 101385, -2309535, 56759175, -1494125325, 41881856625, -1244022735375, 38993819043375, -1285240980610125, 44407270217165625, -1604088315616161375, 60431927134988784375, -2369411881012489438125


Inverse of 1683rd cyclotomic polynomial.
1, 0, 0, -1, 0, 0, 0, 0, 0, 1, 0, 0, -1, 0, 0, 0, 0, 0, 1, 0, 0, -1, 0, 0, 0, 0, 0, 1, 0, 0, -1, 0, 0, 1, 0, 0, 0, 0, 0, -1, 0, 0, 1, 0, 0, 0, 0, 0, -1, 0, 0, 2, 0, 0, -1, 0, 0, -1, 0, 0, 2, 0, 0, -1, 0, 0, 0, 0, 0, 1, 0, 0, -1, 0, 0, 0, 0, 0, 1, 0, 0


Expansion of theta_3^(-17/2).
1, -17, 323, -6783, 155601, -3861465, 102864195, -2922828615, 88124295105, -2806906632705, 94095203991075, -3309050756278575, 121731738138774225, -4672861215811814025, 186756565415026882275, -7755673484776330488375


Expansion of theta_3^(-19/2).
1, -19, 399, -9177, 228969, -6146595, 176336055, -5376116025, 173372815665, -5890443433875, 210126743128575, -7846697354074425, 305934601802254425, -12425119660246968675, 524572676975580207975, -22979378711569440785625


Expansion of theta_3^(-21/2).
1, -21, 483, -12075, 325521, -9396765, 288749475, -9398322675, 322652227905, -11641352627205, 440043353374275, -17378800976950875, 715361536295492625, -30625157300600587725, 1360947531581394631875, -62670194480910433291875


Expansion of theta_3^(-23/2).
1, -23, 575, -15525, 449673, -13887975, 454991175, -15742117125, 573015200625, -21871632491415, 872889859083375, -36333045693685125, 1573742270610365625, -70792055252958414375, 3301204645547137704375, -159327445416522130873125


Expansion of theta_3^(-25/2).
1, -25, 675, -19575, 606225, -19944225, 693835875, -25422933375, 977745218625, -39350424479625, 1652904664495875, -72294275991774375, 3285576793503860625, -154866859897225100625, 7558086937740656191875, -381335852895175582779375


Number of 5-tuples of different integers from [ 1,n ] with no common factors among pairs.
0, 0, 0, 0, 0, 0, 2, 3, 6, 6, 32, 33, 105, 114, 128, 157, 385, 400, 831, 886, 1001, 1076, 2004, 2074, 2817, 3022, 3655, 3880, 6379, 6449, 10020, 10978, 12063, 12791, 14417, 14767, 21746, 22977, 25038, 25860, 36660, 37110, 51088, 53449, 56199


Number of 5-tuples of different integers from [ 2,n ] with no common factors among pairs.
0, 0, 0, 0, 0, 0, 0, 0, 0, 6, 6, 33, 35, 38, 48, 157, 162, 400, 425, 478, 511, 1076, 1111, 1562, 1673, 2058, 2183, 3880, 3915, 6449, 7100, 7810, 8281, 9361, 9578, 14767, 15608, 17032, 17578, 25860, 26154, 37110, 38842, 40837, 42873, 58971, 60071


Inverse of 1691st cyclotomic polynomial.
1, 1, 1, 1, 1, 1, 1, 1, 1, 1, 1, 1, 1, 1, 1, 1, 1, 1, 1, 0, 0, 0, 0, 0, 0, 0, 0, 0, 0, 0, 0, 0, 0, 0, 0, 0, 0, 0, 0, 0, 0, 0, 0, 0, 0, 0, 0, 0, 0, 0, 0, 0, 0, 0, 0, 0, 0, 0, 0, 0, 0, 0, 0, 0, 0, 0, 0, 0, 0, 0, 0, 0, 0, 0, 0, 0, 0, 0, 0, 0, 0


From iteration of the Galton-Watson branching process.
3, 13, 233, 70673, 6068414753, 41437343632855438913, 1802124039077579799678906531623816674433, 3276599074530619413746235255317178710800049247052611689171540483148625798281473


Numbers n where phi(n) + sigma(n) increases.
1, 2, 3, 4, 5, 6, 8, 10, 12, 16, 18, 20, 24, 30, 36, 40, 42, 48, 56, 60, 72, 84, 90, 96, 108, 120, 144, 168, 180, 210, 216, 240, 280, 288, 300, 324, 336, 360, 420, 480, 504, 540, 576, 600, 648, 660, 672, 720, 840, 960, 1008, 1080, 1200, 1260, 1440


Inverse of 1694th cyclotomic polynomial.
1, 0, 0, 0, 0, 0, 0, 0, 0, 0, 0, -1, 0, 0, 0, 0, 0, 0, 0, 0, 0, 0, 1, 0, 0, 0, 0, 0, 0, 0, 0, 0, 0, -1, 0, 0, 0, 0, 0, 0, 0, 0, 0, 0, 1, 0, 0, 0, 0, 0, 0, 0, 0, 0, 0, -1, 0, 0, 0, 0, 0, 0, 0, 0, 0, 0, 1, 0, 0, 0, 0, 0, 0, 0, 0, 0, 0, 0, 0, 0, 0


a(n) is the smallest number m such that phi(m) + sigma(m) = n*m.
1, 312, 23760


Geometric mean of phi(n) and sigma(n) is an integer, n odd.
1, 51, 105, 405, 477, 595, 679, 1023, 1455, 1463, 1485, 1715, 1731, 2651, 2945, 3135, 3567, 4381, 5797, 5859, 8245, 8255, 8721, 9639, 9809, 10127, 10153, 10179, 10295, 11935, 12369, 17765, 17955, 19125, 19875, 20195, 20213, 20273


Numbers n such that n divides phi(n) * sigma(n), n odd.
1, 117, 135, 775, 819, 891, 1521, 1701, 2325, 3159, 3375, 4455, 5733, 6875, 6975, 10935, 11907, 19773, 20625, 20925, 22113, 22275, 24025, 40131, 41067, 43875, 44375, 49005, 61875, 62775, 68607, 72075, 75625, 83349, 84375, 85293


(phi(n) + sigma(n))/n increases.
6, 18, 24, 28, 40, 54, 72, 96, 117, 135, 196, 200, 216, 224, 288, 360, 384, 468, 496, 600, 640, 756, 775, 864, 891, 1000, 1080, 1152, 1372, 1488, 1521, 1568, 1701, 1792, 1944, 2016, 2160, 2176, 2480, 2592, 3100, 3159, 3200, 3375, 3456


Numbers n such that n | (phi(n) * sigma(n)) but (phi(n) + sigma(n))/n does not increase.
1, 84, 120, 162, 234, 252, 270, 486, 540, 588, 648, 672, 819, 936, 1350, 1458, 1536, 1550, 1638, 1764, 1782, 1800, 1872, 1920, 2268, 2325, 3000, 3042, 3240, 3276, 3402, 3564, 3724, 3780, 4116, 4374, 4464, 4650, 4680, 4704, 5292, 5376


Composite n such that phi(n) * sigma(n) is one less than a square.
6, 22, 33, 44, 69, 76, 82, 140, 190, 295, 354, 392, 423, 451, 531, 581, 650, 944, 1072, 1119, 1142, 1150, 1668, 2276, 2893, 4043, 4163, 4176, 4192, 4257, 4262, 4509, 5090, 5975, 7260, 8660, 12977, 14927, 15026, 15753, 16064, 19105


Least k such that phi(n) * sigma(n) + k^2 is a perfect square, or zero if impossible.
1, 0, 1, 1, 0, 1, 1, 1, 2, 0, 3, 1, 3, 1, 0, 2, 29, 1, 0, 1, 5, 4, 1, 1, 2, 26, 5, 3, 2, 1, 0, 1, 4, 1, 6, 2, 8, 1, 3, 5, 2, 1, 2, 1, 1, 8, 4, 1, 15, 0, 16, 0, 7, 1, 7, 6, 6, 6, 9, 1, 4, 1, 6, 10, 119, 8, 6, 1, 8, 1, 5, 1, 9, 1, 11, 9, 1, 4, 8, 1, 17, 0, 1, 1, 10, 12, 9, 2, 5, 1, 3, 6, 2, 8


Inverse of 1702nd cyclotomic polynomial.
1, -1, 1, -1, 1, -1, 1, -1, 1, -1, 1, -1, 1, -1, 1, -1, 1, -1, 1, -1, 1, -1, 1, 0, 0, 0, 0, 0, 0, 0, 0, 0, 0, 0, 0, 0, 0, 1, -1, 1, -1, 1, -1, 1, -1, 1, -1, 1, -1, 1, -1, 1, -1, 1, -1, 1, -1, 1, -1, 1, 0, 0, 0, 0, 0, 0, 0, 0, 0, 0, 0, 0, 0, 0, 0, 0, 0, 0, 0, 0, 0


Inverse of 1703rd cyclotomic polynomial.
1, 1, 1, 1, 1, 1, 1, 1, 1, 1, 1, 1, 1, 0, 0, 0, 0, 0, 0, 0, 0, 0, 0, 0, 0, 0, 0, 0, 0, 0, 0, 0, 0, 0, 0, 0, 0, 0, 0, 0, 0, 0, 0, 0, 0, 0, 0, 0, 0, 0, 0, 0, 0, 0, 0, 0, 0, 0, 0, 0, 0, 0, 0, 0, 0, 0, 0, 0, 0, 0, 0, 0, 0, 0, 0, 0, 0, 0, 0, 0, 0


phi(n) * sigma(n) + k^2 is not a square for any k.
4, 9, 18, 49, 81, 98, 121, 162, 242, 361, 529, 722, 729, 961, 1058, 1458, 1849, 1922, 2209, 2401, 3481, 3698, 4418, 4489, 4802, 5041, 6241, 6561, 6889, 6962, 8978, 10082, 10609, 11449, 12482, 13122, 13778, 14641, 16129, 17161


Inverse of 1705th cyclotomic polynomial.
1, -1, 0, 0, 0, 1, -1, 0, 0, 0, 1, 0, -1, 0, 0, 1, 0, -1, 0, 0, 1, 0, 0, -1, 0, 1, 0, 0, -1, 0, 1, 1, -1, 0, -1, 1, 1, -1, 0, -1, 1, 1, 0, -1, 0, 0, 1, 0, -1, 0, 0, 1, 0, 0, -1, 0, 1, 0, 0, -1, 0, 1, 1, -1, 0, -1, 1, 1, -1, 0, -1, 1, 1, 0, -1, 0, 0, 1, 0, -1, 0


Phi(n) | sigma(n) for n odd.
1, 3, 15, 35, 105, 357, 1045, 1485, 3135, 3339, 5049, 10659, 12441, 16065, 24871, 24969, 29029, 33915, 35343, 39105, 39585, 50065, 58435, 64285, 71145, 74613, 87087, 87685, 99693, 124355, 124605, 132957, 137885, 140335, 145145, 150195


Triangle read by rows: T(n,k) is the number of partitions of n into distinct parts, one of which is k (1&lt;=k&lt;=n).
1, 0, 1, 1, 1, 1, 1, 0, 1, 1, 1, 1, 1, 1, 1, 2, 2, 1, 1, 1, 1, 2, 2, 1, 2, 1, 1, 1, 3, 2, 2, 1, 2, 1, 1, 1, 3, 3, 3, 2, 2, 2, 1, 1, 1, 5, 4, 4, 3, 2, 2, 2, 1, 1, 1, 5, 5, 4, 3, 3, 3, 2, 2, 1, 1, 1, 7, 6, 5, 5, 4, 3, 3, 2, 2, 1, 1, 1, 8, 7, 6, 6, 4, 4, 4, 3, 2, 2, 1, 1


Inverse of 1708th cyclotomic polynomial.
1, 0, -1, 0, 1, 0, -1, 0, 1, 0, -1, 0, 1, 0, 0, 0, 0, 0, 0, 0, 0, 0, 0, 0, 0, 0, 0, 0, 0, 0, 0, 0, 0, 0, 0, 0, 0, 0, 0, 0, 0, 0, 0, 0, 0, 0, 0, 0, 0, 0, 0, 0, 0, 0, 0, 0, 0, 0, 0, 0, 0, 0, 0, 0, 0, 0, 0, 0, 0, 0, 0, 0, 0, 0, 0, 0, 0, 0, 0, 0, 0


Triangular array T given by rows: T(n,k) = number of partitions of n into distinct parts, none of which is k (1&lt;=k&lt;=n).
0, 1, 0, 1, 1, 1, 1, 2, 1, 1, 2, 2, 2, 2, 2, 2, 2, 3, 3, 3, 3, 3, 3, 4, 3, 4, 4, 4, 3, 4, 4, 5, 4, 5, 5, 5, 5, 5, 5, 6, 6, 6, 7, 7, 7, 5, 6, 6, 7, 8, 8, 8, 9, 9, 9, 7, 7, 8, 9, 9, 9, 10, 10, 11, 11, 11, 8, 9, 10, 10, 11, 12, 12, 13, 13, 14, 14, 14, 10, 11, 12


Inverse of 1710th cyclotomic polynomial.
1, 0, 0, 1, 0, 0, 0, 0, 0, -1, 0, 0, -1, 0, 0, -1, 0, 0, 0, 0, 0, 1, 0, 0, 1, 0, 0, 0, 0, 0, 0, 0, 0, 0, 0, 0, 0, 0, 0, 0, 0, 0, 0, 0, 0, 0, 0, 0, 0, 0, 0, 0, 0, 0, 0, 0, 0, -1, 0, 0, -1, 0, 0, 0, 0, 0, 1, 0, 0, 1, 0, 0, 1, 0, 0, 0, 0, 0, -1, 0, 0


Inverse of 1711th cyclotomic polynomial.
1, 1, 1, 1, 1, 1, 1, 1, 1, 1, 1, 1, 1, 1, 1, 1, 1, 1, 1, 1, 1, 1, 1, 1, 1, 1, 1, 1, 1, 0, 0, 0, 0, 0, 0, 0, 0, 0, 0, 0, 0, 0, 0, 0, 0, 0, 0, 0, 0, 0, 0, 0, 0, 0, 0, 0, 0, 0, 0, -1, -1, -1, -1, -1, -1, -1, -1, -1, -1, -1, -1, -1, -1, -1, -1, -1, -1, -1


Composite and even n such that phi(n) * sigma(n) is one less than a square.
6, 22, 44, 76, 82, 140, 190, 354, 392, 650, 944, 1072, 1142, 1150, 1668, 2276, 4176, 4192, 4262, 5090, 7260, 8660, 15026, 16064, 22926, 29746, 39436, 42872, 74666, 87498, 94786, 101882, 115772, 118928, 127580, 151348


Odd composite n such that phi(n) * sigma(n) is one less than a square.
33, 69, 295, 423, 451, 531, 581, 1119, 2893, 4043, 4163, 4257, 4509, 5975, 12977, 14927, 15753, 19105, 25369, 27225, 38013, 38799, 39771, 85675, 98531, 157375, 217349, 264439, 324643, 330977, 352593, 382881, 417661


Number of parts in all partitions of n into distinct parts.
1, 1, 3, 3, 5, 8, 10, 13, 18, 25, 30, 40, 49, 63, 80, 98, 119, 149, 179, 218, 266, 318, 380, 455, 541, 640, 760, 895, 1050, 1234, 1442, 1679, 1960, 2272, 2635, 3052, 3520, 4054, 4669, 5359, 6142, 7035, 8037, 9170, 10460, 11896, 13517, 15349, 17394, 19691


Number of parts in all partitions of all the numbers in {1,2,...,n} into distinct parts.
1, 2, 5, 8, 13, 21, 31, 44, 62, 87, 117, 157, 206, 269, 349, 447, 566, 715, 894, 1112, 1378, 1696, 2076, 2531, 3072, 3712, 4472, 5367, 6417, 7651, 9093, 10772, 12732, 15004, 17639, 20691, 24211, 28265, 32934, 38293, 44435, 51470, 59507, 68677


Inverse of 1716th cyclotomic polynomial.
1, 0, 1, 0, 0, 0, -1, 0, -1, 0, 0, 0, 1, 0, 1, 0, 0, 0, -1, 0, -1, 0, -1, 0, 0, 0, 0, 0, 0, 0, 0, 0, 0, 0, 0, 0, 0, 0, 0, 0, 0, 0, 0, 0, 1, 0, 1, 0, 1, 0, 0, 0, 0, 0, 0, 0, 0, 0, 0, 0, 0, 0, 0, 0, 0, 0, 0, 0, 0, 0, -1, 0, -1, 0, -1, 0, 0, 0, 1, 0, 1


Inverse of 1717th cyclotomic polynomial.
1, 1, 1, 1, 1, 1, 1, 1, 1, 1, 1, 1, 1, 1, 1, 1, 1, 0, 0, 0, 0, 0, 0, 0, 0, 0, 0, 0, 0, 0, 0, 0, 0, 0, 0, 0, 0, 0, 0, 0, 0, 0, 0, 0, 0, 0, 0, 0, 0, 0, 0, 0, 0, 0, 0, 0, 0, 0, 0, 0, 0, 0, 0, 0, 0, 0, 0, 0, 0, 0, 0, 0, 0, 0, 0, 0, 0, 0, 0, 0, 0


Numbers n such that phi(n) * sigma(n) + 4 is a perfect square.
8, 15, 24, 28, 35, 40, 42, 87, 92, 126, 130, 143, 145, 150, 174, 184, 273, 323, 369, 374, 378, 396, 847, 899, 957, 984, 1134, 1136, 1220, 1236, 1245, 1368, 1448, 1449, 1763, 1812, 1892, 2167, 2456, 2494, 3402, 3415, 3599, 4023, 4098, 4623


Numbers n such that phi(n) * sigma(n) + 9 is a perfect square.
10, 12, 27, 38, 90, 95, 110, 114, 142, 152, 230, 344, 356, 395, 442, 474, 639, 684, 738, 973, 1098, 1349, 1558, 1562, 1566, 1956, 2365, 2392, 2408, 2438, 2451, 2484, 2492, 2666, 2838, 3145, 3236, 3377, 3730, 3774, 3886, 4448, 4833, 5356


Numbers n such that phi(n) * sigma(n) + 16 is a perfect square.
7, 21, 32, 46, 60, 77, 123, 124, 132, 221, 224, 254, 261, 287, 308, 312, 376, 437, 445, 506, 534, 539, 665, 680, 717, 752, 770, 798, 860, 948, 1239, 1264, 1340, 1517, 1519, 1617, 1628, 1815, 2021, 2275, 2288, 2320, 2379, 2400, 2871, 2890


Numbers n such that tau(sigma(n))= tau(tau(n)).
1, 2, 4, 9, 16, 18, 25, 50, 64, 144, 289, 576, 578, 729, 1458, 1600, 1681, 2401, 2916, 3362, 3481, 3600, 4096, 4624, 4802, 5041, 6962, 7921, 9604, 10082, 10201, 11664, 15625, 15842, 17161, 18225, 18496, 20402, 21609, 24400, 26896, 27889


Inverse of 1722nd cyclotomic polynomial.
1, 1, 0, -1, -1, 0, 1, 0, -1, -1, 0, 1, 1, 0, 0, 0, 0, 0, 0, 0, 0, 0, 0, 0, 0, 0, 0, 0, 0, 0, 0, 0, 0, 0, 0, 0, 0, 0, 0, 0, 0, -1, -1, 0, 1, 1, 0, -1, 0, 1, 1, 0, -1, -1, 0, 0, 0, 0, 0, 0, 0, 0, 0, 0, 0, 0, 0, 0, 0, 0, 0, 0, 0, 0, 0, 0, 0, 0, 0, 0, 0


Even numbers n such that d(n) | phi(n).
8, 10, 18, 24, 26, 28, 30, 34, 40, 52, 56, 58, 70, 72, 74, 76, 78, 82, 84, 88, 90, 98, 102, 104, 106, 108, 110, 120, 122, 124, 126, 128, 130, 136, 140, 146, 148, 152, 156, 168, 170, 172, 174, 176, 178, 182, 184, 190, 194, 198, 202, 210, 218, 222


d(n) does not divide phi(n).
2, 4, 6, 12, 14, 16, 20, 22, 25, 27, 32, 36, 38, 42, 44, 46, 48, 50, 54, 60, 62, 64, 66, 68, 75, 80, 81, 86, 92, 94, 96, 100, 112, 114, 116, 118, 121, 132, 134, 138, 142, 144, 150, 154, 158, 160, 162, 164, 166, 180, 186, 188, 189, 192, 196, 200, 204


Odd n such that d(n) does not divide phi(n).
25, 27, 75, 81, 121, 189, 225, 275, 289, 297, 343, 363, 405, 425, 513, 529, 567, 575, 605, 621, 725, 729, 825, 837, 841, 867, 1025, 1029, 1053, 1089, 1161, 1175, 1225, 1269, 1275, 1325, 1331, 1377, 1445, 1475, 1539, 1587, 1593, 1681, 1725


Row sums of triangle <a href="/A004747" title="Triangle read by rows: the Bell transform of the triple factorial numbers A008544 without column 0.">A004747</a>.
1, 3, 17, 145, 1661, 23931, 415773, 8460257, 197360985, 5192853011, 152137882601, 4911873672113, 173268075672277, 6630323916472075, 273555262963272501, 12105084133976359361, 571897644855277242673


Inverse of 1727th cyclotomic polynomial.
1, 1, 1, 1, 1, 1, 1, 1, 1, 1, 1, 0, 0, 0, 0, 0, 0, 0, 0, 0, 0, 0, 0, 0, 0, 0, 0, 0, 0, 0, 0, 0, 0, 0, 0, 0, 0, 0, 0, 0, 0, 0, 0, 0, 0, 0, 0, 0, 0, 0, 0, 0, 0, 0, 0, 0, 0, 0, 0, 0, 0, 0, 0, 0, 0, 0, 0, 0, 0, 0, 0, 0, 0, 0, 0, 0, 0, 0, 0, 0, 0


Number of 3's in partitions of n into distinct parts.
0, 0, 1, 1, 1, 1, 1, 2, 3, 4, 4, 5, 6, 8, 10, 12, 14, 17, 20, 24, 29, 34, 40, 47, 55, 64, 75, 87, 101, 117, 135, 155, 179, 205, 235, 269, 307, 350, 399, 453, 514, 583, 660, 746, 843, 950, 1070, 1205, 1354, 1520, 1705, 1910, 2138, 2392


Inverse of 1729th cyclotomic polynomial.
1, -1, 0, 0, 0, 0, 0, 1, -1, 0, 0, 0, 0, 1, 0, -1, 0, 0, 0, 1, 0, 0, -1, 0, 0, 0, 2, -1, 0, -1, 0, 0, 1, 1, -1, 0, -1, 0, 1, 1, 0, -1, 0, -1, 0, 2, 0, 0, -1, 0, -1, 1, 2, -1, 0, -1, 0, 0, 1, 1, -1, 0, -1, 0, 1, 1, 0, -1, 0, -1, 1, 1, 0, 0, -1, 0, 0, 1, 1, -1, 0


Number of 4's in all the partitions of n into distinct parts.
0, 0, 0, 1, 1, 1, 2, 1, 2, 3, 3, 5, 6, 7, 9, 10, 12, 15, 18, 22, 26, 31, 36, 42, 50, 58, 68, 80, 92, 107, 124, 142, 164, 189, 216, 248, 284, 323, 369, 420, 476, 541, 613, 693, 784, 885, 997, 1123, 1264, 1419, 1593, 1787, 2000, 2239, 2504, 2795, 3120, 3479


Number of 5's in all the partitions of n into distinct parts.
0, 0, 0, 0, 1, 1, 1, 2, 2, 2, 3, 4, 4, 6, 8, 9, 11, 14, 16, 19, 23, 27, 32, 38, 45, 53, 62, 72, 84, 97, 112, 130, 150, 172, 199, 228, 260, 298, 340, 386, 440, 500, 566, 642, 727, 820, 926, 1044, 1174, 1321, 1484, 1664, 1866, 2090


Number of 6's in all the partitions of n into distinct parts.
0, 0, 0, 0, 0, 1, 1, 1, 2, 2, 3, 3, 4, 5, 6, 8, 9, 12, 14, 17, 21, 24, 29, 34, 40, 47, 55, 65, 75, 88, 102, 118, 137, 157, 181, 208, 238, 272, 311, 355, 404, 460, 522, 592, 671, 758, 856, 966, 1088, 1224, 1377, 1546, 1734, 1944


Number of 7's in all the partitions of n into distinct parts.
0, 0, 0, 0, 0, 0, 1, 1, 1, 2, 2, 3, 4, 4, 5, 7, 8, 10, 12, 14, 18, 22, 25, 30, 36, 42, 50, 58, 67, 79, 92, 106, 123, 142, 164, 189, 217, 248, 284, 325, 370, 421, 479, 543, 616, 698, 788, 890, 1005, 1131, 1273, 1432, 1606, 1802


Number of 8's in all the partitions of n into distinct parts.
0, 0, 0, 0, 0, 0, 0, 1, 1, 1, 2, 2, 3, 4, 5, 5, 7, 9, 10, 13, 15, 18, 22, 27, 31, 37, 44, 51, 61, 71, 82, 95, 111, 128, 148, 171, 195, 225, 258, 295, 337, 384, 437, 497, 565, 639, 724, 818, 923, 1042, 1173, 1319, 1483, 1665


Number of partitions of n into distinct parts, none being 2.
1, 1, 0, 1, 2, 2, 2, 3, 4, 5, 6, 7, 9, 11, 13, 16, 19, 22, 27, 32, 37, 44, 52, 60, 70, 82, 95, 110, 127, 146, 169, 194, 221, 254, 291, 331, 377, 429, 487, 553, 626, 707, 800, 903, 1016, 1145, 1288, 1445, 1622, 1819, 2036, 2278, 2546, 2842, 3172, 3536, 3936, 4381


Number of partitions of n into distinct parts, none being 3.
1, 1, 1, 1, 1, 2, 3, 4, 4, 5, 6, 8, 10, 12, 14, 17, 20, 24, 29, 34, 40, 47, 55, 64, 75, 87, 101, 117, 135, 155, 179, 205, 235, 269, 307, 350, 399, 453, 514, 583, 660, 746, 843, 950, 1070, 1205, 1354, 1520, 1705, 1910, 2138, 2392, 2672, 2982, 3326, 3706, 4126


Number of partitions of n into distinct parts, none being 4.
1, 1, 1, 2, 1, 2, 3, 3, 5, 6, 7, 9, 10, 12, 15, 18, 22, 26, 31, 36, 42, 50, 58, 68, 80, 92, 107, 124, 142, 164, 189, 216, 248, 284, 323, 369, 420, 476, 541, 613, 693, 784, 885, 997, 1123, 1264, 1419, 1593, 1787, 2000, 2239, 2504, 2795, 3120, 3479, 3874, 4313


Inverse of 1738th cyclotomic polynomial.
1, -1, 1, -1, 1, -1, 1, -1, 1, -1, 1, 0, 0, 0, 0, 0, 0, 0, 0, 0, 0, 0, 0, 0, 0, 0, 0, 0, 0, 0, 0, 0, 0, 0, 0, 0, 0, 0, 0, 0, 0, 0, 0, 0, 0, 0, 0, 0, 0, 0, 0, 0, 0, 0, 0, 0, 0, 0, 0, 0, 0, 0, 0, 0, 0, 0, 0, 0, 0, 0, 0, 0, 0, 0, 0, 0, 0, 0, 0, 1, -1


Inverse of 1739th cyclotomic polynomial.
1, 1, 1, 1, 1, 1, 1, 1, 1, 1, 1, 1, 1, 1, 1, 1, 1, 1, 1, 1, 1, 1, 1, 1, 1, 1, 1, 1, 1, 1, 1, 1, 1, 1, 1, 1, 1, 0, 0, 0, 0, 0, 0, 0, 0, 0, 0, -1, -1, -1, -1, -1, -1, -1, -1, -1, -1, -1, -1, -1, -1, -1, -1, -1, -1, -1, -1, -1, -1, -1, -1, -1, -1, -1, -1, -1


Inverse of 1740th cyclotomic polynomial.
1, 0, 1, 0, 0, 0, -1, 0, -1, 0, -1, 0, 0, 0, 1, 0, 1, 0, 0, 0, 0, 0, 0, 0, 0, 0, 0, 0, 0, 0, 0, 0, 0, 0, 0, 0, 0, 0, 0, 0, 0, 0, 0, 0, 0, 0, 0, 0, 0, 0, 0, 0, 0, 0, 0, 0, 0, 0, -1, 0, -1, 0, 0, 0, 1, 0, 1, 0, 1, 0, 0, 0, -1, 0, -1, 0, 0, 0, 0, 0, 0


Number of partitions of n into distinct parts, none being 5.
1, 1, 1, 2, 2, 2, 3, 4, 4, 6, 8, 9, 11, 14, 16, 19, 23, 27, 32, 38, 45, 53, 62, 72, 84, 97, 112, 130, 150, 172, 199, 228, 260, 298, 340, 386, 440, 500, 566, 642, 727, 820, 926, 1044, 1174, 1321, 1484, 1664, 1866, 2090, 2337, 2613, 2918, 3254, 3628, 4041, 4495


