Inverse of 1742nd cyclotomic polynomial.
1, -1, 1, -1, 1, -1, 1, -1, 1, -1, 1, -1, 1, 0, 0, 0, 0, 0, 0, 0, 0, 0, 0, 0, 0, 0, 0, 0, 0, 0, 0, 0, 0, 0, 0, 0, 0, 0, 0, 0, 0, 0, 0, 0, 0, 0, 0, 0, 0, 0, 0, 0, 0, 0, 0, 0, 0, 0, 0, 0, 0, 0, 0, 0, 0, 0, 0, 1, -1, 1, -1, 1, -1, 1, -1, 1, -1, 1, -1, 1, 0


Inverse of 1743rd cyclotomic polynomial.
1, -1, 0, 1, -1, 0, 1, 0, -1, 1, 0, -1, 1, 0, 0, 0, 0, 0, 0, 0, 0, 0, 0, 0, 0, 0, 0, 0, 0, 0, 0, 0, 0, 0, 0, 0, 0, 0, 0, 0, 0, 0, 0, 0, 0, 0, 0, 0, 0, 0, 0, 0, 0, 0, 0, 0, 0, 0, 0, 0, 0, 0, 0, 0, 0, 0, 0, 0, 0, 0, 0, 0, 0, 0, 0, 0, 0, 0, 0, 0, 0


Number of partitions of n into distinct parts, none being 6.
1, 1, 1, 2, 2, 3, 3, 4, 5, 6, 8, 9, 12, 14, 17, 21, 24, 29, 34, 40, 47, 55, 65, 75, 88, 102, 118, 137, 157, 181, 208, 238, 272, 311, 355, 404, 460, 522, 592, 671, 758, 856, 966, 1088, 1224, 1377, 1546, 1734, 1944, 2176, 2434, 2720, 3036, 3386, 3774, 4202, 4674


Number of partitions of n into distinct parts, none being 7.
1, 1, 1, 2, 2, 3, 4, 4, 5, 7, 8, 10, 12, 14, 18, 22, 25, 30, 36, 42, 50, 58, 67, 79, 92, 106, 123, 142, 164, 189, 217, 248, 284, 325, 370, 421, 479, 543, 616, 698, 788, 890, 1005, 1131, 1273, 1432, 1606, 1802, 2020, 2259, 2527, 2824, 3150, 3514, 3916, 4358, 4849


Number of partitions of n into distinct parts, none being 8.
1, 1, 1, 2, 2, 3, 4, 5, 5, 7, 9, 10, 13, 15, 18, 22, 27, 31, 37, 44, 51, 61, 71, 82, 95, 111, 128, 148, 171, 195, 225, 258, 295, 337, 384, 437, 497, 565, 639, 724, 818, 923, 1042, 1173, 1319, 1483, 1665, 1866, 2092, 2341, 2616, 2924, 3263, 3637, 4053, 4512, 5016


Least k congruent n such that phi(n) | sigma(n).
1, 2, 3, 12, 15, 6, 14, 56, 270, 30, 264, 12, 78, 14, 15, 4064, 357, 270, 190, 140, 42, 264, 3056, 168, 27000, 78, 270, 56, 812, 30, 248, 4064, 264, 714, 35, 2376, 56536, 190, 78, 840, 2214, 42, 2580, 264, 270, 3956, 2109548, 12192, 56252, 27000, 357


Inverse of 1748th cyclotomic polynomial.
1, 0, -1, 0, 1, 0, -1, 0, 1, 0, -1, 0, 1, 0, -1, 0, 1, 0, -1, 0, 1, 0, -1, 0, 1, 0, -1, 0, 1, 0, -1, 0, 1, 0, -1, 0, 1, 0, 0, 0, 0, 0, 0, 0, 0, 0, 1, 0, -1, 0, 1, 0, -1, 0, 1, 0, -1, 0, 1, 0, -1, 0, 1, 0, -1, 0, 1, 0, -1, 0, 1, 0, -1, 0, 1, 0, -1, 0, 1, 0, -1


Inverse of 1749th cyclotomic polynomial.
1, -1, 0, 1, -1, 0, 1, -1, 0, 1, -1, 1, 0, -1, 1, 0, -1, 1, 0, -1, 1, 0, 0, 0, 0, 0, 0, 0, 0, 0, 0, 0, 0, 0, 0, 0, 0, 0, 0, 0, 0, 0, 0, 0, 0, 0, 0, 0, 0, 0, 0, 0, 0, 1, -1, 0, 1, -1, 0, 1, -1, 0, 1, -1, 1, 0, -1, 1, 0, -1, 1, 0, -1, 1, 0, 0, 0, 0, 0, 0, 0


Numbers n such that phi(n) | sigma_2(n).
1, 2, 3, 6, 22, 33, 66, 750, 27798250, 41697375, 76745867, 83394750, 153491734, 207656250, 230237601, 460475202, 917342250, 969062500, 2907187500, 4528006153, 5952812500, 9056012306, 13584018459, 17858437500, 27168036918, 31979062500, 57559400250


Inverse of 1751st cyclotomic polynomial.
1, 1, 1, 1, 1, 1, 1, 1, 1, 1, 1, 1, 1, 1, 1, 1, 1, 0, 0, 0, 0, 0, 0, 0, 0, 0, 0, 0, 0, 0, 0, 0, 0, 0, 0, 0, 0, 0, 0, 0, 0, 0, 0, 0, 0, 0, 0, 0, 0, 0, 0, 0, 0, 0, 0, 0, 0, 0, 0, 0, 0, 0, 0, 0, 0, 0, 0, 0, 0, 0, 0, 0, 0, 0, 0, 0, 0, 0, 0, 0, 0


Phi(n) | Sigma_3(n).
1, 2, 3, 6, 12, 14, 15, 30, 35, 38, 42, 54, 56, 70, 78, 87, 95, 105, 114, 126, 135, 140, 147, 168, 174, 182, 190, 209, 210, 215, 216, 222, 248, 258, 264, 270, 285, 294, 297, 315, 357, 418, 420, 430, 455, 456, 540, 546, 551, 570, 594, 609, 616, 627


Numbers n such that phi(n) | sigma_4(n).
1, 2, 3, 6, 249, 498


Phi(n) | Sigma_5(n).
1, 2, 3, 6, 12, 14, 15, 30, 35, 42, 46, 56, 70, 78, 105, 134, 138, 140, 161, 168, 184, 190, 210, 230, 248, 264, 270, 299, 322, 357, 402, 414, 418, 420, 483, 552, 570, 594, 598, 616, 623, 630, 644, 670, 690, 714, 744, 805, 812, 840, 874, 897, 910


Numbers n such that phi(n) | sigma_6(n).
1, 2, 3, 6, 22, 33, 66, 262, 750, 786, 8646, 56946, 222386, 626406, 667158, 737286, 1223123, 2446246, 2939046, 3669369, 6804006, 7338738


Numbers n such that phi(n) | sigma_7(n).
1, 2, 3, 6, 12, 14, 15, 30, 35, 42, 56, 70, 78, 105, 140, 168, 190, 210, 248, 264, 270, 295, 357, 418, 420, 570, 590, 594, 616, 630, 714, 744, 767, 812, 840, 885, 910, 1038, 1045, 1240, 1254, 1416, 1485, 1534, 1589, 1672, 1770, 1848, 2065, 2090, 2214, 2301, 2376, 2422, 2436, 2580, 2730, 2970


Phi(n) | Sigma_8(n).
1, 2, 3, 6, 19689, 39378


Phi(n) | Sigma_9(n).
1, 2, 3, 6, 12, 14, 15, 30, 35, 38, 42, 54, 56, 70, 78, 87, 95, 105, 114, 126, 135, 140, 147, 168, 174, 182, 190, 209, 210, 215, 216, 222, 248, 258, 264, 266, 270, 285, 294, 297, 315, 342, 357, 378, 418, 420, 430, 447, 455, 456, 494, 518, 540, 546


Numbers n such that phi(n) | sigma_10(n).
1, 2, 3, 6, 22, 33, 66, 166, 250, 375, 498, 750, 1506, 1826, 5478, 8250, 10375, 10873, 16566, 17762, 20750, 21746, 31125, 32619, 41666, 53286, 62250, 62499, 65238, 98250, 110066, 119603, 124998, 177153, 195382, 228250, 239206


Phi(n) | Sigma_11(n).
1, 2, 3, 6, 12, 14, 15, 30, 35, 42, 56, 70, 78, 105, 140, 168, 190, 210, 235, 248, 264, 270, 329, 357, 418, 420, 470, 570, 594, 616, 630, 658, 695, 705, 714, 744, 799, 807, 812, 840, 910, 940, 987, 1045, 1240, 1254, 1316, 1390, 1410, 1485, 1529


Numbers k such that phi(k) divides sigma_12(k).
1, 2, 3, 6, 249, 498, 118578, 99295058, 297885174, 4005374907


Phi(n) | Sigma_13(n).
1, 2, 3, 6, 12, 14, 15, 30, 35, 42, 56, 70, 78, 105, 140, 168, 190, 210, 248, 264, 270, 357, 418, 420, 570, 594, 616, 630, 714, 744, 749, 812, 840, 910, 1045, 1240, 1254, 1485, 1498, 1672, 1848, 2090, 2214, 2247, 2376, 2436, 2568, 2580, 2730


Inverse of 1763rd cyclotomic polynomial.
1, 1, 1, 1, 1, 1, 1, 1, 1, 1, 1, 1, 1, 1, 1, 1, 1, 1, 1, 1, 1, 1, 1, 1, 1, 1, 1, 1, 1, 1, 1, 1, 1, 1, 1, 1, 1, 1, 1, 1, 1, 0, 0, -1, -1, -1, -1, -1, -1, -1, -1, -1, -1, -1, -1, -1, -1, -1, -1, -1, -1, -1, -1, -1, -1, -1, -1, -1, -1, -1, -1, -1, -1, -1, -1, -1


Numbers n such that phi(n) | sigma_14(n).
1, 2, 3, 6, 22, 33, 66, 118, 177, 354, 454, 750, 1298, 1362, 1372, 1947, 3894, 4116, 4994, 8706, 14982, 15092, 26786, 33906, 44250, 45276, 56750, 65542, 77858, 80358, 98961, 116787, 170250, 171500, 196626, 197922, 233574, 242844


Phi(n) | Sigma_15(n).
1, 2, 3, 6, 12, 14, 15, 30, 35, 38, 42, 46, 54, 56, 70, 78, 87, 95, 105, 114, 126, 134, 135, 138, 140, 147, 161, 168, 174, 182, 184, 190, 209, 210, 215, 216, 222, 230, 248, 258, 264, 270, 285, 294, 297, 299, 315, 322, 357, 398, 402, 414, 418, 420


phi(n) + 1 | sigma(n + 1).
1, 2, 4, 16, 25, 170, 256, 264, 1920, 9384, 26664, 65536


Inverse of 1767th cyclotomic polynomial.
1, -1, 0, 1, -1, 0, 1, -1, 0, 1, -1, 0, 1, -1, 0, 1, -1, 0, 1, 0, -1, 1, 0, -1, 1, 0, -1, 1, 0, -1, 1, 1, -2, 1, 1, -2, 1, 1, -1, 0, 1, -1, 0, 1, -1, 0, 1, -1, 0, 1, 0, -1, 1, 0, -1, 1, 0, -1, 1, 0, -1, 1, 1, -2, 1, 1, -2, 1, 1, -1, 0, 1, -1, 0, 1, -1, 0, 1, -1, 0, 1


Inverse of 1768th cyclotomic polynomial.
1, 0, 0, 0, -1, 0, 0, 0, 1, 0, 0, 0, -1, 0, 0, 0, 1, 0, 0, 0, -1, 0, 0, 0, 1, 0, 0, 0, -1, 0, 0, 0, 1, 0, 0, 0, -1, 0, 0, 0, 1, 0, 0, 0, -1, 0, 0, 0, 1, 0, 0, 0, 0, 0, 0, 0, 0, 0, 0, 0, 0, 0, 0, 0, 0, 0, 0, 0, 1, 0, 0, 0, -1, 0, 0, 0, 1, 0, 0, 0, -1


Inverse of 1769th cyclotomic polynomial.
1, 1, 1, 1, 1, 1, 1, 1, 1, 1, 1, 1, 1, 1, 1, 1, 1, 1, 1, 1, 1, 1, 1, 1, 1, 1, 1, 1, 1, 0, 0, 0, 0, 0, 0, 0, 0, 0, 0, 0, 0, 0, 0, 0, 0, 0, 0, 0, 0, 0, 0, 0, 0, 0, 0, 0, 0, 0, 0, 0, 0, -1, -1, -1, -1, -1, -1, -1, -1, -1, -1, -1, -1, -1, -1, -1, -1, -1, -1


Inverse of 1770th cyclotomic polynomial.
1, 1, 0, -1, -1, -1, 0, 1, 1, 0, 0, 0, 0, 0, 0, 0, 0, 0, 0, 0, 0, 0, 0, 0, 0, 0, 0, 0, 0, 0, 0, 0, 0, 0, 0, 0, 0, 0, 0, 0, 0, 0, 0, 0, 0, 0, 0, 0, 0, 0, 0, 0, 0, 0, 0, 0, 0, 0, 0, -1, -1, 0, 1, 1, 1, 0, -1, -1, 0, 0, 0, 0, 0, 0, 0, 0, 0, 0, 0, 0, 0


Inverse of 1771st cyclotomic polynomial.
1, -1, 0, 0, 0, 0, 0, 1, -1, 0, 0, 1, -1, 0, 1, -1, 0, 0, 1, -1, 0, 1, 0, 0, -1, 1, -1, 0, 1, 0, 0, -1, 1, 0, 0, 0, 0, 0, -1, 1, 0, 0, 0, 0, 1, -1, 1, -1, 0, 0, 0, 1, -1, 1, -1, 1, 0, 0, 0, -1, 1, -1, 1, 0, 0, 0, 0, 1, -1, 1, -1, 0, 0, 0, 1, -1, 1, -1, 1, 0, 0


Phi(n) + 2 | sigma(n + 2).
1, 4, 8, 12, 22, 26, 32, 42, 54, 118, 145, 230, 340, 342, 363, 512, 528, 3840, 4678, 4930, 14526, 15906, 18768, 23274, 25134, 26206, 26588, 36663, 45368, 53328, 2115600, 5531768


Phi(n) + 3 | sigma(n + 3).
7, 10, 14, 21, 26, 34, 38, 58, 86, 93, 94, 106, 134, 146, 178, 194, 226, 254, 274, 278, 314, 334, 346, 357, 381, 386, 394, 398, 446, 454, 458, 538, 554, 566, 614, 674, 681, 698, 706, 758, 766, 794, 818, 878, 926, 934, 974, 1006, 1018, 1046


Phi(n) + 4 | sigma(n + 4).
6, 10, 20, 22, 34, 35, 50, 51, 56, 58, 66, 72, 82, 116, 118, 142, 195, 200, 202, 214, 220, 274, 298, 330, 340, 358, 382, 394, 454, 478, 538, 562, 622, 642, 668, 680, 694, 838, 862, 922, 940, 1042, 1056, 1138, 1198, 1234, 1272, 1282, 1295, 1318


Phi(n) + 5 | sigma(n + 5).
1, 5, 12, 60, 68, 92, 123, 131, 188, 236, 332, 404, 428, 452, 596, 668, 764, 932, 1004, 1028, 1124, 1244, 1604, 1772, 1796, 1868, 2012, 2084, 2276, 2372, 2468, 2588, 2612, 2708, 3044, 3308, 3356, 3428, 3452, 3524, 3764, 3788, 3884, 4052, 4124


Phi(n) + 6 | sigma(n + 6).
9, 18, 20, 27, 28, 52, 54, 68, 76, 81, 104, 116, 126, 130, 162, 172, 188, 212, 228, 243, 258, 268, 292, 350, 356, 362, 388, 452, 486, 508, 520, 548, 556, 594, 628, 668, 692, 772, 780, 788, 796, 892, 908, 916, 1026, 1076, 1108, 1132, 1228, 1348


Phi(n) + 7 | sigma(n + 7).
3, 42, 162, 5478, 491910, 45504705


Phi(n) + 8 | sigma(n + 8).
2, 18, 22, 34, 46, 48, 58, 94, 106, 132, 150, 166, 178, 180, 187, 214, 274, 346, 358, 394, 448, 466, 488, 526, 550, 562, 616, 624, 634, 660, 664, 744, 756, 772, 778, 782, 790, 798, 884, 886, 898, 934, 1138, 1174, 1186, 1354, 1366, 1438, 1618


Numbers n such that phi(n) + 10 | sigma(n + 10).
1, 65, 88, 104, 127, 184, 189, 232, 248, 328, 344, 424, 568, 584, 632, 664, 872, 1192, 1208, 1247, 1544, 1592, 1688, 1864, 2008, 2104, 2152, 2264, 2648, 2792, 2824, 3032, 3112, 3208, 3352, 3448, 3681, 3688, 3992, 4168, 4328, 4504, 4552


Numbers n such that phi(n) + 12 | sigma(n + 12).
4, 10, 20, 24, 30, 44, 68, 92, 120, 136, 164, 184, 212, 236, 350, 356, 374, 376, 428, 472, 524, 596, 664, 668, 808, 856, 904, 932, 1028, 1076, 1150, 1172, 1192, 1336, 1388, 1410, 1436, 1528, 1532, 1604, 1676, 1864, 1868, 2008, 2012, 2056, 2084


Inverse of 1781st cyclotomic polynomial.
1, 1, 1, 1, 1, 1, 1, 1, 1, 1, 1, 1, 1, 0, 0, 0, 0, 0, 0, 0, 0, 0, 0, 0, 0, 0, 0, 0, 0, 0, 0, 0, 0, 0, 0, 0, 0, 0, 0, 0, 0, 0, 0, 0, 0, 0, 0, 0, 0, 0, 0, 0, 0, 0, 0, 0, 0, 0, 0, 0, 0, 0, 0, 0, 0, 0, 0, 0, 0, 0, 0, 0, 0, 0, 0, 0, 0, 0, 0, 0, 0


k is the first integer such that phi(k) + n | sigma(k + n):.
1, 1, 1, 7, 6, 5, 9, 3, 2, 1, 4, 50, 15, 156, 8, 60, 6, 80, 6, 15, 10, 126, 16, 49, 14, 33, 12, 109, 26, 60, 72, 51, 24, 103, 74, 10, 26, 69, 54, 97, 4, 200, 33, 9, 58, 105, 34, 89, 30, 144, 66, 175, 8, 83, 6, 123, 82, 15, 120, 1682, 42, 135, 58, 73, 30, 71, 10


Numbers n such that phi(n) + 3 | sigma(n).
12, 126, 152, 216, 245, 392, 490, 63872, 259856, 16750592, 4294541312


Numbers n such that phi(n) + 4 divides sigma(n).
6, 15, 21, 24, 30, 33, 39, 42, 51, 57, 66, 69, 78, 84, 87, 93, 96, 102, 108, 111, 114, 120, 123, 129, 138, 141, 159, 174, 175, 177, 183, 186, 201, 213, 219, 220, 222, 237, 246, 249, 258, 267, 282, 291, 303, 309, 318, 321, 327, 339, 350, 354, 366


Inverse of 1785th cyclotomic polynomial.
1, 1, 1, 0, 0, -1, -1, -2, -1, -1, 0, 0, 1, 1, 1, 1, 1, 0, -1, -1, -1, 0, 0, 1, 1, 1, 0, 0, -1, -1, -1, 0, 0, 0, 0, 1, 1, 1, 0, 0, -1, -1, -1, 0, 0, 1, 1, 1, 0, -1, -1, 0, 0, 0, 0, 0, 0, 0, 0, 0, 0, 0, 0, 0, 0, 0, 1, 1, 0, -1, -1, -1, 0, 0, 1, 1, 1, 0, 0, -1, -1


Inverse of 1786th cyclotomic polynomial.
1, -1, 1, -1, 1, -1, 1, -1, 1, -1, 1, -1, 1, -1, 1, -1, 1, -1, 1, 0, 0, 0, 0, 0, 0, 0, 0, 0, 0, 0, 0, 0, 0, 0, 0, 0, 0, 0, 0, 0, 0, 0, 0, 0, 0, 0, 0, 1, -1, 1, -1, 1, -1, 1, -1, 1, -1, 1, -1, 1, -1, 1, -1, 1, -1, 1, 0, 0, 0, 0, 0, 0, 0, 0, 0, 0, 0, 0, 0, 0, 0


Numbers n such that phi(n) + 5 | sigma(n).
4, 10, 32, 60, 88, 688, 2544, 3424, 12200, 62848, 777984, 1037824, 16734208, 67022848, 8625555968, 51537444864


Numbers n such that phi(n) + 6 | sigma(n).
14, 20, 54, 56, 234, 286, 456, 686, 735, 980, 1176, 1224, 1470, 2000, 3296, 21645, 34632, 37496, 43290, 46620, 62336, 191616, 277808, 779568, 1124528, 4095712, 16726016, 17409376, 50251776, 149911936, 177383296, 12883623936, 42932880896, 295964664896


Numbers n such that phi(n) + 7 | sigma(n).
9, 18, 24, 408, 7684, 10848, 14528, 46272, 533776, 774912, 201142272, 1410521344, 3220488192, 4469373184, 6505814272, 27945013504


phi(n) + 8 | sigma(n).
22, 44, 60, 84, 120, 132, 135, 140, 156, 204, 228, 231, 270, 276, 348, 372, 375, 444, 462, 492, 496, 516, 525, 532, 564, 636, 660, 700, 708, 726, 732, 750, 756, 804, 852, 876, 920, 935, 948, 996, 1050, 1068, 1164, 1212, 1236, 1248, 1284


Numbers n such that phi(n) + 9 | sigma(n).
26, 312, 828, 2475, 2520, 4950, 7412, 7942, 10464, 14454, 30952, 89262, 1029632, 3116544, 17721152, 56889152, 538655552, 804839424, 9287924224, 206150959104, 698155922432


Numbers n such that phi(n) + 10 | sigma(n).
6, 12, 30, 68, 96, 264, 368, 2064, 4240, 4636, 6588, 7276, 10272, 11800, 36600, 188544, 251648, 415000, 1296640, 3113472, 50202624, 201068544, 16097947360, 17177182208, 25876667904, 85895741440


Inverse of 1793rd cyclotomic polynomial.
1, 1, 1, 1, 1, 1, 1, 1, 1, 1, 1, 0, 0, 0, 0, 0, 0, 0, 0, 0, 0, 0, 0, 0, 0, 0, 0, 0, 0, 0, 0, 0, 0, 0, 0, 0, 0, 0, 0, 0, 0, 0, 0, 0, 0, 0, 0, 0, 0, 0, 0, 0, 0, 0, 0, 0, 0, 0, 0, 0, 0, 0, 0, 0, 0, 0, 0, 0, 0, 0, 0, 0, 0, 0, 0, 0, 0, 0, 0, 0, 0


Inverse of 1794th cyclotomic polynomial.
1, 1, 0, -1, -1, 0, 1, 1, 0, -1, -1, 0, 1, 0, -1, -1, 0, 1, 1, 0, -1, -1, 0, 0, 0, 0, 1, 1, 0, -1, -1, 0, 1, 1, 0, -1, 0, 1, 1, 0, -1, -1, 0, 1, 1, 0, 0, 0, 0, -1, -1, 0, 1, 1, 0, -1, -1, 0, 1, 0, -1, -1, 0, 1, 1, 0, -1, -1, 0, 1, 1, 0, 0, 0, 0, 0, 0, 0, 0, 0, 0


Numbers n such that phi(n) + 11 | sigma(n).
8, 25, 34, 50, 304, 432, 1700, 1968, 2400, 2656, 13504, 44736, 59776, 1025536, 4148224, 12512256, 16685056, 66924544, 201043968, 51535085568, 68713578496


phi(n) + 12 | sigma(n).
24, 38, 42, 54, 60, 70, 92, 114, 154, 168, 182, 238, 266, 315, 322, 378, 406, 434, 504, 518, 574, 602, 630, 658, 742, 760, 826, 854, 858, 938, 950, 994, 1022, 1080, 1106, 1162, 1246, 1350, 1358, 1414, 1442, 1498, 1526, 1582, 1778, 1820, 1834


Numbers n not congruent to 0 (mod 3) such that phi(n) + 4 | sigma(n).
175, 220, 350, 752, 3772, 4720, 5092, 15296, 80320, 269872, 632752, 807650, 1126672, 1304320, 4176896, 4386476, 20945920, 37030556, 1073463296, 17178755072, 34796530432, 85897707520, 274873450496


Inverse of 1798th cyclotomic polynomial.
1, -1, 1, -1, 1, -1, 1, -1, 1, -1, 1, -1, 1, -1, 1, -1, 1, -1, 1, -1, 1, -1, 1, -1, 1, -1, 1, -1, 1, 0, 0, 1, -1, 1, -1, 1, -1, 1, -1, 1, -1, 1, -1, 1, -1, 1, -1, 1, -1, 1, -1, 1, -1, 1, -1, 1, -1, 1, -1, 1, 0, 0, 0, 0, 0, 0, 0, 0, 0, 0, 0, 0, 0, 0, 0, 0, 0, 0, 0, 0, 0


k is the first integer such that phi(k) + n | sigma(k).
1, 1, 2, 12, 6, 4, 14, 9, 22, 26, 6, 8, 24, 20, 10, 45, 15, 58, 14, 117, 21, 74, 24, 16, 12, 52, 22, 169, 30, 40, 26, 68, 39, 18, 20, 289, 42, 3604, 34, 146, 51, 72, 38, 180, 28, 730, 48, 32, 70, 116, 46, 194, 24, 150, 45, 1632, 115, 104, 120, 226, 78, 80, 58


Odd numbers n such that phi(n) | sigma_3(n).
1, 3, 15, 35, 87, 95, 105, 135, 147, 209, 215, 285, 297, 315, 357, 455, 551, 609, 627, 635, 645, 783, 899, 957, 1015, 1045, 1107, 1211, 1343, 1349, 1365, 1485, 1505, 1639, 1653, 1905, 1917, 2159, 2261, 2337, 2373, 2639, 2697, 2967, 3045


k is the first integer such that phi(k+n) | sigma(k)+n.
1, 1, 10, 1, 6, 1, 10, 1, 7, 16, 5, 1, 3, 2, 10, 1, 14, 1, 10


Inverse of 1802nd cyclotomic polynomial.
1, -1, 1, -1, 1, -1, 1, -1, 1, -1, 1, -1, 1, -1, 1, -1, 1, 0, 0, 0, 0, 0, 0, 0, 0, 0, 0, 0, 0, 0, 0, 0, 0, 0, 0, 0, 0, 0, 0, 0, 0, 0, 0, 0, 0, 0, 0, 0, 0, 0, 0, 0, 0, 1, -1, 1, -1, 1, -1, 1, -1, 1, -1, 1, -1, 1, -1, 1, -1, 1, 0, 0, 0, 0, 0, 0, 0, 0, 0, 0, 0


Composite numbers n such that phi(n) + 2 | sigma(n).
6, 10, 14, 22, 24, 26, 27, 28, 34, 38, 40, 45, 46, 54, 58, 62, 74, 82, 86, 90, 94, 106, 118, 122, 132, 134, 142, 146, 158, 166, 178, 184, 194, 202, 206, 214, 218, 226, 254, 260, 262, 274, 278, 298, 302, 314, 326, 334, 346, 358, 362, 374, 382, 386, 394, 398


Inverse of 1804th cyclotomic polynomial.
1, 0, -1, 0, 1, 0, -1, 0, 1, 0, -1, 0, 1, 0, -1, 0, 1, 0, -1, 0, 1, 0, 0, 0, 0, 0, 0, 0, 0, 0, 0, 0, 0, 0, 0, 0, 0, 0, 0, 0, 0, 0, 0, 0, 0, 0, 0, 0, 0, 0, 0, 0, 0, 0, 0, 0, 0, 0, 0, 0, 0, 0, 0, 0, 0, 0, 0, 0, 0, 0, 0, 0, 0, 0, 0, 0, 0, 0, 0, 0, 0


Numbers n so phi(n + 1) divides sigma(n).
1, 3, 5, 6, 7, 11, 14, 15, 17, 23, 24, 28, 31, 33, 35, 47, 51, 53, 54, 55, 69, 71, 77, 87, 94, 107, 110, 127, 155, 170, 174, 191, 195, 209, 254, 261, 265, 285, 315, 322, 383, 385, 395, 399, 406, 423, 429, 431, 510, 564, 609, 636, 644, 647, 649, 672, 713


Inverse of 1806th cyclotomic polynomial.
1, 1, 0, -1, -1, 0, 1, 0, -1, -1, 0, 1, 1, 0, 0, 0, 0, 0, 0, 0, 0, 0, 0, 0, 0, 0, 0, 0, 0, 0, 0, 0, 0, 0, 0, 0, 0, 0, 0, 0, 0, 0, 0, -1, -1, 0, 1, 1, 0, -1, 0, 1, 1, 0, -1, -1, 0, 0, 0, 0, 0, 0, 0, 0, 0, 0, 0, 0, 0, 0, 0, 0, 0, 0, 0, 0, 0, 0, 0, 0, 0


Inverse of 1807th cyclotomic polynomial.
1, 1, 1, 1, 1, 1, 1, 1, 1, 1, 1, 1, 1, 0, 0, 0, 0, 0, 0, 0, 0, 0, 0, 0, 0, 0, 0, 0, 0, 0, 0, 0, 0, 0, 0, 0, 0, 0, 0, 0, 0, 0, 0, 0, 0, 0, 0, 0, 0, 0, 0, 0, 0, 0, 0, 0, 0, 0, 0, 0, 0, 0, 0, 0, 0, 0, 0, 0, 0, 0, 0, 0, 0, 0, 0, 0, 0, 0, 0, 0, 0


Numbers n such that phi(n + 1) | sigma(n) for n congruent to 1 (mod 3).
1, 7, 28, 31, 55, 94, 127, 265, 322, 385, 406, 649, 1504, 1624, 1990, 2488, 3115, 3154, 4402, 5269, 6265, 6460, 7258, 7384, 7579, 8191, 8455, 8995, 9229, 9799, 11815, 12466, 13114, 13243, 14146, 15385, 16309, 16849, 17731, 20995, 23359


Number of solutions of +- 1 +- 2 +- ... +- (n-1) +- n = 0 in which the partial sums +- 1 +- ... +- k (1&lt;=k&lt;=n) are all distinct.
1, 0, 0, 2, 2, 0, 0, 2, 2, 0, 0, 10, 14, 0, 0, 36, 40, 0, 0, 134, 258, 0, 0, 702, 1040, 0, 0, 4170, 5996, 0, 0, 23642, 36616, 0, 0, 140500, 217002, 0, 0, 852132, 1374692, 0, 0, 5411800, 8852230, 0, 0


Numbers n such that phi(n + 3) | sigma(n).
3, 6, 7, 11, 15, 19, 21, 23, 27, 31, 33, 42, 43, 51, 57, 59, 62, 69, 70, 71, 77, 79, 83, 84, 87, 93, 103, 131, 139, 141, 159, 163, 165, 177, 187, 189, 191, 199, 211, 213, 223, 235, 237, 251, 267, 270, 271, 282, 285, 287, 297, 311, 315, 316, 321, 330, 331


Numbers n such that phi(n + 4) | sigma(n).
5, 6, 10, 14, 22, 24, 34, 35, 38, 58, 66, 70, 82, 95, 110, 118, 120, 140, 142, 143, 191, 202, 214, 224, 228, 230, 255, 274, 276, 298, 308, 351, 358, 374, 376, 382, 394, 454, 478, 538, 562, 570, 590, 598, 616, 620, 622, 623, 694, 728, 744, 780, 838, 862, 864


Numbers n such that phi(n + 5) | sigma(n).
3, 7, 15, 22, 23, 30, 35, 44, 47, 51, 56, 71, 88, 95, 135, 140, 153, 155, 167, 207, 239, 263, 280, 310, 311, 368, 383, 385, 395, 431, 503, 506, 599, 635, 646, 647, 658, 719, 839, 887, 911, 920, 995, 1012, 1023, 1045, 1078, 1080, 1103, 1131, 1185, 1223, 1309


Numbers n such that phi(n + 6) | sigma(n).
6, 14, 15, 19, 22, 27, 30, 33, 38, 42, 46, 51, 56, 62, 66, 70, 78, 86, 87, 92, 102, 118, 120, 123, 138, 142, 158, 166, 177, 184, 186, 206, 210, 213, 246, 254, 262, 264, 278, 280, 282, 303, 318, 321, 326, 330, 382, 398, 411, 422, 426, 429, 446, 447, 456, 459


Numbers n such that phi(n + 7) | sigma(n).
3, 6, 11, 14, 23, 24, 30, 33, 35, 54, 59, 66, 71, 77, 99, 102, 105, 107, 110, 119, 131, 140, 158, 161, 167, 168, 174, 179, 186, 203, 222, 231, 239, 251, 253, 280, 287, 290, 304, 311, 312, 329, 347, 348, 357, 359, 366, 371, 378, 383, 402, 413, 419, 426, 430


Inverse of 1815th cyclotomic polynomial.
1, 0, 0, 0, 0, 0, 0, 0, 0, 0, 0, -1, 0, 0, 0, 0, 0, 0, 0, 0, 0, 0, 0, 0, 0, 0, 0, 0, 0, 0, 0, 0, 0, 1, 0, 0, 0, 0, 0, 0, 0, 0, 0, 0, -1, 0, 0, 0, 0, 0, 0, 0, 0, 0, 0, 1, 0, 0, 0, 0, 0, 0, 0, 0, 0, 0, 0, 0, 0, 0, 0, 0, 0, 0, 0, 0, 0, -1, 0, 0, 0


Numbers n such that phi(n + 8) | sigma(n).
6, 7, 10, 30, 41, 46, 54, 55, 62, 66, 70, 78, 108, 114, 118, 132, 135, 138, 168, 174, 186, 188, 190, 195, 220, 246, 286, 297, 318, 354, 357, 378, 382, 391, 434, 438, 460, 474, 510, 534, 553, 606, 618, 646, 654, 667, 702, 748, 754, 780, 786, 834, 836, 852


Inverse of 1817th cyclotomic polynomial.
1, 1, 1, 1, 1, 1, 1, 1, 1, 1, 1, 1, 1, 1, 1, 1, 1, 1, 1, 1, 1, 1, 1, 0, 0, 0, 0, 0, 0, 0, 0, 0, 0, 0, 0, 0, 0, 0, 0, 0, 0, 0, 0, 0, 0, 0, 0, 0, 0, 0, 0, 0, 0, 0, 0, 0, 0, 0, 0, 0, 0, 0, 0, 0, 0, 0, 0, 0, 0, 0, 0, 0, 0, 0, 0, 0, 0, 0, 0, -1, -1


Numbers n such that phi(n + 9) | sigma(n).
3, 5, 7, 10, 15, 21, 24, 30, 31, 33, 42, 47, 57, 69, 78, 79, 93, 102, 114, 127, 129, 135, 145, 161, 174, 177, 186, 210, 213, 216, 223, 231, 237, 238, 239, 249, 258, 264, 270, 282, 297, 309, 318, 355, 367, 371, 376, 393, 399, 402, 417, 418, 435, 438, 455, 456


Inverse of 1819th cyclotomic polynomial.
1, 1, 1, 1, 1, 1, 1, 1, 1, 1, 1, 1, 1, 1, 1, 1, 1, 0, 0, 0, 0, 0, 0, 0, 0, 0, 0, 0, 0, 0, 0, 0, 0, 0, 0, 0, 0, 0, 0, 0, 0, 0, 0, 0, 0, 0, 0, 0, 0, 0, 0, 0, 0, 0, 0, 0, 0, 0, 0, 0, 0, 0, 0, 0, 0, 0, 0, 0, 0, 0, 0, 0, 0, 0, 0, 0, 0, 0, 0, 0, 0


Inverse of 1820th cyclotomic polynomial.
1, 0, 1, 0, 0, 0, 0, 0, 0, 0, -1, 0, -1, 0, -1, 0, -1, 0, 0, 0, 1, 0, 1, 0, 1, 0, 0, 0, 0, 0, 0, 0, -1, 0, -1, 0, 0, 0, 0, 0, 1, 0, 1, 0, 0, 0, 0, 0, 0, 0, -1, 0, 0, 0, 0, 0, 0, 0, 1, 0, 1, 0, 0, 0, 0, 0, -1, 0, -1, 0, 0, 0, 0, 0, 0, 0, 1, 0, 0, 0, 0


Numbers n such that phi(n + 10) | sigma(n).
11, 14, 17, 35, 42, 46, 56, 60, 62, 66, 94, 114, 138, 142, 158, 224, 258, 282, 284, 334, 354, 378, 402, 408, 420, 426, 440, 473, 478, 480, 498, 526, 618, 622, 638, 642, 728, 748, 762, 766, 770, 786, 826, 834, 840, 862, 906, 920, 935, 952, 984, 1001, 1006


Numbers n such that phi(n + 11) | sigma(n).
15, 21, 46, 69, 88, 94, 115, 119, 189, 204, 209, 210, 213, 255, 297, 329, 332, 399, 418, 465, 470, 589, 598, 609, 616, 663, 696, 749, 799, 869, 950, 1074, 1081, 1173, 1199, 1365, 1593, 1595, 1615, 1729, 1888, 1917, 2014, 2024, 2185, 2189, 2289, 2376, 2449


Numbers n such that phi(n + 12) | sigma(n).
6, 14, 23, 24, 30, 33, 38, 51, 54, 60, 66, 78, 84, 87, 96, 102, 109, 120, 132, 141, 159, 168, 174, 204, 210, 246, 248, 249, 267, 276, 280, 321, 330, 345, 354, 372, 378, 380, 406, 411, 426, 495, 506, 519, 537, 564, 591, 606, 636, 642, 690, 699, 789, 822, 852


Numbers n such that phi(n + 13) | sigma(n).
5, 7, 15, 21, 23, 35, 47, 71, 77, 87, 132, 155, 191, 263, 295, 297, 310, 357, 359, 428, 431, 437, 479, 503, 527, 595, 638, 660, 719, 759, 790, 837, 839, 863, 983, 1002, 1105, 1151, 1155, 1223, 1269, 1336, 1376, 1463, 1495, 1511, 1512, 1559, 1615, 1817, 1871


Numbers n such that phi(n) | sigma(n + 1).
1, 2, 4, 5, 6, 9, 10, 13, 14, 20, 21, 30, 32, 34, 43, 45, 54, 55, 65, 68, 70, 104, 109, 114, 129, 132, 140, 151, 153, 160, 176, 183, 203, 234, 245, 252, 279, 314, 340, 370, 407, 434, 441, 539, 550, 580, 589, 620, 635, 644, 741, 765, 798, 806, 845, 860, 883


Inverse of 1826th cyclotomic polynomial.
1, -1, 1, -1, 1, -1, 1, -1, 1, -1, 1, 0, 0, 0, 0, 0, 0, 0, 0, 0, 0, 0, 0, 0, 0, 0, 0, 0, 0, 0, 0, 0, 0, 0, 0, 0, 0, 0, 0, 0, 0, 0, 0, 0, 0, 0, 0, 0, 0, 0, 0, 0, 0, 0, 0, 0, 0, 0, 0, 0, 0, 0, 0, 0, 0, 0, 0, 0, 0, 0, 0, 0, 0, 0, 0, 0, 0, 0, 0, 0, 0


Inverse of 1827th cyclotomic polynomial.
1, 0, 0, -1, 0, 0, 0, 0, 0, 1, 0, 0, -1, 0, 0, 0, 0, 0, 1, 0, 0, 0, 0, 0, -1, 0, 0, 1, 0, 0, 0, 0, 0, -1, 0, 0, 1, 0, 0, 0, 0, 0, 0, 0, 0, 0, 0, 0, 0, 0, 0, 0, 0, 0, 0, 0, 0, 0, 0, 0, 0, 0, 0, 0, 0, 0, 0, 0, 0, 0, 0, 0, 0, 0, 0, 0, 0, 0, 0, 0, 0


Numbers n such that phi(n) | sigma(n + 2).
1, 2, 3, 4, 5, 9, 10, 12, 13, 18, 21, 22, 25, 28, 36, 38, 40, 42, 45, 52, 55, 58, 60, 90, 93, 108, 112, 117, 130, 152, 153, 156, 175, 180, 182, 187, 208, 222, 226, 228, 246, 258, 264, 280, 306, 310, 313, 380, 396, 468, 490, 504, 532, 592, 609, 628, 700, 715


Inverse of 1829th cyclotomic polynomial.
1, 1, 1, 1, 1, 1, 1, 1, 1, 1, 1, 1, 1, 1, 1, 1, 1, 1, 1, 1, 1, 1, 1, 1, 1, 1, 1, 1, 1, 1, 1, 0, 0, 0, 0, 0, 0, 0, 0, 0, 0, 0, 0, 0, 0, 0, 0, 0, 0, 0, 0, 0, 0, 0, 0, 0, 0, 0, 0, -1, -1, -1, -1, -1, -1, -1, -1, -1, -1, -1, -1, -1, -1, -1, -1, -1, -1, -1


Inverse of 1830th cyclotomic polynomial.
1, 1, 0, -1, -1, -1, 0, 1, 1, 0, 0, 0, 0, 0, 0, 0, 0, 0, 0, 0, 0, 0, 0, 0, 0, 0, 0, 0, 0, 0, 0, 0, 0, 0, 0, 0, 0, 0, 0, 0, 0, 0, 0, 0, 0, 0, 0, 0, 0, 0, 0, 0, 0, 0, 0, 0, 0, 0, 0, 0, 0, -1, -1, 0, 1, 1, 1, 0, -1, -1, 0, 0, 0, 0, 0, 0, 0, 0, 0, 0, 0


Numbers n such that phi(n) | sigma(n + 3).
1, 2, 3, 4, 7, 8, 12, 14, 19, 20, 21, 24, 27, 30, 32, 39, 52, 63, 84, 91, 102, 112, 117, 127, 129, 132, 135, 155, 165, 181, 200, 210, 252, 327, 348, 387, 403, 405, 410, 432, 452, 453, 456, 459, 475, 480, 532, 549, 592, 620, 624, 679, 693, 714, 725, 952, 1009


Numbers n such that phi(n) | sigma(n + 4).
1, 2, 3, 6, 7, 8, 10, 17, 18, 24, 26, 42, 50, 52, 54, 56, 65, 75, 80, 81, 87, 90, 110, 111, 114, 120, 126, 154, 164, 186, 216, 234, 244, 245, 306, 308, 338, 344, 350, 351, 371, 372, 374, 416, 436, 456, 490, 528, 560, 570, 598, 626, 682, 689, 759, 777, 836, 866


Inverse of 1833rd cyclotomic polynomial.
1, -1, 0, 1, -1, 0, 1, -1, 0, 1, -1, 0, 1, 0, -1, 1, 0, -1, 1, 0, -1, 1, 0, -1, 1, 0, 0, 0, 0, 0, 0, 0, 0, 0, 0, 0, 0, 0, 0, 0, 0, 0, 0, 0, 0, 0, 0, 1, -1, 0, 1, -1, 0, 1, -1, 0, 1, -1, 0, 1, 0, -1, 1, 0, -1, 1, 0, -1, 1, 0, -1, 1, 0, 0, 0, 0, 0, 0, 0, 0, 0


Numbers n such that phi(n) | sigma(n + 5).
1, 2, 6, 9, 10, 16, 18, 22, 28, 30, 33, 42, 64, 65, 71, 72, 82, 87, 90, 114, 130, 136, 156, 182, 198, 208, 215, 280, 294, 336, 380, 390, 403, 451, 616, 660, 683, 755, 777, 964, 990, 1168, 1260, 1267, 1330, 1342, 1348, 1480, 1638, 1744, 1953, 2025, 2074, 2088


Numbers n such that phi(n) | sigma(n + 6).
1, 2, 4, 5, 6, 8, 9, 14, 15, 18, 24, 36, 45, 50, 56, 60, 72, 86, 98, 114, 148, 180, 204, 260, 264, 304, 315, 324, 370, 372, 420, 429, 434, 450, 456, 504, 546, 555, 602, 609, 610, 615, 684, 738, 746, 760, 786, 792, 868, 960, 982, 988, 1122, 1140, 1270, 1314


Numbers n such that phi(n) | sigma(n + 7).
1, 2, 3, 4, 5, 6, 7, 8, 12, 16, 20, 22, 24, 26, 27, 28, 31, 35, 39, 40, 50, 58, 63, 70, 88, 95, 108, 112, 116, 120, 135, 152, 163, 183, 224, 228, 241, 273, 315, 323, 364, 369, 455, 476, 520, 524, 616, 620, 632, 703, 782, 855, 903, 945, 950, 1008, 1124, 1188


Inverse of 1837th cyclotomic polynomial.
1, 1, 1, 1, 1, 1, 1, 1, 1, 1, 1, 0, 0, 0, 0, 0, 0, 0, 0, 0, 0, 0, 0, 0, 0, 0, 0, 0, 0, 0, 0, 0, 0, 0, 0, 0, 0, 0, 0, 0, 0, 0, 0, 0, 0, 0, 0, 0, 0, 0, 0, 0, 0, 0, 0, 0, 0, 0, 0, 0, 0, 0, 0, 0, 0, 0, 0, 0, 0, 0, 0, 0, 0, 0, 0, 0, 0, 0, 0, 0, 0


phi(n + 3) | sigma(n) for n not congruent to 0 (mod 3).
5, 10, 14, 22, 34, 35, 38, 58, 70, 82, 95, 110, 118, 140, 142, 143, 191, 202, 214, 224, 230, 274, 298, 308, 358, 374, 376, 382, 394, 454, 478, 538, 562, 590, 598, 616, 620, 622, 623, 694, 728, 838, 862, 920, 922, 1012, 1042, 1121, 1138, 1198


Numbers n such that phi(n + 7) | sigma(n) for n not congruent to 0 (mod 3).
11, 14, 23, 35, 59, 71, 77, 107, 110, 119, 131, 140, 158, 161, 167, 179, 203, 239, 251, 253, 280, 287, 290, 304, 311, 329, 347, 359, 371, 383, 413, 419, 430, 431, 467, 491, 497, 581, 599, 623, 647, 665, 713, 728, 749, 770, 827, 836, 887, 893, 971, 1031, 1043


Numbers n such that phi(n + 9) | sigma(n) for n not congruent to 0 (mod 3).
5, 7, 10, 31, 47, 79, 127, 145, 161, 223, 238, 239, 355, 367, 371, 376, 418, 455, 463, 479, 748, 863, 1039, 1045, 1087, 1103, 1118, 1327, 1423, 1439, 1567, 1583, 1823, 1886, 1999, 2065, 2108, 2143, 2201, 2207, 2239, 2447, 2461, 2687, 2767, 2840, 2927, 2975


Numbers n such that phi(n + 12) | sigma(n) for n not congruent to 0 (mod 3).
14, 23, 38, 109, 248, 280, 380, 406, 506, 1178, 1288, 1364, 1504, 1528, 1798, 1976, 1978, 1990, 2408, 2528, 2698, 3160, 3230, 4318, 4888, 6106, 6904, 7160, 7192, 7366, 8234, 8648, 8804, 8920, 8932, 9238, 10726, 10856, 11210, 11684, 11818, 12008, 12154, 14212


Numbers n such that phi(n) | sigma(n + 8).
1, 2, 3, 4, 6, 7, 9, 11, 14, 15, 18, 20, 34, 36, 38, 39, 52, 63, 70, 84, 85, 97, 100, 111, 116, 130, 146, 150, 153, 162, 174, 180, 182, 196, 207, 216, 220, 222, 231, 247, 372, 427, 429, 468, 490, 505, 507, 608, 612, 700, 702, 741, 742, 748, 775, 855, 861


Inverse of 1843rd cyclotomic polynomial.
1, 1, 1, 1, 1, 1, 1, 1, 1, 1, 1, 1, 1, 1, 1, 1, 1, 1, 1, 0, 0, 0, 0, 0, 0, 0, 0, 0, 0, 0, 0, 0, 0, 0, 0, 0, 0, 0, 0, 0, 0, 0, 0, 0, 0, 0, 0, 0, 0, 0, 0, 0, 0, 0, 0, 0, 0, 0, 0, 0, 0, 0, 0, 0, 0, 0, 0, 0, 0, 0, 0, 0, 0, 0, 0, 0, 0, 0, 0, 0, 0


phi(n) | sigma(n + 9).
2, 3, 4, 5, 6, 10, 12, 13, 14, 21, 24, 26, 30, 31, 37, 42, 45, 48, 50, 57, 60, 68, 76, 78, 96, 105, 111, 133, 156, 168, 175, 181, 196, 200, 215, 273, 286, 288, 290, 310, 320, 336, 350, 361, 369, 381, 399, 406, 420, 450, 465, 543, 585, 600, 612, 656, 740


Inverse of 1845th cyclotomic polynomial.
1, 0, 0, -1, 0, 0, 0, 0, 0, 1, 0, 0, -1, 0, 0, 1, 0, 0, 0, 0, 0, -1, 0, 0, 1, 0, 0, 0, 0, 0, 0, 0, 0, 0, 0, 0, 0, 0, 0, 0, 0, 0, 0, 0, 0, 0, 0, 0, 0, 0, 0, 0, 0, 0, 0, 0, 0, 0, 0, 0, 0, 0, 0, 0, 0, 0, 0, 0, 0, 0, 0, 0, 0, 0, 0, 0, 0, 0, 0, 0, 0


Inverse of 1846th cyclotomic polynomial.
1, -1, 1, -1, 1, -1, 1, -1, 1, -1, 1, -1, 1, 0, 0, 0, 0, 0, 0, 0, 0, 0, 0, 0, 0, 0, 0, 0, 0, 0, 0, 0, 0, 0, 0, 0, 0, 0, 0, 0, 0, 0, 0, 0, 0, 0, 0, 0, 0, 0, 0, 0, 0, 0, 0, 0, 0, 0, 0, 0, 0, 0, 0, 0, 0, 0, 0, 0, 0, 0, 0, 1, -1, 1, -1, 1, -1, 1, -1, 1, -1


phi(n) | sigma(n + 10).
2, 3, 4, 5, 7, 12, 13, 14, 20, 28, 29, 32, 36, 44, 45, 52, 53, 56, 60, 66, 77, 84, 86, 104, 105, 108, 110, 123, 130, 144, 172, 221, 228, 238, 270, 287, 312, 342, 366, 380, 385, 396, 441, 468, 558, 584, 585, 588, 644, 672, 750, 754, 760, 854, 864


Inverse of 1848th cyclotomic polynomial.
1, 0, 0, 0, 1, 0, 0, 0, 0, 0, 0, 0, -1, 0, 0, 0, -1, 0, 0, 0, 0, 0, 0, 0, 1, 0, 0, 0, 0, 0, 0, 0, -1, 0, 0, 0, -1, 0, 0, 0, 0, 0, 0, 0, 0, 0, 0, 0, 0, 0, 0, 0, 0, 0, 0, 0, 1, 0, 0, 0, 1, 0, 0, 0, 0, 0, 0, 0, -1, 0, 0, 0, 0, 0, 0, 0, 1, 0, 0, 0, 1


phi(n) | sigma(n + 11).
2, 3, 4, 6, 8, 9, 10, 12, 13, 16, 18, 19, 20, 24, 35, 36, 45, 49, 51, 74, 77, 79, 84, 91, 104, 108, 113, 124, 129, 130, 144, 148, 180, 198, 219, 224, 279, 286, 308, 380, 407, 434, 435, 459, 490, 584, 609, 610, 616, 624, 627, 628, 640, 644, 679, 779


phi(n) | sigma(n + 12).
2, 3, 10, 12, 14, 15, 16, 18, 21, 26, 30, 35, 39, 42, 44, 54, 65, 75, 76, 90, 108, 123, 126, 153, 156, 165, 218, 234, 252, 270, 364, 366, 370, 396, 462, 474, 494, 508, 525, 540, 558, 615, 620, 630, 646, 702, 732, 814, 852, 858, 918, 980, 1022, 1044


phi(n) | sigma(n + 13).
2, 4, 6, 7, 8, 9, 10, 11, 15, 20, 25, 27, 34, 38, 41, 42, 44, 56, 57, 64, 66, 80, 82, 120, 122, 128, 146, 152, 155, 164, 176, 204, 222, 237, 310, 330, 331, 342, 377, 378, 400, 427, 460, 465, 490, 500, 504, 560, 602, 610, 626, 704, 722, 770, 817, 861


Numbers n such that sigma(n) = sigma(n + 3).
382, 8922, 11935, 31815, 32442, 61982, 123795, 145915, 186615, 271215, 442362, 554715, 560382, 580635, 964535, 1191575, 1243375, 1369302, 1539942, 1642795, 2616702, 3141215, 3299062, 3556035, 3716895, 4201015, 5148294


Inverse of 1853rd cyclotomic polynomial.
1, 1, 1, 1, 1, 1, 1, 1, 1, 1, 1, 1, 1, 1, 1, 1, 1, 0, 0, 0, 0, 0, 0, 0, 0, 0, 0, 0, 0, 0, 0, 0, 0, 0, 0, 0, 0, 0, 0, 0, 0, 0, 0, 0, 0, 0, 0, 0, 0, 0, 0, 0, 0, 0, 0, 0, 0, 0, 0, 0, 0, 0, 0, 0, 0, 0, 0, 0, 0, 0, 0, 0, 0, 0, 0, 0, 0, 0, 0, 0, 0


Numbers n such that sigma(n) = sigma(n + 4).
51, 66, 115, 220, 319, 1003, 2585, 4024, 4183, 4195, 5720, 5826, 5959, 8004, 8374, 11659, 12367, 12561, 13581, 14338, 15365, 16116, 17840, 18718, 20541, 25130, 29393, 30170, 32665, 36516, 39913, 40660, 42423, 42922, 47841, 49762


