a(n) = (tau(n^6)+5)/6.
1, 2, 2, 3, 2, 9, 2, 4, 3, 9, 2, 16, 2, 9, 9, 5, 2, 16, 2, 16, 9, 9, 2, 23, 3, 9, 4, 16, 2, 58, 2, 6, 9, 9, 9, 29, 2, 9, 9, 23, 2, 58, 2, 16, 16, 9, 2, 30, 3, 16, 9, 16, 2, 23, 9, 23, 9, 9, 2, 107, 2, 9, 16, 7, 9, 58, 2, 16, 9, 58, 2, 42, 2, 9, 16, 16, 9, 58, 2, 30, 5, 9, 2, 107, 9


a(n) = (tau(n^7)+6)/7.
1, 2, 2, 3, 2, 10, 2, 4, 3, 10, 2, 18, 2, 10, 10, 5, 2, 18, 2, 18, 10, 10, 2, 26, 3, 10, 4, 18, 2, 74, 2, 6, 10, 10, 10, 33, 2, 10, 10, 26, 2, 74, 2, 18, 18, 10, 2, 34, 3, 18, 10, 18, 2, 26, 10, 26, 10, 10, 2, 138, 2, 10, 18, 7, 10, 74, 2, 18, 10, 74, 2, 48, 2, 10, 18, 18


a(n) = (tau(n^8)+7)/8.
1, 2, 2, 3, 2, 11, 2, 4, 3, 11, 2, 20, 2, 11, 11, 5, 2, 20, 2, 20, 11, 11, 2, 29, 3, 11, 4, 20, 2, 92, 2, 6, 11, 11, 11, 37, 2, 11, 11, 29, 2, 92, 2, 20, 20, 11, 2, 38, 3, 20, 11, 20, 2, 29, 11, 29, 11, 11, 2, 173, 2, 11, 20, 7, 11, 92, 2, 20, 11, 92, 2, 54, 2, 11, 20, 20


Inverse of 1995th cyclotomic polynomial.
1, 1, 1, 0, 0, -1, -1, -2, -1, -1, 0, 0, 1, 1, 1, 1, 1, 1, 0, -1, -2, -1, -1, 0, 0, 1, 1, 1, 0, 0, 0, 0, 0, 0, 0, 0, 0, 0, 0, 0, -1, -1, -1, 0, 0, 1, 1, 2, 1, 0, -1, -1, -1, -1, -1, -1, 0, 1, 2, 2, 2, 1, 0, -1, -2, -2, -2, -1, 0, 1, 1, 1, 1, 1, 1, 0, -1, -2, -1, -1, 0


a(n) = (tau(n^9)+8)/9.
1, 2, 2, 3, 2, 12, 2, 4, 3, 12, 2, 22, 2, 12, 12, 5, 2, 22, 2, 22, 12, 12, 2, 32, 3, 12, 4, 22, 2, 112, 2, 6, 12, 12, 12, 41, 2, 12, 12, 32, 2, 112, 2, 22, 22, 12, 2, 42, 3, 22, 12, 22, 2, 32, 12, 32, 12, 12, 2, 212, 2, 12, 22, 7, 12, 112, 2, 22, 12, 112, 2, 60, 2, 12


a(n) = (tau(n^10)+9)/10.
1, 2, 2, 3, 2, 13, 2, 4, 3, 13, 2, 24, 2, 13, 13, 5, 2, 24, 2, 24, 13, 13, 2, 35, 3, 13, 4, 24, 2, 134, 2, 6, 13, 13, 13, 45, 2, 13, 13, 35, 2, 134, 2, 24, 24, 13, 2, 46, 3, 24, 13, 24, 2, 35, 13, 35, 13, 13, 2, 255, 2, 13, 24, 7, 13, 134, 2, 24, 13, 134, 2, 66, 2, 13


a(n) = (tau(n^11)+10)/11.
1, 2, 2, 3, 2, 14, 2, 4, 3, 14, 2, 26, 2, 14, 14, 5, 2, 26, 2, 26, 14, 14, 2, 38, 3, 14, 4, 26, 2, 158, 2, 6, 14, 14, 14, 49, 2, 14, 14, 38, 2, 158, 2, 26, 26, 14, 2, 50, 3, 26, 14, 26, 2, 38, 14, 38, 14, 14, 2, 302, 2, 14, 26, 7, 14, 158, 2, 26, 14, 158, 2, 72, 2, 14


a(n) = (tau(n^12)+11)/12.
1, 2, 2, 3, 2, 15, 2, 4, 3, 15, 2, 28, 2, 15, 15, 5, 2, 28, 2, 28, 15, 15, 2, 41, 3, 15, 4, 28, 2, 184, 2, 6, 15, 15, 15, 53, 2, 15, 15, 41, 2, 184, 2, 28, 28, 15, 2, 54, 3, 28, 15, 28, 2, 41, 15, 41, 15, 15, 2, 353, 2, 15, 28, 7, 15, 184, 2, 28, 15, 184, 2, 78, 2, 15


a(n) = (tau(n^13)+12)/13.
1, 2, 2, 3, 2, 16, 2, 4, 3, 16, 2, 30, 2, 16, 16, 5, 2, 30, 2, 30, 16, 16, 2, 44, 3, 16, 4, 30, 2, 212, 2, 6, 16, 16, 16, 57, 2, 16, 16, 44, 2, 212, 2, 30, 30, 16, 2, 58, 3, 30, 16, 30, 2, 44, 16, 44, 16, 16, 2, 408, 2, 16, 30, 7, 16, 212, 2, 30, 16, 212, 2, 84, 2, 16


Inverse of 2001st cyclotomic polynomial.
1, -1, 0, 1, -1, 0, 1, -1, 0, 1, -1, 0, 1, -1, 0, 1, -1, 0, 1, -1, 0, 1, -1, 1, 0, -1, 1, 0, -1, 2, -1, -1, 2, -1, -1, 2, -1, -1, 2, -1, -1, 2, -1, -1, 2, -1, 0, 1, -1, 0, 1, -1, 1, 0, -1, 1, 0, -1, 2, -1, -1, 2, -1, -1, 2, -1, -1, 2, -1, -1, 2, -1, -1, 2, -1, 0, 1, -1, 0, 1, -1


Inverse of 2002nd cyclotomic polynomial.
1, 1, 0, 0, 0, 0, 0, -1, -1, 0, 0, -1, -1, -1, 0, 1, 0, 0, 1, 1, 1, 0, 0, 1, 1, 0, 0, 0, 0, 0, -1, -1, 0, -1, -1, -1, -1, 0, 0, -1, 0, 1, 1, 1, 1, 1, 2, 1, 0, 0, 0, 0, 0, -1, -1, -1, -1, -1, -1, -1, 0, 0, 0, 0, 0, 0, 1, 1, 1, 1, 1, 1, 1, 0, 0, 0, 0, 0, 0, -1, -1


a(n) = (tau(n^n)+n-1)/n.
1, 2, 2, 3, 2, 9, 2, 4, 3, 13, 2, 28, 2, 17, 18, 5, 2, 40, 2, 44, 24, 25, 2, 77, 3, 29, 4, 60, 2, 994, 2, 6, 36, 37, 38, 149, 2, 41, 42, 125, 2, 1894, 2, 92, 94, 49, 2, 198, 3, 104, 54, 108, 2, 167, 58, 173, 60, 61, 2, 7505, 2, 65, 130, 7, 68, 4558, 2, 140, 72, 5114


Number of ways to write 1/n as a sum of exactly Q unit fractions.
2, 1, 2, 4, 8, 6, 32, 64, 12, 256, 512, 24, 2048, 36, 30, 16384, 32768, 96, 72, 262144, 192, 1, 2


Least k such that 2*n*k + 1 is a prime.
1, 1, 1, 2, 1, 1, 2, 1, 1, 2, 1, 3, 2, 1, 1, 3, 3, 1, 5, 1, 1, 2, 1, 2, 2, 1, 2, 2, 1, 1, 5, 3, 1, 2, 1, 1, 2, 3, 1, 3, 1, 4, 2, 1, 2, 3, 3, 1, 2, 1, 1, 3, 1, 1, 3, 1, 2, 2, 6, 2, 3, 3, 1, 2, 1, 3, 2, 1, 1, 2, 4, 3, 2, 1, 1, 3, 3, 1, 2, 4, 1, 5, 1, 2, 6, 1, 2, 2, 1, 1, 3, 7, 2, 5, 1, 1, 2, 1, 1


Inverse of 2006th cyclotomic polynomial.
1, -1, 1, -1, 1, -1, 1, -1, 1, -1, 1, -1, 1, -1, 1, -1, 1, 0, 0, 0, 0, 0, 0, 0, 0, 0, 0, 0, 0, 0, 0, 0, 0, 0, 0, 0, 0, 0, 0, 0, 0, 0, 0, 0, 0, 0, 0, 0, 0, 0, 0, 0, 0, 0, 0, 0, 0, 0, 0, 1, -1, 1, -1, 1, -1, 1, -1, 1, -1, 1, -1, 1, -1, 1, -1, 1, 0, 0, 0, 0, 0


Number of iterations of Reverse and Add which lead to a palindrome, or -1 if no palindrome is ever reached.
1, 1, 1, 1, 2, 2, 2, 2, 2, 1, 1, 1, 1, 1, 1, 1, 1, 1, 2, 1, 1, 1, 1, 1, 1, 1, 1, 2, 1, 1, 1, 1, 1, 1, 1, 1, 2, 1, 2, 1, 1, 1, 1, 1, 1, 2, 1, 2, 2, 1, 1, 1, 1, 1, 2, 1, 2, 2, 3, 1, 1, 1, 1, 2, 1, 2, 2, 3, 4, 1, 1, 1, 2, 1, 2, 2, 3, 4, 6, 1, 1, 2, 1, 2, 2, 3, 4, 6, 24, 1, 2, 1, 2, 2, 3, 4, 6, 24


Smallest k such that 1/k can be written as a sum of exactly 2 unit fractions in n ways.
1, 2, 4, 8, 6, 32, 64, 12, 256, 512, 24, 2048, 36, 30, 16384, 32768, 96, 72, 262144, 192, 1048576, 2097152, 60, 8388608, 216, 768, 67108864, 288, 1536, 536870912, 1073741824, 120, 576, 8589934592, 6144, 34359738368, 68719476736, 180, 864


Least k such that (tau(k^3)+2)/3=n.
1, 2, 4, 8, 16, 6, 64, 128, 256, 12, 1024, 2048, 4096, 24, 16384, 32768, 36, 48, 262144, 524288, 1048576, 30, 4194304, 72, 16777216, 192, 67108864, 134217728, 268435456, 384, 144, 2147483648, 4294967296, 216, 17179869184, 34359738368, 68719476736


Inverse of 2010th cyclotomic polynomial.
1, 1, 0, -1, -1, -1, 0, 1, 1, 0, 0, 0, 0, 0, 0, 0, 0, 0, 0, 0, 0, 0, 0, 0, 0, 0, 0, 0, 0, 0, 0, 0, 0, 0, 0, 0, 0, 0, 0, 0, 0, 0, 0, 0, 0, 0, 0, 0, 0, 0, 0, 0, 0, 0, 0, 0, 0, 0, 0, 0, 0, 0, 0, 0, 0, 0, 0, -1, -1, 0, 1, 1, 1, 0, -1, -1, 0, 0, 0, 0, 0


Least k such that (tau(k^4)+3)/4=n.
1, 2, 4, 8, 16, 32, 6, 128, 256, 512, 1024, 12, 4096, 8192, 16384, 32768, 24, 131072, 262144, 524288, 36, 48, 4194304, 8388608, 16777216, 33554432, 96, 134217728, 268435456, 72, 1073741824, 30, 4294967296, 8589934592, 17179869184


Number of permutations of {1,2,...,n} in which each element follows its proper divisors.
1, 1, 1, 2, 3, 12, 25, 150, 378, 1960, 8154, 81540, 261250, 3135000, 19358040, 160331626, 719579700, 11513275200, 62702704800, 1128648686400, 7122671957664, 88475482100520, 905279068633800, 19916139509943600


Inverse of 2013th cyclotomic polynomial.
1, -1, 0, 1, -1, 0, 1, -1, 0, 1, -1, 1, 0, -1, 1, 0, -1, 1, 0, -1, 1, 0, 0, 0, 0, 0, 0, 0, 0, 0, 0, 0, 0, 0, 0, 0, 0, 0, 0, 0, 0, 0, 0, 0, 0, 0, 0, 0, 0, 0, 0, 0, 0, 0, 0, 0, 0, 0, 0, 0, 0, 1, -1, 0, 1, -1, 0, 1, -1, 0, 1, -1, 1, 0, -1, 1, 0, -1, 1, 0, -1


Inverse of 2014th cyclotomic polynomial.
1, -1, 1, -1, 1, -1, 1, -1, 1, -1, 1, -1, 1, -1, 1, -1, 1, -1, 1, 0, 0, 0, 0, 0, 0, 0, 0, 0, 0, 0, 0, 0, 0, 0, 0, 0, 0, 0, 0, 0, 0, 0, 0, 0, 0, 0, 0, 0, 0, 0, 0, 0, 0, 1, -1, 1, -1, 1, -1, 1, -1, 1, -1, 1, -1, 1, -1, 1, -1, 1, -1, 1, 0, 0, 0, 0, 0, 0, 0, 0, 0


Inverse of 2015th cyclotomic polynomial.
1, -1, 0, 0, 0, 1, -1, 0, 0, 0, 1, -1, 0, 1, -1, 1, -1, 0, 1, -1, 1, -1, 0, 1, -1, 1, 0, -1, 1, -1, 1, 1, -2, 1, -1, 1, 1, -2, 1, 0, 0, 1, -2, 1, 1, -1, 1, -2, 1, 1, -1, 1, -1, 0, 1, -1, 1, 0, -1, 1, -1, 1, 1, -2, 1, -1, 1, 1, -2, 1, 0, 0, 1, -2, 1, 1, -1, 1, -2, 1, 1


Least k such that (tau(k^k)+k-1)/k=n.
1, 2, 4, 8, 16, 32, 64, 128, 6, 512, 1024, 2048, 10, 8192, 16384, 32768, 14, 15, 262144, 524288, 1048576, 2097152, 4194304, 21, 22, 33554432, 67108864, 12, 26, 536870912, 1073741824, 2147483648, 4294967296, 8589934592, 17179869184, 33, 34, 35


Smallest base relative to which n is palindromic.
2, 3, 2, 3, 2, 5, 2, 3, 2, 3, 10, 5, 3, 6, 2, 3, 2, 5, 18, 3, 2, 10, 3, 5, 4, 3, 2, 3, 4, 9, 2, 7, 2, 4, 6, 5, 6, 4, 12, 3, 5, 4, 6, 10, 2, 4, 46, 7, 6, 7, 2, 3, 52, 8, 4, 3, 5, 28, 4, 9, 6, 5, 2, 7, 2, 10, 5, 3, 22, 9, 7, 5, 2, 6, 14, 18, 10, 5, 78, 3, 8, 3, 5, 11, 2, 6, 28, 5, 8, 14, 3, 6


Indices of prime Mersenne numbers (<a href="/A001348" title="Mersenne numbers: 2^p - 1, where p is prime.">A001348</a>).
1, 2, 3, 4, 6, 7, 8, 11, 18, 24, 28, 31, 98, 111, 207, 328, 339, 455, 583, 602, 1196, 1226, 1357, 2254, 2435, 2591, 4624, 8384, 10489, 12331, 19292, 60745, 68301, 97017, 106991, 215208, 218239, 474908, 877615, 1329726, 1509263, 1622441, 1881339, 2007537, 2270720, 2584328, 2610944


Expansion of (1 - x + x^4) / (1 - x)^3.
1, 2, 3, 4, 6, 9, 13, 18, 24, 31, 39, 48, 58, 69, 81, 94, 108, 123, 139, 156, 174, 193, 213, 234, 256, 279, 303, 328, 354, 381, 409, 438, 468, 499, 531, 564, 598, 633, 669, 706, 744, 783, 823, 864, 906, 949, 993, 1038, 1084, 1131, 1179


a(1) = a(2) = 1, a(2n + 1) = 2*a(2n) and a(2n) = 2*a(2n - 1) + (-1)^n.
1, 1, 2, 5, 10, 19, 38, 77, 154, 307, 614, 1229, 2458, 4915, 9830, 19661, 39322, 78643, 157286, 314573, 629146, 1258291, 2516582, 5033165, 10066330, 20132659, 40265318, 80530637, 161061274, 322122547, 644245094


Inverse of 2021st cyclotomic polynomial.
1, 1, 1, 1, 1, 1, 1, 1, 1, 1, 1, 1, 1, 1, 1, 1, 1, 1, 1, 1, 1, 1, 1, 1, 1, 1, 1, 1, 1, 1, 1, 1, 1, 1, 1, 1, 1, 1, 1, 1, 1, 1, 1, 0, 0, 0, 0, -1, -1, -1, -1, -1, -1, -1, -1, -1, -1, -1, -1, -1, -1, -1, -1, -1, -1, -1, -1, -1, -1, -1, -1, -1, -1, -1, -1, -1


De Bruijn's sequence: 2^(2^(n-1) - n): ways of arranging 2^n bits in circle so all 2^n consecutive strings of length n are distinct.
1, 1, 2, 16, 2048, 67108864, 144115188075855872, 1329227995784915872903807060280344576, 226156424291633194186662080095093570025917938800079226639565593765455331328


Least number that is the sum of two positive squares in exactly n ways.
2, 50, 325, 1105, 8125, 5525, 105625, 27625, 71825, 138125, 5281250, 160225, 1221025, 2442050, 1795625, 801125, 446265625, 2082925, 41259765625, 4005625, 44890625, 30525625, 61051250, 5928325, 303460625, 53955078125, 35409725, 100140625, 1289367675781250


Inverse of 2024th cyclotomic polynomial.
1, 0, 0, 0, -1, 0, 0, 0, 1, 0, 0, 0, -1, 0, 0, 0, 1, 0, 0, 0, -1, 0, 0, 0, 1, 0, 0, 0, -1, 0, 0, 0, 1, 0, 0, 0, -1, 0, 0, 0, 1, 0, 0, 0, 0, 0, 0, 0, 0, 0, 0, 0, 0, 0, 0, 0, 0, 0, 0, 0, 0, 0, 0, 0, 0, 0, 0, 0, 0, 0, 0, 0, 0, 0, 0, 0, 0, 0, 0, 0, 0


Numbers having n self generators (not necessarily primitive).
1, 2, 101, 103, 107, 115


a(n) = Sum_{j|n, 1 &lt; j &lt; n} phi(j). Also (for n &gt; 1) n - phi(n) - 1.
0, 0, 0, 1, 0, 3, 0, 3, 2, 5, 0, 7, 0, 7, 6, 7, 0, 11, 0, 11, 8, 11, 0, 15, 4, 13, 8, 15, 0, 21, 0, 15, 12, 17, 10, 23, 0, 19, 14, 23, 0, 29, 0, 23, 20, 23, 0, 31, 6, 29, 18, 27, 0, 35, 14, 31, 20, 29, 0, 43, 0, 31, 26, 31, 16, 45, 0, 35, 24, 45, 0, 47, 0, 37, 34, 39, 16, 53


Row sums of triangle <a href="/A000369" title="Triangle of numbers related to triangle A049213; generalization of Stirling numbers of second kind A008277, Bessel triangle ...">A000369</a>.
1, 4, 31, 361, 5626, 109951, 2585269, 71066626, 2236441141, 79289379361, 3127129674736, 135802922499949, 6439320471558781, 331026965612789356, 18338413238239145731, 1089132347371148170381, 69033182553940825258594


Map numbers to number of letters in English name; sequence gives number of steps to converge (to 4).
1, 3, 3, 2, 0, 1, 3, 2, 2, 1, 3, 4, 4, 3, 3, 3, 3, 2, 3, 3, 4, 2, 2, 5, 4, 4, 2, 5, 5, 4, 4, 2, 2, 5, 4, 4, 2, 5, 5, 4, 2, 3, 3, 4, 2, 2, 3, 4, 4, 2, 2, 3, 3, 4, 2, 2, 3, 4, 4, 2, 2, 3, 3, 4, 2, 2, 3, 4, 4, 2, 3, 4, 4, 5, 5, 5, 4, 5, 5, 5, 4, 2, 2, 5, 4, 4, 2, 5, 5, 4, 4, 2, 2, 5, 4, 4, 2, 5, 5, 4


Strictly non-palindromic numbers: n is not palindromic in any base b with 2 &lt;= b &lt;= n-2.
0, 1, 2, 3, 4, 6, 11, 19, 47, 53, 79, 103, 137, 139, 149, 163, 167, 179, 223, 263, 269, 283, 293, 311, 317, 347, 359, 367, 389, 439, 491, 563, 569, 593, 607, 659, 739, 827, 853, 877, 977, 983, 997, 1019, 1049, 1061, 1187, 1213, 1237, 1367, 1433, 1439, 1447, 1459


Inverse of 2030th cyclotomic polynomial.
1, 1, 0, 0, 0, -1, -1, -1, -1, 0, 1, 1, 1, 1, 1, 0, -1, -1, -1, -1, 0, 0, 0, 1, 1, 0, 0, 0, 0, -1, -1, 0, 0, 0, 1, 1, 1, 1, 0, -1, -1, -1, -1, -1, 0, 1, 1, 1, 1, 0, 0, 0, -1, -1, 0, 0, 0, 0, 1, 1, 0, 0, 0, -1, -1, -1, -1, 0, 1, 1, 1, 1, 1, 0, -1, -1, -1, -1, 0, 0, 0


Integer part of Chebyshev's theta function: floor( log(prod_{k=1..n} prime(k)) ).
0, 1, 3, 5, 7, 10, 13, 16, 19, 22, 26, 29, 33, 37, 40, 44, 49, 53, 57, 61, 65, 70, 74, 79, 83, 88, 92, 97, 102, 107, 111, 116, 121, 126, 131, 136, 141, 146, 151, 157, 162, 167, 172, 177, 183, 188, 193, 199, 204, 210, 215, 221, 226, 232, 237, 243, 248


Primes that are palindromic in base 2 (but written here in base 10).
3, 5, 7, 17, 31, 73, 107, 127, 257, 313, 443, 1193, 1453, 1571, 1619, 1787, 1831, 1879, 4889, 5113, 5189, 5557, 5869, 5981, 6211, 6827, 7607, 7759, 7919, 8191, 17377, 18097, 18289, 19433, 19609, 19801, 21157, 22541, 22669, 22861, 23581, 24029


Inverse of 2033rd cyclotomic polynomial.
1, 1, 1, 1, 1, 1, 1, 1, 1, 1, 1, 1, 1, 1, 1, 1, 1, 1, 1, 0, 0, 0, 0, 0, 0, 0, 0, 0, 0, 0, 0, 0, 0, 0, 0, 0, 0, 0, 0, 0, 0, 0, 0, 0, 0, 0, 0, 0, 0, 0, 0, 0, 0, 0, 0, 0, 0, 0, 0, 0, 0, 0, 0, 0, 0, 0, 0, 0, 0, 0, 0, 0, 0, 0, 0, 0, 0, 0, 0, 0, 0


2^(2^n) +- 1 without repeats.
1, 3, 5, 15, 17, 255, 257, 65535, 65537, 4294967295, 4294967297, 18446744073709551615, 18446744073709551617, 340282366920938463463374607431768211455, 340282366920938463463374607431768211457


Inverse of 2035th cyclotomic polynomial.
1, -1, 0, 0, 0, 1, -1, 0, 0, 0, 1, 0, -1, 0, 0, 1, 0, -1, 0, 0, 1, 0, 0, -1, 0, 1, 0, 0, -1, 0, 1, 0, 0, 0, -1, 1, 0, 1, -1, -1, 1, 0, 1, -1, 0, 0, 0, 1, 0, -1, 0, 0, 1, 0, -1, 0, 0, 1, 0, 0, -1, 0, 1, 0, 0, -1, 0, 1, 0, 0, 0, -1, 1, 0, 1, -1, -1, 1, 0, 1, -1


a(n) = smallest prime p(k) such that the gaps between the primes p(k), p(k+1), p(k+2), ..., p(k+n) are 2, 4, 6, ... 2n.
3, 5, 17, 347, 13901, 128981, 128981, 113575727, 2426256797, 137168442221, 4656625081181, 101951758179851, 484511389338941, 221860944705726407


First occurrence of exactly n identical terms in <a href="/A007448" title="Knuth's sequence (or Knuth numbers): a(n+1) = 1 + min( 2*a(floor(n/2)), 3*a(floor(n/3)) ).">A007448</a>.
1, 3, 7, 19, 27, 127, 742, 39, 55, 22153, 4479, 79, 31468, 405, 2323, 463, 111, 33169, 16402, 159, 223, 7573, 5247, 811, 1595416, 3711, 607, 30619, 447, 42525, 1822, 639, 1375, 3217441, 1095201, 319, 398884, 32805, 365350, 88615, 1215, 6967, 12304426


Smallest prime factor of Mersenne numbers.
3, 7, 31, 127, 23, 8191, 131071, 524287, 47, 233, 2147483647, 223, 13367, 431, 2351, 6361, 179951, 2305843009213693951, 193707721, 228479, 439, 2687, 167, 618970019642690137449562111, 11447, 7432339208719, 2550183799, 162259276829213363391578010288127


Least k such that (2*p_n)*k + 1 | Mersenne(p_n), p_n = n-th prime, n &gt;= 2.
1, 3, 9, 1, 315, 3855, 13797, 1, 4, 34636833, 3, 163, 5, 25, 60, 1525, 18900352534538475, 1445580, 1609, 3, 17, 1, 3477359660913989536233495, 59, 36793758459, 12379533, 758220919762679268184943973309, 3421967, 15


Inverse of 2040th cyclotomic polynomial.
1, 0, 0, 0, 1, 0, 0, 0, 0, 0, 0, 0, -1, 0, 0, 0, -1, 0, 0, 0, -1, 0, 0, 0, 0, 0, 0, 0, 1, 0, 0, 0, 1, 0, 0, 0, 0, 0, 0, 0, 0, 0, 0, 0, 0, 0, 0, 0, 0, 0, 0, 0, 0, 0, 0, 0, 0, 0, 0, 0, 0, 0, 0, 0, 0, 0, 0, 0, -1, 0, 0, 0, -1, 0, 0, 0, 0, 0, 0, 0, 1


Inverse of 2041st cyclotomic polynomial.
1, 1, 1, 1, 1, 1, 1, 1, 1, 1, 1, 1, 1, 0, 0, 0, 0, 0, 0, 0, 0, 0, 0, 0, 0, 0, 0, 0, 0, 0, 0, 0, 0, 0, 0, 0, 0, 0, 0, 0, 0, 0, 0, 0, 0, 0, 0, 0, 0, 0, 0, 0, 0, 0, 0, 0, 0, 0, 0, 0, 0, 0, 0, 0, 0, 0, 0, 0, 0, 0, 0, 0, 0, 0, 0, 0, 0, 0, 0, 0, 0


Numbers of the form 9n+3 or 9n+6.
3, 6, 12, 15, 21, 24, 30, 33, 39, 42, 48, 51, 57, 60, 66, 69, 75, 78, 84, 87, 93, 96, 102, 105, 111, 114, 120, 123, 129, 132, 138, 141, 147, 150, 156, 159, 165, 168, 174, 177, 183, 186, 192, 195, 201, 204, 210, 213, 219, 222, 228, 231, 237, 240


a(1) = 3; for n &gt;= 1, a(n+1) = a(n) + sum of its digits.
3, 6, 12, 15, 21, 24, 30, 33, 39, 51, 57, 69, 84, 96, 111, 114, 120, 123, 129, 141, 147, 159, 174, 186, 201, 204, 210, 213, 219, 231, 237, 249, 264, 276, 291, 303, 309, 321, 327, 339, 354, 366, 381, 393, 408, 420, 426, 438, 453, 465, 480, 492


Inverse of 2044th cyclotomic polynomial.
1, 0, -1, 0, 1, 0, -1, 0, 1, 0, -1, 0, 1, 0, 0, 0, 0, 0, 0, 0, 0, 0, 0, 0, 0, 0, 0, 0, 0, 0, 0, 0, 0, 0, 0, 0, 0, 0, 0, 0, 0, 0, 0, 0, 0, 0, 0, 0, 0, 0, 0, 0, 0, 0, 0, 0, 0, 0, 0, 0, 0, 0, 0, 0, 0, 0, 0, 0, 0, 0, 0, 0, 0, 0, 0, 0, 0, 0, 0, 0, 0


Numbers n such that (13^n - 1)/12 is prime.
5, 7, 137, 283, 883, 991, 1021, 1193, 3671, 18743, 31751, 101089


Inverse of 2046th cyclotomic polynomial.
1, 1, 0, -1, -1, 0, 1, 1, 0, -1, -1, -1, 0, 1, 1, 0, -1, -1, 0, 1, 1, 0, 0, 0, 0, 0, 0, 0, 0, 0, 0, -1, -1, 0, 1, 1, 0, -1, -1, 0, 1, 1, 1, 0, -1, -1, 0, 1, 1, 0, -1, -1, 0, 0, 0, 0, 0, 0, 0, 0, 0, 0, 1, 1, 0, -1, -1, 0, 1, 1, 0, -1, -1, -1, 0, 1, 1, 0, -1, -1, 0


Inverse of 2047th cyclotomic polynomial.
1, 1, 1, 1, 1, 1, 1, 1, 1, 1, 1, 1, 1, 1, 1, 1, 1, 1, 1, 1, 1, 1, 1, 0, 0, 0, 0, 0, 0, 0, 0, 0, 0, 0, 0, 0, 0, 0, 0, 0, 0, 0, 0, 0, 0, 0, 0, 0, 0, 0, 0, 0, 0, 0, 0, 0, 0, 0, 0, 0, 0, 0, 0, 0, 0, 0, 0, 0, 0, 0, 0, 0, 0, 0, 0, 0, 0, 0, 0, 0, 0


Pseudo-powers to base 3: n divides 2^n + 1, n not a power of 3.
171, 513, 1539, 3249, 4617, 9747, 13203, 13851, 29241, 39609, 41553, 61731, 87723, 97641, 118827, 124659, 185193, 250857, 263169, 292923, 354537, 356481, 373977, 555579, 752571, 789507, 878769, 1063611, 1069443, 1121931


Primitive pseudo-powers to base 3.
171, 3249, 13203, 61731, 97641, 250857, 354537, 1172889, 1855179, 2152089, 2354697, 4766283, 6736203, 10970073, 22284891, 33894369, 35248401, 38265939, 40889691, 44739243


(s(n)+s(n+1))/6, where s()=<a href="/A006521" title="Numbers n such that n divides 2^n + 1.">A006521</a>.
2, 6, 18, 42, 69, 126, 207, 378, 621, 906, 1311, 1863, 2718, 3825, 4509, 5589, 8154, 11475, 13527, 16767, 20130, 24909, 30894, 36078, 40581, 50301, 60390, 72675, 85671, 92682, 107910, 118503, 121743, 150903


(s(n)+s(n+1))/18, where s()=<a href="/A006521" title="Numbers n such that n divides 2^n + 1.">A006521</a>.
2, 6, 14, 23, 42, 69, 126, 207, 302, 437, 621, 906, 1275, 1503, 1863, 2718, 3825, 4509, 5589, 6710, 8303, 10298, 12026, 13527, 16767, 20130, 24225, 28557, 30894, 35970, 39501, 40581, 50301


a(n) = n*(n+1)*(4*n+5)/6.
0, 3, 13, 34, 70, 125, 203, 308, 444, 615, 825, 1078, 1378, 1729, 2135, 2600, 3128, 3723, 4389, 5130, 5950, 6853, 7843, 8924, 10100, 11375, 12753, 14238, 15834, 17545, 19375, 21328, 23408, 25619, 27965, 30450, 33078, 35853, 38779, 41860


Write down decimal expansion of Pi; divide up into chunks of minimal length so that chunks are increasing numbers and do not begin with 0.
3, 14, 15, 92, 653, 5897, 9323, 84626, 433832, 795028, 841971, 6939937, 51058209, 74944592, 307816406, 2862089986, 28034825342, 1170679821480, 8651328230664, 70938446095505, 82231725359408, 128481117450284, 1027019385211055, 59644622948954930, 381964428810975665, 933446128475648233


Inverse of 2054th cyclotomic polynomial.
1, -1, 1, -1, 1, -1, 1, -1, 1, -1, 1, -1, 1, 0, 0, 0, 0, 0, 0, 0, 0, 0, 0, 0, 0, 0, 0, 0, 0, 0, 0, 0, 0, 0, 0, 0, 0, 0, 0, 0, 0, 0, 0, 0, 0, 0, 0, 0, 0, 0, 0, 0, 0, 0, 0, 0, 0, 0, 0, 0, 0, 0, 0, 0, 0, 0, 0, 0, 0, 0, 0, 0, 0, 0, 0, 0, 0, 0, 0, 1, -1


Shortest legs of Heronian triangles (sides are consecutive integers, area is an integer).
1, 3, 13, 51, 193, 723, 2701, 10083, 37633, 140451, 524173, 1956243, 7300801, 27246963, 101687053, 379501251, 1416317953, 5285770563, 19726764301, 73621286643, 274758382273, 1025412242451, 3826890587533, 14282150107683, 53301709843201, 198924689265123


Sum n!*(n+ 1)!.
1, 3, 15, 159, 3039, 89439, 3718239, 206931039, 14838252639, 1331657196639, 146181741036639, 19266392807916639, 3002019319241196639, 545863051930098156639, 114546679900210059756639


a(n) = round(e^(e^n)).
3, 15, 1618, 528491311, 514843556263457213182266, 28511235679461510605581038657982805983853648817939444953417128837


Consider all ways of writing a number as p+2m^2 where p is 1 or a prime and m &gt;= 0; sequence gives numbers that are expressible in at least 2 more ways than any smaller number.
139, 181, 619, 2341, 3331, 4189, 4801, 5911, 6319, 8251, 9751, 11311, 12739, 13051, 15889, 20641, 21349, 22741, 23659, 24079, 32191, 33631, 39961, 42871, 45769, 56131, 57511, 65341, 71839, 80149, 90919, 95989, 99181, 105271, 119131, 130651, 157261, 167359


Inverse of 2059th cyclotomic polynomial.
1, 1, 1, 1, 1, 1, 1, 1, 1, 1, 1, 1, 1, 1, 1, 1, 1, 1, 1, 1, 1, 1, 1, 1, 1, 1, 1, 1, 1, 0, 0, 0, 0, 0, 0, 0, 0, 0, 0, 0, 0, 0, 0, 0, 0, 0, 0, 0, 0, 0, 0, 0, 0, 0, 0, 0, 0, 0, 0, 0, 0, 0, 0, 0, 0, 0, 0, 0, 0, 0, 0, -1, -1, -1, -1, -1, -1, -1, -1, -1, -1


Numbers n such that n^2 contains exactly 2 different digits.
4, 5, 6, 7, 8, 9, 10, 11, 12, 15, 20, 21, 22, 26, 30, 38, 88, 100, 109, 173, 200, 212, 235, 264, 300, 1000, 2000, 3000, 3114, 10000, 20000, 30000, 81619, 100000, 200000, 300000, 1000000, 2000000, 3000000, 10000000, 20000000


Numbers n such that n^2 contains exactly 2 different digits, excluding 10^m, 2*10^m, 3*10^m.
4, 5, 6, 7, 8, 9, 11, 12, 15, 21, 22, 26, 38, 88, 109, 173, 212, 235, 264, 3114, 81619


Description to be supplied!.
0, 6, 13, 28, 48, 78, 121, 190, 289, 442, 667


Obsolete sequence of lower bounds for <a href="/A028444" title="Busy Beaver sequence, or Rado's sigma function: maximal number of 1's that an n-state Turing machine can print on an initial...">A028444</a>.
1, 4, 6, 13, 501, 2075


Undulating squares.
0, 1, 4, 9, 16, 25, 36, 49, 64, 81, 121, 484, 676, 69696


Inverse of 2065th cyclotomic polynomial.
1, -1, 0, 0, 0, 1, -1, 1, -1, 0, 1, -1, 1, -1, 1, 0, -1, 1, -1, 1, 0, 0, 0, -1, 1, 0, 0, 0, 0, 0, 0, 0, 0, 0, 0, 0, 0, 0, 0, 0, 0, 0, 0, 0, 0, 0, 0, 0, 0, 0, 0, 0, 0, 0, 0, 0, 0, 0, 0, 1, -1, 0, 0, 0, 1, -1, 1, -1, 0, 1, -1, 1, -1, 1, 0, -1, 1, -1, 1, 0, 0


Expansion of 1/((1-8*x)*(1-9*x)*(1-10*x)*(1-11*x)).
1, 38, 905, 17290, 289821, 4453638, 64331905, 887339330, 11810819141, 152832918238, 1933092302505, 23997027406170, 293289532268461, 3537885908902838, 42204462297434705, 498697803478957810, 5844588402226277781, 68011678300853991438, 786547256602640400505


Inverse of 2067th cyclotomic polynomial.
1, -1, 0, 1, -1, 0, 1, -1, 0, 1, -1, 0, 1, 0, -1, 1, 0, -1, 1, 0, -1, 1, 0, -1, 1, 0, 0, 0, 0, 0, 0, 0, 0, 0, 0, 0, 0, 0, 0, 0, 0, 0, 0, 0, 0, 0, 0, 0, 0, 0, 0, 0, 0, 1, -1, 0, 1, -1, 0, 1, -1, 0, 1, -1, 0, 1, 0, -1, 1, 0, -1, 1, 0, -1, 1, 0, -1, 1, 0, 0, 0


Inverse of 2068th cyclotomic polynomial.
1, 0, -1, 0, 1, 0, -1, 0, 1, 0, -1, 0, 1, 0, -1, 0, 1, 0, -1, 0, 1, 0, 0, 0, 0, 0, 0, 0, 0, 0, 0, 0, 0, 0, 0, 0, 0, 0, 0, 0, 0, 0, 0, 0, 0, 0, 0, 0, 0, 0, 0, 0, 0, 0, 0, 0, 0, 0, 0, 0, 0, 0, 0, 0, 0, 0, 0, 0, 0, 0, 0, 0, 0, 0, 0, 0, 0, 0, 0, 0, 0


Smallest number that is sum of 2 positive n-th powers in 2 different ways.
4, 50, 1729, 635318657


Inverse of 2070th cyclotomic polynomial.
1, 0, 0, 1, 0, 0, 0, 0, 0, -1, 0, 0, -1, 0, 0, -1, 0, 0, 0, 0, 0, 1, 0, 0, 1, 0, 0, 0, 0, 0, 0, 0, 0, 0, 0, 0, 0, 0, 0, 0, 0, 0, 0, 0, 0, 0, 0, 0, 0, 0, 0, 0, 0, 0, 0, 0, 0, 0, 0, 0, 0, 0, 0, 0, 0, 0, 0, 0, 0, -1, 0, 0, -1, 0, 0, 0, 0, 0, 1, 0, 0


Inverse of 2071st cyclotomic polynomial.
1, 1, 1, 1, 1, 1, 1, 1, 1, 1, 1, 1, 1, 1, 1, 1, 1, 1, 1, 0, 0, 0, 0, 0, 0, 0, 0, 0, 0, 0, 0, 0, 0, 0, 0, 0, 0, 0, 0, 0, 0, 0, 0, 0, 0, 0, 0, 0, 0, 0, 0, 0, 0, 0, 0, 0, 0, 0, 0, 0, 0, 0, 0, 0, 0, 0, 0, 0, 0, 0, 0, 0, 0, 0, 0, 0, 0, 0, 0, 0, 0


Add 4, then reverse digits!.
3, 7, 11, 51, 55, 95, 99, 301, 503, 705, 907, 119, 321, 523, 725, 927, 139, 341, 543, 745, 947, 159, 361, 563, 765, 967, 179, 381, 583, 785, 987, 199, 302, 603, 706, 17, 12, 61, 56, 6, 1, 5, 9, 31, 53, 75, 97, 101, 501, 505, 905, 909, 319, 323, 723, 727, 137, 141, 541


Add 4, then reverse the decimal digits.
10, 41, 54, 85, 98, 201, 502, 605, 906, 19, 32, 63, 76, 8, 21, 52, 65, 96, 1, 5, 9, 31, 53, 75, 97, 101, 501, 505, 905, 909, 319, 323, 723, 727, 137, 141, 541, 545, 945, 949, 359, 363, 763, 767, 177, 181, 581, 585, 985, 989, 399, 304, 803, 708, 217, 122, 621, 526


Inverse of 2074th cyclotomic polynomial.
1, -1, 1, -1, 1, -1, 1, -1, 1, -1, 1, -1, 1, -1, 1, -1, 1, 0, 0, 0, 0, 0, 0, 0, 0, 0, 0, 0, 0, 0, 0, 0, 0, 0, 0, 0, 0, 0, 0, 0, 0, 0, 0, 0, 0, 0, 0, 0, 0, 0, 0, 0, 0, 0, 0, 0, 0, 0, 0, 0, 0, 1, -1, 1, -1, 1, -1, 1, -1, 1, -1, 1, -1, 1, -1, 1, -1, 1, 0, 0, 0


a(n+1) = a(n) + its digital root.
5, 10, 11, 13, 17, 25, 32, 37, 38, 40, 44, 52, 59, 64, 65, 67, 71, 79, 86, 91, 92, 94, 98, 106, 113, 118, 119, 121, 125, 133, 140, 145, 146, 148, 152, 160, 167, 172, 173, 175, 179, 187, 194, 199, 200, 202, 206, 214, 221, 226, 227, 229, 233, 241, 248


a(1) = 1; a(n+1) = floor((sum{k=1 to n} a(k)^3)^(1/3)).
1, 1, 1, 1, 1, 1, 1, 1, 2, 2, 2, 3, 3, 4, 5, 6, 7, 9, 11, 14, 17, 21, 27, 34, 42, 53, 67, 84, 106, 133, 167, 211, 265, 334, 421, 530, 668, 841, 1060, 1335, 1682, 2119, 2670, 3364, 4238, 5339, 6727, 8475, 10678, 13453, 16950, 21355, 26906, 33899, 42710, 53811


Inverse of 2077th cyclotomic polynomial.
1, 1, 1, 1, 1, 1, 1, 1, 1, 1, 1, 1, 1, 1, 1, 1, 1, 1, 1, 1, 1, 1, 1, 1, 1, 1, 1, 1, 1, 1, 1, 0, 0, 0, 0, 0, 0, 0, 0, 0, 0, 0, 0, 0, 0, 0, 0, 0, 0, 0, 0, 0, 0, 0, 0, 0, 0, 0, 0, 0, 0, 0, 0, 0, 0, 0, 0, -1, -1, -1, -1, -1, -1, -1, -1, -1, -1, -1, -1, -1, -1


First nontrivial or multidigital Armstrong number to base n.
5, 28, 13, 99, 10, 20, 41, 153, 61, 29, 17, 244, 113, 342, 40, 80, 181, 2413, 26, 97, 53, 11080, 313, 5425, 90, 180, 421, 68, 37, 205, 109, 356, 613, 5489, 160, 85, 761, 10413, 261, 353, 50, 637, 1013, 292, 104, 500, 1201, 1025, 1301, 541, 281, 127295, 178


a(n) = smallest prime p such that Sum_{primes q = 2, ..., p} 1/q exceeds n.
2, 5, 277, 5195977, 1801241230056600523


Numbers n such that n divides n-th Lucas number <a href="/A000032" title="Lucas numbers beginning at 2: L(n) = L(n-1) + L(n-2), L(0) = 2, L(1) = 1.">A000032</a>(n).
1, 6, 18, 54, 162, 486, 1458, 1926, 4374, 5778, 13122, 17334, 39366, 52002, 118098, 156006, 206082, 354294, 468018, 618246, 1062882, 1404054, 1854738, 2471058, 3188646, 4212162, 5564214, 7413174, 9565938, 12636486, 16692642, 22050774


a(n) = 16^(5^n) mod 10^n: Automorphic numbers ending in digit 6, with repetitions.
6, 76, 376, 9376, 9376, 109376, 7109376, 87109376, 787109376, 1787109376, 81787109376, 81787109376, 81787109376, 40081787109376, 740081787109376, 3740081787109376, 43740081787109376, 743740081787109376, 7743740081787109376, 7743740081787109376


Expansion of 1/((1-8x)(1-9x)(1-10x)(1-12x)).
1, 39, 955, 18795, 325171, 5167659, 77353795, 1107933915, 15345293491, 207057429579, 2736619356835, 35572444360635, 456191563128211, 5785999811488299, 72719715037363075, 907085298655532955


Expansion of 1/((1-8x)(1-9x)(1-11x)(1-12x)).
1, 40, 1005, 20300, 360521, 5881680, 90375685, 1328528500, 18879767841, 261281940920, 3540146411165, 47147861315100, 619093593987961, 8034113714073760, 103234967777291445, 1315472793832108100


Expansion of 1/((1-8x)(1-10x)(1-11x)(1-12x)).
1, 41, 1055, 21805, 395871, 6595701, 103397575, 1549123085, 22414242191, 315506452261, 4343673465495, 58723278269565, 781995624847711, 10282227616659221, 133750220517219815, 1723860289008683245


Expansion of 1/((1-9x)(1-10x)(1-11x)(1-12x)).
1, 42, 1105, 23310, 431221, 7309722, 116419465, 1769717670, 25948716541, 369730963602, 5147200519825, 70298695224030, 944897655707461, 12530341519244682, 164265473257148185, 2132247784185258390


Triangular array T(n,k) read by rows, where T(n,k) = coefficient of x^n*y^k in 1/(1-x-y-(x+y)^2).
1, 1, 1, 2, 4, 2, 3, 9, 9, 3, 5, 20, 30, 20, 5, 8, 40, 80, 80, 40, 8, 13, 78, 195, 260, 195, 78, 13, 21, 147, 441, 735, 735, 441, 147, 21, 34, 272, 952, 1904, 2380, 1904, 952, 272, 34, 55, 495, 1980, 4620, 6930, 6930, 4620, 1980, 495, 55


a(n+1) = a(n) + sum of its digits, with a(1) = 9.
9, 18, 27, 36, 45, 54, 63, 72, 81, 90, 99, 117, 126, 135, 144, 153, 162, 171, 180, 189, 207, 216, 225, 234, 243, 252, 261, 270, 279, 297, 315, 324, 333, 342, 351, 360, 369, 387, 405, 414, 423, 432, 441, 450, 459, 477, 495, 513, 522, 531, 540


Erroneous version of <a href="/A063507" title="Least k such that k - phi(k) = n, or 0 if no such k exists.">A063507</a>.
1, 4, 9, 6, 25, 10, 15, 12, 21, 0, 35, 18, 33, 26, 39, 24, 65, 34, 51, 38, 45, 30, 95, 36


Number of crossing set partitions of {1,2,...,n}.
0, 0, 0, 0, 1, 10, 71, 448, 2710, 16285, 99179, 619784, 4005585, 26901537, 188224882, 1373263700, 10444784477, 82735225014, 681599167459, 5830974941867, 51717594114952, 474845349889731, 4506624255883683, 44151662795470696, 445957579390657965


Inverse of 2090th cyclotomic polynomial.
1, 1, 0, 0, 0, -1, -1, 0, 0, 0, 1, 0, -1, 0, 0, -1, 0, 1, 0, -1, 0, 0, 0, 1, 1, 0, 0, 0, -1, -1, 1, 1, 0, 0, 0, -1, -1, 0, 1, 1, 1, 0, -1, -1, 0, 0, 0, 1, 1, -1, -1, 0, 0, 0, 1, 1, 0, -1, -1, -1, 0, 1, 1, 0, 0, 0, -1, -1, 1, 1, 0, 0, 0, -1, -1, 0, 1, 1, 1, 0, -1


Inverse of 2091st cyclotomic polynomial.
1, -1, 0, 1, -1, 0, 1, -1, 0, 1, -1, 0, 1, -1, 0, 1, -1, 1, 0, -1, 1, 0, -1, 1, 0, -1, 1, 0, -1, 1, 0, -1, 1, 0, 0, 0, 0, 0, 0, 0, 0, 1, -1, 0, 1, -1, 0, 1, -1, 0, 1, -1, 0, 1, -1, 0, 1, -1, 1, 0, -1, 1, 0, -1, 1, 0, -1, 1, 0, -1, 1, 0, -1, 1, 0, 0, 0, 0, 0, 0, 0


(n! - n)/2 for even n.
0, 10, 357, 20156, 1814395, 239500794, 43589145593, 10461394943992, 3201186852863991, 1216451004088319990, 562000363888803839989, 310224200866619719679988, 201645730563302817791999987


Inverse of 2093rd cyclotomic polynomial.
1, -1, 0, 0, 0, 0, 0, 1, -1, 0, 0, 0, 0, 1, 0, -1, 0, 0, 0, 0, 1, 0, -1, 1, -1, 0, 1, 0, 0, -1, 1, -1, 0, 1, 0, 0, 0, 0, -1, 1, 0, 0, 0, 0, 0, -1, 2, -1, 0, 1, -1, 0, 0, 1, -1, 0, 1, -1, 0, 1, 0, -1, 1, 0, -1, 1, 0, 0, -1, 2, -1, -1, 2, -1, 0, 0, 1, -1, 0, 1, -1


Expansion of 1/((1-4x)(1-5x)(1-6x)).
1, 15, 151, 1275, 9751, 70035, 481951, 3216795, 20991751, 134667555, 852639151, 5343198315, 33212784151, 205111785075, 1260114546751, 7708980203835, 46999640806951, 285743822630595, 1733261544204751


2^2^2^ ... 2^w (with n 2's), where w = 1.9287800.....
1, 3, 13, 16381


Blum integers: numbers of the form p * q where p and q are distinct primes congruent to 3 (mod 4).
21, 33, 57, 69, 77, 93, 129, 133, 141, 161, 177, 201, 209, 213, 217, 237, 249, 253, 301, 309, 321, 329, 341, 381, 393, 413, 417, 437, 453, 469, 473, 489, 497, 501, 517, 537, 553, 573, 581, 589, 597, 633, 649, 669, 681, 713, 717, 721, 737, 749, 753, 781, 789


Nonpalindromic and &quot;non-core&quot; numbers that when squared give palindrome with odd number of digits.
26, 264, 307, 2285, 2636, 22865, 24846, 30693, 1042151, 1270869, 2012748, 2294675, 3069307, 11129361, 12028229, 12866669, 30001253, 306930693, 2062386218, 2481623254, 10106064399, 10207355549, 13579355059


Bachet's equation: X^2 + k = Y^3, k=999.
1, 27, 251, 1782, 2295, 3370501


Numbers n=3*m+1 such that 2^m == 1 (mod n).
1, 31, 43, 109, 127, 157, 223, 229, 277, 283, 307, 397, 433, 439, 457, 499, 601, 643, 691, 727, 733, 739, 811, 919, 997, 1021, 1051, 1069, 1093, 1327, 1399, 1423, 1459, 1471, 1579, 1597, 1627, 1657, 1699, 1723, 1729, 1753, 1777, 1789, 1801, 1831, 1933, 1999, 2017, 2047, 2089, 2113, 2143, 2179, 2203


Expansion of 1/((1-7x)(1-8x)(1-9x)(1-10x)).
1, 34, 725, 12410, 186501, 2571114, 33339685, 413066170, 4941549701, 57504755594, 654463491045, 7314256515930, 80522026412101, 875355238834474, 9415203971344805, 100355146006589690


Inverse of 2101st cyclotomic polynomial.
1, 1, 1, 1, 1, 1, 1, 1, 1, 1, 1, 0, 0, 0, 0, 0, 0, 0, 0, 0, 0, 0, 0, 0, 0, 0, 0, 0, 0, 0, 0, 0, 0, 0, 0, 0, 0, 0, 0, 0, 0, 0, 0, 0, 0, 0, 0, 0, 0, 0, 0, 0, 0, 0, 0, 0, 0, 0, 0, 0, 0, 0, 0, 0, 0, 0, 0, 0, 0, 0, 0, 0, 0, 0, 0, 0, 0, 0, 0, 0, 0


Expansion of 1/((1-11x)(1-12x)(1-13x)(1-14x)(1-15x)).
1, 65, 2540, 77350, 2022951, 47708115, 1043778730, 21572322200, 426384404501, 8130687730165, 150551375530920, 2720251171051050, 48146139744079651, 837259855674756215, 14340645378939543110


Smallest prime whose digit product is n, if possible; otherwise 0 if n is a prime &gt; 7 or 1 if n has a prime factor &gt; 7.
101, 11, 211, 13, 41, 151, 23, 17, 181, 19, 251, 0, 43, 0, 127, 53, 281, 0, 29, 0, 541, 37, 1, 0, 83, 11551, 1, 139, 47, 0, 523, 0, 1481, 1, 1, 157, 149, 0, 1, 1, 12451, 0, 67, 0, 1, 59, 1, 0, 283, 11177, 2551, 1, 1, 0, 239, 1, 1187, 1, 1, 0, 1453, 0, 1, 79, 881, 1


Numbers whose square is a palindrome with an even number of digits.
836, 798644, 64030648, 83163115486, 6360832925898, 69800670077028, 98275825201587, 6819209882215742, 40447213778058769, 633856150760638652, 795559265009384106, 637323988797048057098, 3823177109095314778621


Circular primes (numbers that remain prime under cyclic shifts of digits).
2, 3, 5, 7, 11, 13, 17, 37, 79, 113, 197, 199, 337, 1193, 3779, 11939, 19937, 193939, 199933, 1111111111111111111, 11111111111111111111111


Number of prime palindromes with n digits.
4, 1, 15, 0, 93, 0, 668, 0, 5172, 0, 42042, 0, 353701, 0, 3036643, 0, 27045226, 0, 239093865, 0, 2158090933, 0, 19742800564, 0


a(n) = 2^floor(n/2).
1, 1, 2, 2, 4, 4, 8, 8, 16, 16, 32, 32, 64, 64, 128, 128, 256, 256, 512, 512, 1024, 1024, 2048, 2048, 4096, 4096, 8192, 8192, 16384, 16384, 32768, 32768, 65536, 65536, 131072, 131072, 262144, 262144, 524288, 524288, 1048576, 1048576, 2097152


Inverse of 2108th cyclotomic polynomial.
1, 0, -1, 0, 1, 0, -1, 0, 1, 0, -1, 0, 1, 0, -1, 0, 1, 0, -1, 0, 1, 0, -1, 0, 1, 0, -1, 0, 1, 0, -1, 0, 1, 0, 0, 0, 0, 0, 0, 0, 0, 0, 0, 0, 0, 0, 0, 0, 0, 0, 0, 0, 0, 0, 0, 0, 0, 0, 0, 0, 0, 0, 1, 0, -1, 0, 1, 0, -1, 0, 1, 0, -1, 0, 1, 0, -1, 0, 1, 0, -1


Inverse of 2109th cyclotomic polynomial.
1, -1, 0, 1, -1, 0, 1, -1, 0, 1, -1, 0, 1, -1, 0, 1, -1, 0, 1, 0, -1, 1, 0, -1, 1, 0, -1, 1, 0, -1, 1, 0, -1, 1, 0, -1, 1, 1, -1, 0, 1, -1, 0, 1, -1, 0, 1, -1, 0, 1, -1, 0, 1, -1, 0, 1, 0, -1, 1, 0, -1, 1, 0, -1, 1, 0, -1, 1, 0, -1, 1, 0, -1, 1, 1, -1, 0, 1, -1, 0, 1


Minimal number of cosets in an orthogonal sublattice of A_n (minimal number of paths in any trellis diagram).
1, 2, 2, 8, 8, 48, 16, 96, 128


Minimal number of cosets in an orthogonal sublattice of {A_n}* (minimal number of paths in any trellis diagram).
1, 2, 2, 8, 16, 48, 32, 48, 256


Number of sequences (a_1, a_2, ..., a_n) of length n with a_1 = 1 satisfying a_i &lt;= a_{i+1} &lt;= 2*a_i.
1, 2, 5, 17, 86, 698, 9551, 226592, 9471845, 705154187, 94285792211, 22807963405043, 10047909839840456, 8110620438438750647, 12062839548612627177590, 33226539134943667506533207, 170288915434579567358828997806, 1630770670148598007261992936663653


Decimal expansion of solution to log_10(x) = x - 4.
4, 6, 6, 9, 2, 4, 6, 8, 3, 2, 8, 7, 7, 7, 4, 7, 6, 7, 0, 3, 0, 6, 9, 9, 9, 6, 9, 7, 9, 1, 3, 6, 9, 5, 9, 9, 1, 1, 1, 3, 0, 9, 0, 4, 2, 0, 1, 9, 1, 2, 6, 0, 1, 9, 5, 1, 8, 7, 7, 6, 2, 8, 6, 6, 0, 6, 3, 0, 9, 3, 6, 4, 0, 3, 1, 2, 1, 7, 0, 5, 2, 8, 2, 4, 4, 3, 2, 1, 1, 9, 1, 7, 6, 9, 7, 9, 8, 2, 4, 0


a(n) = (11^(n+1) - 1)/10.
1, 12, 133, 1464, 16105, 177156, 1948717, 21435888, 235794769, 2593742460, 28531167061, 313842837672, 3452271214393, 37974983358324, 417724816941565, 4594972986357216, 50544702849929377, 555991731349223148


Inverse of 2115th cyclotomic polynomial.
1, 0, 0, -1, 0, 0, 0, 0, 0, 1, 0, 0, -1, 0, 0, 1, 0, 0, 0, 0, 0, -1, 0, 0, 1, 0, 0, 0, 0, 0, 0, 0, 0, 0, 0, 0, 0, 0, 0, 0, 0, 0, 0, 0, 0, 0, 0, 0, 0, 0, 0, 0, 0, 0, 0, 0, 0, 0, 0, 0, 0, 0, 0, 0, 0, 0, 0, 0, 0, 0, 0, 0, 0, 0, 0, 0, 0, 0, 0, 0, 0


Expansion of 1/((1-x)*(1-12*x)).
1, 13, 157, 1885, 22621, 271453, 3257437, 39089245, 469070941, 5628851293, 67546215517, 810554586205, 9726655034461, 116719860413533, 1400638324962397, 16807659899548765, 201691918794585181


Inverse of 2117th cyclotomic polynomial.
1, 1, 1, 1, 1, 1, 1, 1, 1, 1, 1, 1, 1, 1, 1, 1, 1, 1, 1, 1, 1, 1, 1, 1, 1, 1, 1, 1, 1, 0, 0, 0, 0, 0, 0, 0, 0, 0, 0, 0, 0, 0, 0, 0, 0, 0, 0, 0, 0, 0, 0, 0, 0, 0, 0, 0, 0, 0, 0, 0, 0, 0, 0, 0, 0, 0, 0, 0, 0, 0, 0, 0, 0, -1, -1, -1, -1, -1, -1, -1, -1


Expansion of 1/((1-2*x)*(1-5*x)).
1, 7, 39, 203, 1031, 5187, 25999, 130123, 650871, 3254867, 16275359, 81378843, 406898311, 2034499747, 10172515119, 50862608363, 254313107351, 1271565667827, 6357828601279, 31789143530683


Inverse of 2119th cyclotomic polynomial.
1, 1, 1, 1, 1, 1, 1, 1, 1, 1, 1, 1, 1, 0, 0, 0, 0, 0, 0, 0, 0, 0, 0, 0, 0, 0, 0, 0, 0, 0, 0, 0, 0, 0, 0, 0, 0, 0, 0, 0, 0, 0, 0, 0, 0, 0, 0, 0, 0, 0, 0, 0, 0, 0, 0, 0, 0, 0, 0, 0, 0, 0, 0, 0, 0, 0, 0, 0, 0, 0, 0, 0, 0, 0, 0, 0, 0, 0, 0, 0, 0


Expansion of 1/((1-2x)(1-6x)).
1, 8, 52, 320, 1936, 11648, 69952, 419840, 2519296, 15116288, 90698752, 544194560, 3265171456, 19591036928, 117546237952, 705277460480, 4231664828416, 25389989101568, 152339934871552, 914039609753600


Expansion of 1/((1-2x)(1-7x)).
1, 9, 67, 477, 3355, 23517, 164683, 1152909, 8070619, 56494845, 395464939, 2768256621, 19377800443, 135644611293, 949512295435, 6646586100813, 46526102771227, 325682719529661, 2279779036969771


Expansion of 1/((1-2x)(1-8x)).
1, 10, 84, 680, 5456, 43680, 349504, 2796160, 22369536, 178956800, 1431655424, 11453245440, 91625967616, 733007749120, 5864062009344, 46912496107520, 375299968925696, 3002399751536640, 24019198012555264, 192153584100966400


Inverse of 2123rd cyclotomic polynomial.
1, 1, 1, 1, 1, 1, 1, 1, 1, 1, 1, 0, 0, 0, 0, 0, 0, 0, 0, 0, 0, 0, 0, 0, 0, 0, 0, 0, 0, 0, 0, 0, 0, 0, 0, 0, 0, 0, 0, 0, 0, 0, 0, 0, 0, 0, 0, 0, 0, 0, 0, 0, 0, 0, 0, 0, 0, 0, 0, 0, 0, 0, 0, 0, 0, 0, 0, 0, 0, 0, 0, 0, 0, 0, 0, 0, 0, 0, 0, 0, 0


Expansion of 1/((1-2*x)*(1-9*x)).
1, 11, 103, 935, 8431, 75911, 683263, 6149495, 55345711, 498111911, 4483008223, 40347076055, 363123688591, 3268113205511, 29413018865983, 264717169826615, 2382454528505071, 21442090756676711, 192978816810352543


Expansion of 1/((1-2x)(1-10x)).
1, 12, 124, 1248, 12496, 124992, 1249984, 12499968, 124999936, 1249999872, 12499999744, 124999999488, 1249999998976, 12499999997952, 124999999995904, 1249999999991808, 12499999999983616, 124999999999967232


Expansion of 1/((1-2*x)*(1-11*x)).
1, 13, 147, 1625, 17891, 196833, 2165227, 23817625, 261994131, 2881935953, 31701296507, 348714263625, 3835856903971, 42194425951873, 464138685486987, 5105525540389625, 56160780944351411, 617768590387996593


Expansion of 1/((1-2*x)*(1-12*x)).
1, 14, 172, 2072, 24880, 298592, 3583168, 42998144, 515977984, 6191736320, 74300836864, 891610044416, 10699320537088, 128391846453248, 1540702157455360, 18488425889497088, 221861110674030592


Expansion of 1/((1-3x)(1-6x)).
1, 9, 63, 405, 2511, 15309, 92583, 557685, 3352671, 20135709, 120873303, 725416965, 4353033231, 26119793709, 156723545223, 940355620245, 5642176768191, 33853189749309, 203119525916343, 1218718317759525


Expansion of 1/((1-3x)(1-7x)).
1, 10, 79, 580, 4141, 29230, 205339, 1439560, 10083481, 70604050, 494287399, 3460188940, 24221854021, 169554572470, 1186886790259, 8308221880720, 58157596211761, 407103302622490, 2849723505777919


Inverse of 2130th cyclotomic polynomial.
1, 1, 0, -1, -1, -1, 0, 1, 1, 0, 0, 0, 0, 0, 0, 0, 0, 0, 0, 0, 0, 0, 0, 0, 0, 0, 0, 0, 0, 0, 0, 0, 0, 0, 0, 0, 0, 0, 0, 0, 0, 0, 0, 0, 0, 0, 0, 0, 0, 0, 0, 0, 0, 0, 0, 0, 0, 0, 0, 0, 0, 0, 0, 0, 0, 0, 0, 0, 0, 0, 0, -1, -1, 0, 1, 1, 1, 0, -1, -1, 0


Expansion of 1/((1-3x)(1-8x)).
1, 11, 97, 803, 6505, 52283, 418993, 3354131, 26839609, 214736555, 1717951489, 13743789059, 109950843913, 879608345627, 7036871547985, 56294986732787, 450359936909017, 3602879624412299, 28823037382718881


Inverse of 2132nd cyclotomic polynomial.
1, 0, -1, 0, 1, 0, -1, 0, 1, 0, -1, 0, 1, 0, -1, 0, 1, 0, -1, 0, 1, 0, -1, 0, 1, 0, 0, 0, 0, 0, 0, 0, 0, 0, 0, 0, 0, 0, 0, 0, 0, 0, 0, 0, 0, 0, 0, 0, 0, 0, 0, 0, 0, 0, 0, 0, 0, 0, 0, 0, 0, 0, 0, 0, 0, 0, 0, 0, 0, 0, 0, 0, 0, 0, 0, 0, 0, 0, 0, 0, 0


Expansion of 1/((1-3x)(1-9x)).
1, 12, 117, 1080, 9801, 88452, 796797, 7173360, 64566801, 581120892, 5230147077, 47071500840, 423644039001, 3812797945332, 34315186290957, 308836690967520, 2779530261754401, 25015772484929772, 225141952751788437


Inverse of 2134th cyclotomic polynomial.
1, -1, 1, -1, 1, -1, 1, -1, 1, -1, 1, 0, 0, 0, 0, 0, 0, 0, 0, 0, 0, 0, 0, 0, 0, 0, 0, 0, 0, 0, 0, 0, 0, 0, 0, 0, 0, 0, 0, 0, 0, 0, 0, 0, 0, 0, 0, 0, 0, 0, 0, 0, 0, 0, 0, 0, 0, 0, 0, 0, 0, 0, 0, 0, 0, 0, 0, 0, 0, 0, 0, 0, 0, 0, 0, 0, 0, 0, 0, 0, 0


Inverse of 2135th cyclotomic polynomial.
1, -1, 0, 0, 0, 1, -1, 1, -1, 0, 1, -1, 1, -1, 1, 0, -1, 1, -1, 1, 0, 0, 0, -1, 1, 0, 0, 0, 0, 0, 0, 0, 0, 0, 0, 0, 0, 0, 0, 0, 0, 0, 0, 0, 0, 0, 0, 0, 0, 0, 0, 0, 0, 0, 0, 0, 0, 0, 0, 0, 0, 1, -1, 0, 0, 0, 1, -1, 1, -1, 0, 1, -1, 1, -1, 1, 0, -1, 1, -1, 1


Expansion of 1/((1-3x)(1-10x)).
1, 13, 139, 1417, 14251, 142753, 1428259, 14284777, 142854331, 1428562993, 14285688979, 142857066937, 1428571200811, 14285713602433, 142857140807299, 1428571422421897, 14285714267265691, 142857142801797073


Expansion of 1/((1-3x)(1-11x)).
1, 14, 163, 1820, 20101, 221354, 2435623, 26794040, 294741001, 3242170694, 35663936683, 392303480660, 4315338818701, 47468728600034, 522156019383343, 5743716227565680, 63180878546269201, 694989664138101374


Expansion of 1/((1-3x)(1-12x)).
1, 15, 189, 2295, 27621, 331695, 3981069, 47775015, 573306741, 6879700575, 82556465949, 990677768535, 11888133753861, 142657606640655, 1711891284470829, 20542695427998855, 246512345179032981


Inverse of 2139th cyclotomic polynomial.
1, -1, 0, 1, -1, 0, 1, -1, 0, 1, -1, 0, 1, -1, 0, 1, -1, 0, 1, -1, 0, 1, -1, 1, 0, -1, 1, 0, -1, 1, 0, 0, 0, 0, 0, 0, 0, 0, 0, 0, 0, 0, 0, 0, 0, 0, 1, -1, 0, 1, -1, 0, 1, -1, 1, 0, -1, 1, 0, -1, 1, 0, 0, 0, 0, 0, 0, 0, 0, 0, 0, 0, 0, 0, 0, 0, 0, 1, -1, 0, 1


Expansion of 1/((1-4*x)*(1-6*x)).
1, 10, 76, 520, 3376, 21280, 131776, 807040, 4907776, 29708800, 179301376, 1080002560, 6496792576, 39047864320, 234555621376, 1408407470080, 8454739787776, 50745618595840, 304542431051776


Expansion of 1/((1-4x)(1-7x)).
1, 11, 93, 715, 5261, 37851, 269053, 1899755, 13363821, 93808891, 657710813, 4608169995, 32273967181, 225984879131, 1582162589373, 11076211867435, 77537778039341, 542781626144571, 3799540102488733


Inverse of 2142nd cyclotomic polynomial.
1, 0, 0, 1, 0, 0, 0, 0, 0, -1, 0, 0, -1, 0, 0, 0, 0, 0, 1, 0, 0, 0, 0, 0, -1, 0, 0, -1, 0, 0, 0, 0, 0, 1, 0, 0, 1, 0, 0, 0, 0, 0, 0, 0, 0, 0, 0, 0, 0, 0, 0, -1, 0, 0, -1, 0, 0, 0, 0, 0, 1, 0, 0, 1, 0, 0, 0, 0, 0, -1, 0, 0, 0, 0, 0, 1, 0, 0, 1, 0, 0


a(n) = 4^(n-1)*(2^n-1).
0, 1, 12, 112, 960, 7936, 64512, 520192, 4177920, 33488896, 268173312, 2146435072, 17175674880, 137422176256, 1099444518912, 8795824586752, 70367670435840, 562945658454016, 4503582447501312, 36028728299487232


(9^n-4^n)/5.
0, 1, 13, 133, 1261, 11605, 105469, 953317, 8596237, 77431669, 697147165, 6275373061, 56482551853, 508359743893, 4575304803901, 41178011670565, 370603178776909, 3335432903959477, 30018913315504477, 270170288559017029


Inverse of 2145th cyclotomic polynomial.
1, 1, 1, 0, 0, -1, -1, -1, 0, 0, 0, -1, -1, -2, -1, 0, 2, 2, 2, 1, 0, -1, -1, 0, 1, 1, 0, -1, -2, -2, -1, 1, 2, 3, 2, 1, -1, -1, -1, 1, 1, 1, -1, -2, -4, -3, -2, 1, 2, 3, 1, 0, -2, -1, 0, 3, 3, 3, 0, -2, -4, -3, -1, 2, 3, 3, 1, -1, -3, -2, 0, 2, 3, 2, 0, -3, -4, -4, -1, 1, 3


Inverse of 2146th cyclotomic polynomial.
1, -1, 1, -1, 1, -1, 1, -1, 1, -1, 1, -1, 1, -1, 1, -1, 1, -1, 1, -1, 1, -1, 1, -1, 1, -1, 1, -1, 1, 0, 0, 0, 0, 0, 0, 0, 0, 1, -1, 1, -1, 1, -1, 1, -1, 1, -1, 1, -1, 1, -1, 1, -1, 1, -1, 1, -1, 1, -1, 1, -1, 1, -1, 1, -1, 1, 0, 0, 0, 0, 0, 0, 0, 0, 0, 0, 0, 0, 0, 0, 0


Inverse of 2147th cyclotomic polynomial.
1, 1, 1, 1, 1, 1, 1, 1, 1, 1, 1, 1, 1, 1, 1, 1, 1, 1, 1, 0, 0, 0, 0, 0, 0, 0, 0, 0, 0, 0, 0, 0, 0, 0, 0, 0, 0, 0, 0, 0, 0, 0, 0, 0, 0, 0, 0, 0, 0, 0, 0, 0, 0, 0, 0, 0, 0, 0, 0, 0, 0, 0, 0, 0, 0, 0, 0, 0, 0, 0, 0, 0, 0, 0, 0, 0, 0, 0, 0, 0, 0


Expansion of 1/((1-4x)(1-10x)).
1, 14, 156, 1624, 16496, 165984, 1663936, 16655744, 166622976, 1666491904, 16665967616, 166663870464, 1666655481856, 16666621927424, 166666487709696, 1666665950838784, 16666663803355136, 166666655213420544


Expansion of 1/((1-4*x)(1-11*x)).
1, 15, 181, 2055, 22861, 252495, 2781541, 30613335, 336812221, 3705196575, 40758210901, 448344514215, 4931806433581, 54249937878255, 596749585096261, 6564246509800695, 72206715902774941, 794273892110393535


Expansion of 1/((1-4x)(1-12x)).
1, 16, 208, 2560, 30976, 372736, 4476928, 53739520, 644939776, 7739539456, 92875522048, 1114510458880, 13374142283776, 160489774514176, 1925877562605568, 23110531825008640, 277326386195070976


Duplicate of <a href="/A005062" title="a(n) = 6^n - 5^n.">A005062</a>.
0, 1, 11, 91, 671, 4651, 31031, 201811, 1288991, 8124571, 50700551


Expansion of 1/((1-5x)(1-7x)).
1, 12, 109, 888, 6841, 51012, 372709, 2687088, 19200241, 136354812, 964249309, 6798573288, 47834153641, 336059778612, 2358521965909, 16540171339488, 115933787267041, 812299450322412, 5689910849522509


Expansion of 1/((1-5x)(1-8x)).
1, 13, 129, 1157, 9881, 82173, 673009, 5462197, 44088201, 354658733, 2847035489, 22825112037, 182845036921, 1463980998493, 11717951503569, 93774129606677, 750345624744041, 6003527937405453, 48032038196509249


Expansion of 1/((1-5x)(1-9x)).
1, 14, 151, 1484, 13981, 128954, 1176211, 10664024, 96366841, 869254694, 7833057871, 70546348964, 635161281301, 5717672234834, 51465153629131, 463216900240304, 4169104690053361, 37522705149933374, 337708161046665991


Expansion of 1/((1-5x)(1-10x)).
1, 15, 175, 1875, 19375, 196875, 1984375, 19921875, 199609375, 1998046875, 19990234375, 199951171875, 1999755859375, 19998779296875, 199993896484375, 1999969482421875, 19999847412109375, 199999237060546875


Expansion of 1/((1-5x)(1-11x)).
1, 16, 201, 2336, 26321, 292656, 3234841, 35661376, 392665761, 4321276496, 47543807081, 523030706016, 5753581906801, 63290621677936, 696202941972921, 7658262879280256, 84241044259973441, 926652249799160976


Expansion of 1/((1-5x)(1-12x)).
1, 17, 229, 2873, 35101, 424337, 5107669, 61370153, 736832461, 8843942657, 106137077509, 1273693758233, 15284569239421, 183416051576177, 2200998722429749, 26412015186735113, 316944334828711981, 3803332780883996897, 45639997185305228389, 547679985297149068793


Inverse of 2158th cyclotomic polynomial.
1, -1, 1, -1, 1, -1, 1, -1, 1, -1, 1, -1, 1, 0, 0, 0, 0, 0, 0, 0, 0, 0, 0, 0, 0, 0, 0, 0, 0, 0, 0, 0, 0, 0, 0, 0, 0, 0, 0, 0, 0, 0, 0, 0, 0, 0, 0, 0, 0, 0, 0, 0, 0, 0, 0, 0, 0, 0, 0, 0, 0, 0, 0, 0, 0, 0, 0, 0, 0, 0, 0, 0, 0, 0, 0, 0, 0, 0, 0, 0, 0


Inverse of 2159th cyclotomic polynomial.
1, 1, 1, 1, 1, 1, 1, 1, 1, 1, 1, 1, 1, 1, 1, 1, 1, 0, 0, 0, 0, 0, 0, 0, 0, 0, 0, 0, 0, 0, 0, 0, 0, 0, 0, 0, 0, 0, 0, 0, 0, 0, 0, 0, 0, 0, 0, 0, 0, 0, 0, 0, 0, 0, 0, 0, 0, 0, 0, 0, 0, 0, 0, 0, 0, 0, 0, 0, 0, 0, 0, 0, 0, 0, 0, 0, 0, 0, 0, 0, 0


a(n) = 7^n - 6^n.
0, 1, 13, 127, 1105, 9031, 70993, 543607, 4085185, 30275911, 222009073, 1614529687, 11664504865, 83828316391, 599858908753, 4277376525367, 30411820662145, 215703854542471, 1526853641242033, 10789535445362647


Expansion of 1/((1-6x)(1-8x)).
1, 14, 148, 1400, 12496, 107744, 908608, 7548800, 62070016, 506637824, 4113568768, 33271347200, 268347559936, 2159841173504, 17357093552128, 139326933401600, 1117436577120256, 8956419276406784, 71752914167922688


Inverse of 2162nd cyclotomic polynomial.
1, -1, 1, -1, 1, -1, 1, -1, 1, -1, 1, -1, 1, -1, 1, -1, 1, -1, 1, -1, 1, -1, 1, 0, 0, 0, 0, 0, 0, 0, 0, 0, 0, 0, 0, 0, 0, 0, 0, 0, 0, 0, 0, 0, 0, 0, 0, 1, -1, 1, -1, 1, -1, 1, -1, 1, -1, 1, -1, 1, -1, 1, -1, 1, -1, 1, -1, 1, -1, 1, 0, 0, 0, 0, 0, 0, 0, 0, 0, 0, 0


Expansion of 1/((1-6x)(1-9x)).
1, 15, 171, 1755, 17091, 161595, 1501011, 13789035, 125780931, 1142106075, 10339420851, 93417584715, 842935044771, 7599476096955, 68473649036691, 616733026314795, 5553418346740611, 49997691780110235


Expansion of 1/((1-6x)(1-10x)).
1, 16, 196, 2176, 23056, 238336, 2430016, 24580096, 247480576, 2484883456, 24909300736, 249455804416, 2496734826496, 24980408958976, 249882453753856, 2499294722523136, 24995768335138816, 249974610010832896


Expansion of 1/((1-6x)(1-11x)).
1, 17, 223, 2669, 30655, 344981, 3841447, 42535853, 469573999, 5175391685, 56989774711, 627250318877, 6901930289983, 75934293883829, 835355596886215, 9189381750732941, 101086020367969807, 1111963150707112613


Expansion of 1/((1-6x)(1-12x)).
1, 18, 252, 3240, 40176, 489888, 5925312, 71383680, 858283776, 10309483008, 123774262272, 1485653944320, 17830024114176, 213973350064128, 2567758564933632, 30813572964188160, 369765696680165376


Inverse of 2167th cyclotomic polynomial.
1, 1, 1, 1, 1, 1, 1, 1, 1, 1, 1, 0, 0, 0, 0, 0, 0, 0, 0, 0, 0, 0, 0, 0, 0, 0, 0, 0, 0, 0, 0, 0, 0, 0, 0, 0, 0, 0, 0, 0, 0, 0, 0, 0, 0, 0, 0, 0, 0, 0, 0, 0, 0, 0, 0, 0, 0, 0, 0, 0, 0, 0, 0, 0, 0, 0, 0, 0, 0, 0, 0, 0, 0, 0, 0, 0, 0, 0, 0, 0, 0, 0, 0, 0, 0, 0, 0, 0, 0, 0, 0, 0, 0, 0, 0, 0, 0, 0, 0, 0, 0, 0, 0, 0, 0, 0, 0, 0, 0, 0, 0, 0, 0, 0, 0, 0, 0, 0, 0, 0, 0, 0, 0, 0, 0, 0, 0, 0, 0, 0, 0, 0, 0, 0, 0, 0, 0, 0, 0, 0, 0, 0, 0, 0, 0, 0, 0, 0, 0, 0, 0, 0, 0, 0, 0, 0, 0, 0, 0, 0, 0, 0, 0, 0, 0, 0, 0, 0, 0, 0, 0, 0, 0, 0, 0, 0, 0, 0, 0, 0, 0, 0, 0, 0, 0, 0, 0, 0, 0, 0, 0, 0, 0, 0, 0, 0, 0, -1, -1, -1, -1, -1, -1, -1, -1, -1, -1, -1, 0, 0, 0, 0, 0, 0, 0, 0, 0, 0, 0, 0, 0, 0, 0, 0, 0, 0, 0, 0, 0, 0, 0, 0, 0, 0, 0, 0, 0, 0, 0, 0, 0, 0, 0, 0, 0, 0, 0, 0, 0, 0, 0, 0, 0, 0, 0, 0, 0, 0, 0, 0, 0, 0, 0, 0, 0, 0, 0, 0, 0, 0, 0, 0, 0, 0, 0, 0, 0, 0, 0, 0, 0, 0, 0, 0, 0, 0, 0, 0, 0, 0, 0, 0, 0, 0, 0, 0, 0, 0, 0, 0, 0, 0, 0, 0, 0, 0, 0, 0, 0, 0, 0, 0, 0, 0, 0, 0, 0, 0, 0, 0, 0, 0, 0, 0, 0, 0, 0, 0, 0, 0, 0, 0, 0, 0, 0, 0, 0, 0, 0, 0, 0, 0, 0, 0, 0, 0, 0, 0


a(n) = 8^n - 7^n.
0, 1, 15, 169, 1695, 15961, 144495, 1273609, 11012415, 93864121, 791266575, 6612607849, 54878189535, 452866803481, 3719823438255, 30436810578889, 248242046141055, 2019169299698041, 16385984911571535, 132716292890482729


Expansion of 1/((1-7x)(1-9x)).
1, 16, 193, 2080, 21121, 206896, 1979713, 18640960, 173533441, 1602154576, 14701866433, 134294124640, 1222488408961, 11099284691056, 100571785292353, 909893629141120, 8222275592839681, 74233110849544336


Inverse of 2170th cyclotomic polynomial.
1, 1, 0, 0, 0, -1, -1, -1, -1, 0, 1, 1, 1, 1, 1, 0, -1, -1, -1, -1, 0, 0, 0, 1, 1, 0, 0, 0, 0, 0, 0, -1, -1, 0, 0, 0, 1, 1, 1, 1, 0, -1, -1, -1, -1, -1, 0, 1, 1, 1, 1, 0, 0, 0, -1, -1, 0, 0, 0, 0, 0, 0, 1, 1, 0, 0, 0, -1, -1, -1, -1, 0, 1, 1, 1, 1, 1, 0, -1, -1, -1


Inverse of 2171st cyclotomic polynomial.
1, 1, 1, 1, 1, 1, 1, 1, 1, 1, 1, 1, 1, 0, 0, 0, 0, 0, 0, 0, 0, 0, 0, 0, 0, 0, 0, 0, 0, 0, 0, 0, 0, 0, 0, 0, 0, 0, 0, 0, 0, 0, 0, 0, 0, 0, 0, 0, 0, 0, 0, 0, 0, 0, 0, 0, 0, 0, 0, 0, 0, 0, 0, 0, 0, 0, 0, 0, 0, 0, 0, 0, 0, 0, 0, 0, 0, 0, 0, 0, 0


Expansion of 1/((1-7x)(1-10x)).
1, 17, 219, 2533, 27731, 294117, 3058819, 31411733, 319882131, 3239174917, 32674224419, 328719570933, 3301036996531, 33107258975717, 331750812830019, 3322255689810133, 33255789828670931, 332790528800696517


Inverse of 2173rd cyclotomic polynomial.
1, 1, 1, 1, 1, 1, 1, 1, 1, 1, 1, 1, 1, 1, 1, 1, 1, 1, 1, 1, 1, 1, 1, 1, 1, 1, 1, 1, 1, 1, 1, 1, 1, 1, 1, 1, 1, 1, 1, 1, 1, 0, 0, 0, 0, 0, 0, 0, 0, 0, 0, 0, 0, -1, -1, -1, -1, -1, -1, -1, -1, -1, -1, -1, -1, -1, -1, -1, -1, -1, -1, -1, -1, -1, -1, -1


Expansion of 1/((1-7x)(1-11x)).
1, 18, 247, 3060, 36061, 413478, 4665907, 52148520, 579398521, 6413737338, 70833585967, 781146772380, 8606455783381, 94767902627598, 1043125151976427, 11479124233250640, 126303599496326641


Expansion of 1/((1-7x)(1-12x)).
1, 19, 277, 3667, 46405, 573667, 7001653, 84843379, 1023885349, 12326977795, 148206208789, 1780451832211, 21379263273733, 256648048295203, 3080454802615285, 36970205192893363, 443675695245289957


a(n) = 9^n - 8^n.
0, 1, 17, 217, 2465, 26281, 269297, 2685817, 26269505, 253202761, 2413042577, 22791125017, 213710059745, 1992110014441, 18478745943857, 170706760005817, 1571545212141185, 14425381885981321, 132080236787517137


Expansion of 1/((1-8x)(1-10x)).
1, 18, 244, 2952, 33616, 368928, 3951424, 41611392, 432891136, 4463129088, 45705032704, 465640261632, 4725122093056, 47800976744448, 482407813955584, 4859262511644672, 48874100093157376, 490992800745259008


Expansion of 1/((1-8x)(1-11x)).
1, 19, 273, 3515, 42761, 503139, 5796673, 65860555, 741243321, 8287894259, 92240578673, 1023236299995, 11324318776681, 125117262357379, 1380687932442273, 15222751628953835, 167731742895202841


Expansion of 1/((1-8x)(1-12x)).
1, 20, 304, 4160, 54016, 680960, 8433664, 103301120, 1256390656, 15210905600, 183604609024, 2211845242880, 26610862391296, 319880104509440, 3842959300624384, 46150695979581440, 554089826731687936


a(n) = 10^n - 9^n.
0, 1, 19, 271, 3439, 40951, 468559, 5217031, 56953279, 612579511, 6513215599, 68618940391, 717570463519, 7458134171671, 77123207545039, 794108867905351, 8146979811148159, 83322818300333431, 849905364703000879, 8649148282327007911, 87842334540943071199, 890581010868487640791


Expansion of 1/((1-9x)(1-11x)).
1, 20, 301, 4040, 51001, 620060, 7352101, 85656080, 985263601, 11225320100, 126965305501, 1427999420120, 15990423157801, 178436520564140, 1985678518660501, 22048354837360160, 244384923399813601


Expansion of 1/((1-9x)(1-12x)).
1, 21, 333, 4725, 63261, 818181, 10349613, 128978325, 1590786621, 19476859941, 237209103693, 2877890303925, 34817113183581, 420347224031301, 5067043480830573, 61010412902061525, 733977975013590141


Inverse of 2183rd cyclotomic polynomial.
1, 1, 1, 1, 1, 1, 1, 1, 1, 1, 1, 1, 1, 1, 1, 1, 1, 1, 1, 1, 1, 1, 1, 1, 1, 1, 1, 1, 1, 1, 1, 1, 1, 1, 1, 1, 1, 0, 0, 0, 0, 0, 0, 0, 0, 0, 0, 0, 0, 0, 0, 0, 0, 0, 0, 0, 0, 0, 0, -1, -1, -1, -1, -1, -1, -1, -1, -1, -1, -1, -1, -1, -1, -1, -1, -1, -1, -1


Inverse of 2184th cyclotomic polynomial.
1, 0, 0, 0, 1, 0, 0, 0, 0, 0, 0, 0, -1, 0, 0, 0, -1, 0, 0, 0, 0, 0, 0, 0, 1, 0, 0, 0, 0, 0, 0, 0, -1, 0, 0, 0, -1, 0, 0, 0, 0, 0, 0, 0, 1, 0, 0, 0, 1, 0, 0, 0, -1, 0, 0, 0, -1, 0, 0, 0, 0, 0, 0, 0, 1, 0, 0, 0, 1, 0, 0, 0, 0, 0, 0, 0, -1, 0, 0, 0, 0


Inverse of 2185th cyclotomic polynomial.
1, -1, 0, 0, 0, 1, -1, 0, 0, 0, 1, -1, 0, 0, 0, 1, -1, 0, 0, 1, 0, -1, 0, 1, 0, 0, -1, 0, 1, 0, 0, -1, 0, 1, 0, 0, -1, 0, 2, -1, 0, -1, 1, 1, -1, 0, 0, 0, 1, -1, 0, 0, 0, 1, -1, 0, 0, 1, 0, -1, 0, 1, 0, 0, -1, 1, 0, 0, 0, 0, 0, 0, 0, 0, 0, 0, 1, -1, 0, 0, 1


a(n) = 11^n - 10^n.
0, 1, 21, 331, 4641, 61051, 771561, 9487171, 114358881, 1357947691, 15937424601, 185311670611, 2138428376721, 24522712143931, 279749833583241, 3177248169415651, 35949729863572161, 405447028499293771


Expansion of 1/((1-10x)(1-12x)).
1, 22, 364, 5368, 74416, 992992, 12915904, 164990848, 2079890176, 25958682112, 321504185344, 3958050224128, 48496602689536, 591959232274432, 7203510787293184, 87442129447518208, 1059305553370218496


a(n) = 12^n - 11^n.
0, 1, 23, 397, 6095, 87781, 1214423, 16344637, 215622815, 2801832661, 35979939623, 457696700077, 5777672071535, 72470493235141, 904168630965623, 11229773405170717, 138934529031464255, 1713164078241143221


Expansion of 1/((1-x)(1-2x)(1-5x)).
1, 8, 47, 250, 1281, 6468, 32467, 162590, 813461, 4068328, 20343687, 101722530, 508620841, 2543120588, 12715635707, 63578244070, 317891351421, 1589457019248, 7947285620527, 39736429151210, 198682147853201, 993410743460308, 4967053725690147, 24835268645227950


Inverse of 2190th cyclotomic polynomial.
1, 1, 0, -1, -1, -1, 0, 1, 1, 0, 0, 0, 0, 0, 0, 0, 0, 0, 0, 0, 0, 0, 0, 0, 0, 0, 0, 0, 0, 0, 0, 0, 0, 0, 0, 0, 0, 0, 0, 0, 0, 0, 0, 0, 0, 0, 0, 0, 0, 0, 0, 0, 0, 0, 0, 0, 0, 0, 0, 0, 0, 0, 0, 0, 0, 0, 0, 0, 0, 0, 0, 0, 0, -1, -1, 0, 1, 1, 1, 0, -1


Expansion of 1/((1-x)(1-2x)(1-6x)).
1, 9, 61, 381, 2317, 13965, 83917, 503757, 3023053, 18139341, 108838093, 653032653, 3918204109, 23509241037, 141055478989, 846332939469, 5077997767885, 30467986869453, 182807921741005, 1096847531494605


Expansion of 1/((1-x)(1-2x)(1-7x)).
1, 10, 77, 554, 3909, 27426, 192109, 1345018, 9415637, 65910482, 461375421, 3229632042, 22607432485, 158252043778, 1107764339213, 7754350440026, 54280453211253, 379963172740914, 2659742209710685


Inverse of 2193rd cyclotomic polynomial.
1, -1, 0, 1, -1, 0, 1, -1, 0, 1, -1, 0, 1, -1, 0, 1, -1, 1, 0, -1, 1, 0, -1, 1, 0, -1, 1, 0, -1, 1, 0, -1, 1, 0, 0, 0, 0, 0, 0, 0, 0, 0, 0, 1, -1, 0, 1, -1, 0, 1, -1, 0, 1, -1, 0, 1, -1, 0, 1, -1, 1, 0, -1, 1, 0, -1, 1, 0, -1, 1, 0, -1, 1, 0, -1, 1, 0, 0, 0, 0, 0


Expansion of 1/((1-x)(1-2x)(1-8x)).
1, 11, 95, 775, 6231, 49911, 399415, 3195575, 25565111, 204521911, 1636177335, 13089422775, 104715390391, 837723139511, 6701785148855, 53614281256375, 428914250182071, 3431314001718711, 27450512014273975


Expansion of 1/((1-x)(1-2x)(1-9x)).
1, 12, 115, 1050, 9481, 85392, 768655, 6918150, 62263861, 560375772, 5043383995, 45390460050, 408514148641, 3676627354152, 33089646220135, 297806816046750, 2680261344551821, 24122352101228532, 217101168911581075


Expansion of 1/((1-x)(1-2x)(1-10x)).
1, 13, 137, 1385, 13881, 138873, 1388857, 13888825, 138888761, 1388888633, 13888888377, 138888887865, 1388888886841, 13888888884793, 138888888880697, 1388888888872505, 13888888888856121, 138888888888823353


Expansion of 1/((1-x)(1-2x)(1-11x)).
1, 14, 161, 1786, 19677, 216510, 2381737, 26199362, 288193493, 3170129446, 34871425953, 383585689578, 4219442593549, 46413868545422, 510552554032409, 5616078094422034, 61776859038773445, 679545449426770038


Expansion of 1/((1-x)(1-2x)(1-12x)).
1, 15, 187, 2259, 27139, 325731, 3908899, 46907043, 562885027, 6754621347, 81055458211, 972665502627, 11671986039715, 140063832492963, 1680765989948323, 20169191879445411, 242030302553476003


Expansion of 1/((1-x)*(1-3*x)*(1-4*x)).
1, 8, 45, 220, 1001, 4368, 18565, 77540, 320001, 1309528, 5326685, 21572460, 87087001, 350739488, 1410132405, 5662052980, 22712782001, 91044838248, 364760483725, 1460785327100, 5848371485001, 23409176469808, 93683777468645, 374876324642820, 1499928942876001


Expansion of 1/((1-x)(1-3x)(1-5x)).
1, 9, 58, 330, 1771, 9219, 47188, 239220, 1205941, 6059229, 30384718, 152189310, 761743711, 3811110039, 19062724648, 95335146600, 476740303081, 2383895225649, 11920057258978, 59602029687090


Inverse of 2201st cyclotomic polynomial.
1, 1, 1, 1, 1, 1, 1, 1, 1, 1, 1, 1, 1, 1, 1, 1, 1, 1, 1, 1, 1, 1, 1, 1, 1, 1, 1, 1, 1, 1, 1, 0, 0, 0, 0, 0, 0, 0, 0, 0, 0, 0, 0, 0, 0, 0, 0, 0, 0, 0, 0, 0, 0, 0, 0, 0, 0, 0, 0, 0, 0, 0, 0, 0, 0, 0, 0, 0, 0, 0, 0, -1, -1, -1, -1, -1, -1, -1, -1, -1, -1


Expansion of 1/((1-x)(1-3x)(1-6x)).
1, 10, 73, 478, 2989, 18298, 110881, 668566, 4021237, 24156946, 145030249, 870447214, 5223480445, 31343274154, 188066819377, 1128422439622, 6770599207813, 40623788957122, 243743314873465


Expansion of 1/((1-x)(1-3x)(1-7x)).
1, 11, 90, 670, 4811, 34041, 239380, 1678940, 11762421, 82366471, 576653870, 4036842810, 28258696831, 197813269301, 1384700059560, 9692921940280, 67850518152041, 474953820774531, 3324677326552450


Inverse of 2204th cyclotomic polynomial.
1, 0, -1, 0, 1, 0, -1, 0, 1, 0, -1, 0, 1, 0, -1, 0, 1, 0, -1, 0, 1, 0, -1, 0, 1, 0, -1, 0, 1, 0, -1, 0, 1, 0, -1, 0, 1, 0, 0, 0, 0, 0, 0, 0, 0, 0, 0, 0, 0, 0, 0, 0, 0, 0, 0, 0, 0, 0, 1, 0, -1, 0, 1, 0, -1, 0, 1, 0, -1, 0, 1, 0, -1, 0, 1, 0, -1, 0, 1, 0, -1


Expansion of 1/((1-x)(1-3x)(1-8x)).
1, 12, 109, 912, 7417, 59700, 478693, 3832824, 30672433, 245408988, 1963360477, 15707149536, 125657993449, 1005266339076, 8042137887061, 64337124619848, 514697061528865, 4117576685941164, 32940614068660045


Expansion of 1/((1-x)(1-3x)(1-10x)).
1, 14, 153, 1570, 15821, 158574, 1586833, 15871610, 158725941, 1587288934, 15872977913, 158730044850, 1587301245661, 15873014848094, 158730155655393, 1587301578077290, 15873015845342981, 158730158647140054, 1587301587052531273, 15873015872268704930


Expansion of 1/((1-x)(1-3x)(1-11x)).
1, 15, 178, 1998, 22099, 243453, 2679076, 29473116, 324214117, 3566384811, 39230321494, 431533802154, 4746872620855, 52215601220889, 574371620604232, 6318087848169912, 69498966394439113, 764488630532540487, 8409374936439076090, 92503124302573229190


Expansion of 1/((1-x)(1-3x)(1-12x)).
1, 16, 205, 2500, 30121, 361816, 4342885, 52117900, 625424641, 7505125216, 90061591165, 1080739359700, 12968873113561, 155626479754216, 1867517764225045, 22410213192223900, 268922558371256881, 3227070700648792816, 38724848408366644525, 464698180902143126500


Expansion of 1/((1-x)*(1-4*x)*(1-5*x)).
1, 10, 71, 440, 2541, 14070, 75811, 400900, 2091881, 10808930, 55442751, 282806160, 1436400421, 7271480590, 36715316891, 185008240220, 930767824161, 4676745613050, 23475354034231, 117743274047080, 590182385739101, 2956775990710310, 14807336201610771


Inverse of 2210th cyclotomic polynomial.
1, 1, 0, 0, 0, -1, -1, 0, 0, 0, 1, 1, 0, -1, -1, -1, -1, -1, 0, 1, 1, 1, 1, 0, -1, -1, 0, 0, 0, 1, 2, 1, 0, 0, 0, -1, -1, 0, 0, -1, 0, 1, 0, -1, 0, 0, -1, -1, 0, 0, 0, 0, 1, 1, 0, 0, 1, 0, -1, 0, 1, 0, 0, 1, 1, 0, 0, 0, 0, -1, -1, 0, 0, -1, 0, 1, 0, -1, 0, 0, -1


Inverse of 2211th cyclotomic polynomial.
1, -1, 0, 1, -1, 0, 1, -1, 0, 1, -1, 1, 0, -1, 1, 0, -1, 1, 0, -1, 1, 0, 0, 0, 0, 0, 0, 0, 0, 0, 0, 0, 0, 0, 0, 0, 0, 0, 0, 0, 0, 0, 0, 0, 0, 0, 0, 0, 0, 0, 0, 0, 0, 0, 0, 0, 0, 0, 0, 0, 0, 0, 0, 0, 0, 0, 0, 1, -1, 0, 1, -1, 0, 1, -1, 0, 1, -1, 1, 0, -1


Inverse of 2212th cyclotomic polynomial.
1, 0, -1, 0, 1, 0, -1, 0, 1, 0, -1, 0, 1, 0, 0, 0, 0, 0, 0, 0, 0, 0, 0, 0, 0, 0, 0, 0, 0, 0, 0, 0, 0, 0, 0, 0, 0, 0, 0, 0, 0, 0, 0, 0, 0, 0, 0, 0, 0, 0, 0, 0, 0, 0, 0, 0, 0, 0, 0, 0, 0, 0, 0, 0, 0, 0, 0, 0, 0, 0, 0, 0, 0, 0, 0, 0, 0, 0, 0, 0, 0


Expansion of 1/((1-x)(1-4x)(1-6x)).
1, 11, 87, 607, 3983, 25263, 157039, 964079, 5871855, 35580655, 214882031, 1294884591, 7791677167, 46839541487, 281395162863, 1689802632943, 10144542420719, 60890161016559, 365432592068335


Expansion of 1/((1-x)(1-4x)(1-7x)).
1, 12, 105, 820, 6081, 43932, 312985, 2212740, 15576561, 109385452, 767096265, 5375266260, 37649233441, 263634112572, 1845796701945, 12922008569380, 90459786608721, 633241412753292, 4432781515242025, 31029837110570100, 217210325789494401, 1520478144588475612


Expansion of 1/((1-x)(1-4x)(1-8x)).
1, 13, 125, 1085, 9021, 73533, 593725, 4771645, 38260541, 306433853, 2452868925, 19628543805, 157050720061, 1256495238973, 10052319825725, 80419990261565, 643365648715581, 5146948096216893, 41175676395704125


Expansion of 1/((1-x)(1-4x)(1-10x)).
1, 15, 171, 1795, 18291, 184275, 1848211, 18503955, 185126931, 1851618835, 18517586451, 185181456915, 1851836938771, 18518458866195, 185184946575891, 1851850897414675, 18518514700769811, 185185169914190355


Expansion of 1/((1-x)(1-4x)(1-11x)).
1, 16, 197, 2252, 25113, 277608, 3059149, 33672484, 370484705, 4075681280, 44833892181, 493178406396, 5424984839977, 59674922718232, 656424507814493, 7220671017615188, 79427386920390129, 873701279030783664


Expansion of 1/((1-x)(1-4x)(1-12x)).
1, 17, 225, 2785, 33761, 406497, 4883425, 58622945, 703562721, 8443102177, 101318624225, 1215829083105, 14589971366881, 175079745881057, 2100957308486625, 25211489133495265, 302537875328566241


Expansion of 1/((1-x)*(1-5*x)(1-6*x)).
1, 12, 103, 774, 5425, 36456, 238267, 1527258, 9651829, 60352380, 374321311, 2306963022, 14146953913, 86407602384, 526075008835, 3194597025666, 19358317017277, 117103576420068, 707389830102439, 4268180838524790, 25728294320699521, 154965812371951032


Inverse of 2220th cyclotomic polynomial.
1, 0, 1, 0, 0, 0, -1, 0, -1, 0, -1, 0, 0, 0, 1, 0, 1, 0, 0, 0, 0, 0, 0, 0, 0, 0, 0, 0, 0, 0, 0, 0, 0, 0, 0, 0, 0, 0, 0, 0, 0, 0, 0, 0, 0, 0, 0, 0, 0, 0, 0, 0, 0, 0, 0, 0, 0, 0, 0, 0, 0, 0, 0, 0, 0, 0, 0, 0, 0, 0, 0, 0, 0, 0, -1, 0, -1, 0, 0, 0, 1


Expansion of 1/((1-x)(1-5x)(1-7x)).
1, 13, 122, 1010, 7851, 58863, 431572, 3118660, 22318901, 158673713, 1122923022, 7921496310, 55755649951, 391815428563, 2750337394472, 19290508733960, 135224296001001, 947523746323413, 6637434595845922


Inverse of 2222nd cyclotomic polynomial.
1, -1, 1, -1, 1, -1, 1, -1, 1, -1, 1, 0, 0, 0, 0, 0, 0, 0, 0, 0, 0, 0, 0, 0, 0, 0, 0, 0, 0, 0, 0, 0, 0, 0, 0, 0, 0, 0, 0, 0, 0, 0, 0, 0, 0, 0, 0, 0, 0, 0, 0, 0, 0, 0, 0, 0, 0, 0, 0, 0, 0, 0, 0, 0, 0, 0, 0, 0, 0, 0, 0, 0, 0, 0, 0, 0, 0, 0, 0, 0, 0


Inverse of 2223rd cyclotomic polynomial.
1, 0, 0, -1, 0, 0, 0, 0, 0, 1, 0, 0, -1, 0, 0, 0, 0, 0, 1, 0, 0, -1, 0, 0, 0, 0, 0, 1, 0, 0, -1, 0, 0, 0, 0, 0, 1, 0, 0, 0, 0, 0, -1, 0, 0, 1, 0, 0, 0, 0, 0, -1, 0, 0, 1, 0, 0, 1, 0, 0, -2, 0, 0, 1, 0, 0, 1, 0, 0, -2, 0, 0, 1, 0, 0, 1, 0, 0, -1, 0, 0


Expansion of 1/((1-x)(1-5x)(1-8x)).
1, 14, 143, 1300, 11181, 93354, 766363, 6228560, 50316761, 404975494, 3252010983, 26077123020, 208922159941, 1672903158434, 13390854662003, 107164984268680, 857510609012721, 6861038546418174, 54893076742927423


Expansion of 1/((1-x)(1-5x)(1-9x)).
1, 15, 166, 1650, 15631, 144585, 1320796, 11984820, 108351661, 977606355, 8810664226, 79357013190, 714518294491, 6432190529325, 57897344158456, 521114244398760, 4690218934452121, 42212924084385495


Inverse of 2226th cyclotomic polynomial.
1, 1, 0, -1, -1, 0, 1, 0, -1, -1, 0, 1, 1, 0, 0, 0, 0, 0, 0, 0, 0, 0, 0, 0, 0, 0, 0, 0, 0, 0, 0, 0, 0, 0, 0, 0, 0, 0, 0, 0, 0, 0, 0, 0, 0, 0, 0, 0, 0, 0, 0, 0, 0, -1, -1, 0, 1, 1, 0, -1, 0, 1, 1, 0, -1, -1, 0, 0, 0, 0, 0, 0, 0, 0, 0, 0, 0, 0, 0, 0, 0


Inverse of 2227th cyclotomic polynomial.
1, 1, 1, 1, 1, 1, 1, 1, 1, 1, 1, 1, 1, 1, 1, 1, 1, 0, 0, 0, 0, 0, 0, 0, 0, 0, 0, 0, 0, 0, 0, 0, 0, 0, 0, 0, 0, 0, 0, 0, 0, 0, 0, 0, 0, 0, 0, 0, 0, 0, 0, 0, 0, 0, 0, 0, 0, 0, 0, 0, 0, 0, 0, 0, 0, 0, 0, 0, 0, 0, 0, 0, 0, 0, 0, 0, 0, 0, 0, 0, 0


Expansion of 1/((1-x)(1-5x)(1-10x)).
1, 16, 191, 2066, 21441, 218316, 2202691, 22124566, 221733941, 2219780816, 22210015191, 222161187066, 2221917046441, 22220696343316, 222214592827691, 2222184075249566, 22222031487358941, 222221268547905816, 2222217453850640191, 22222198380364312066


Expansion of 1/((1-x)*(1-5*x)*(1-11*x)).
1, 17, 218, 2554, 28875, 321531, 3556372, 39217748, 431883509, 4753160005, 52296967086, 575327673102, 6328909579903, 69619531257839, 765822473230760, 8424085352511016, 92665129612484457, 1019317379411645433


Expansion of 1/((1-x)(1-5x)(1-12x)).
1, 18, 247, 3120, 38221, 462558, 5570227, 66940380, 803772841, 9647715498, 115784793007, 1389478551240, 16674047790661, 200090099366838, 2401088821796587, 28813104008531700, 345757438837243681


Inverse of 2231st cyclotomic polynomial.
1, 1, 1, 1, 1, 1, 1, 1, 1, 1, 1, 1, 1, 1, 1, 1, 1, 1, 1, 1, 1, 1, 1, 0, 0, 0, 0, 0, 0, 0, 0, 0, 0, 0, 0, 0, 0, 0, 0, 0, 0, 0, 0, 0, 0, 0, 0, 0, 0, 0, 0, 0, 0, 0, 0, 0, 0, 0, 0, 0, 0, 0, 0, 0, 0, 0, 0, 0, 0, 0, 0, 0, 0, 0, 0, 0, 0, 0, 0, 0, 0


Expansion of 1/((1-x)*(1-6*x)*(1-7*x)).
1, 14, 141, 1246, 10277, 81270, 624877, 4710062, 34985973, 256995046, 1871524733, 13536029598, 97364345989, 697223254742, 4974599780109, 35386420442254, 251090274984725, 1777943916226758, 12567479361589405, 88703587219138430, 625312500662044581


Inverse of 2233rd cyclotomic polynomial.
1, -1, 0, 0, 0, 0, 0, 1, -1, 0, 0, 1, -1, 0, 1, -1, 0, 0, 1, -1, 0, 1, 0, -1, 0, 1, -1, 0, 1, 1, -2, 0, 1, 0, -1, 1, 1, -2, 0, 1, 1, -2, 1, 1, -1, -1, 1, 1, -2, 1, 1, 0, -2, 1, 1, -1, 0, 1, 1, -3, 1, 1, 0, -1, 1, 1, -2, 0, 1, 1, -2, 1, 1, -1, -1, 1, 1, -2, 1, 1, 0


Expansion of 1/((1-x)(1-6x)(1-8x)).
1, 15, 163, 1563, 14059, 121803, 1030411, 8579211, 70649227, 577287051, 4690855819, 37962203019, 306309762955, 2466150936459, 19823244488587, 159150177890187, 1276586755010443, 10233006031417227, 81985920199339915


Expansion of 1/((1-x)(1-6x)(1-9x)).
1, 16, 187, 1942, 19033, 180628, 1681639, 15470674, 141251605, 1283357680, 11622778531, 105040363246, 947975408017, 8547451504972, 77021100541663, 693754126856458, 6247172473597069, 56244864253707304


Inverse of 2236th cyclotomic polynomial.
1, 0, -1, 0, 1, 0, -1, 0, 1, 0, -1, 0, 1, 0, -1, 0, 1, 0, -1, 0, 1, 0, -1, 0, 1, 0, 0, 0, 0, 0, 0, 0, 0, 0, 0, 0, 0, 0, 0, 0, 0, 0, 0, 0, 0, 0, 0, 0, 0, 0, 0, 0, 0, 0, 0, 0, 0, 0, 0, 0, 0, 0, 0, 0, 0, 0, 0, 0, 0, 0, 0, 0, 0, 0, 0, 0, 0, 0, 0, 0, 0


Expansion of 1/((1-x)(1-6x)(1-10x)).
1, 17, 213, 2389, 25445, 263781, 2693797, 27273893, 274754469, 2759637925, 27668938661, 277124743077, 2773859569573, 27754268528549, 277636722282405, 2776931444805541, 27772699779944357, 277747309790777253


Expansion of 1/((1-x)(1-6x)(1-11x)).
1, 18, 241, 2910, 33565, 378546, 4219993, 46755846, 516329845, 5691721530, 62681496241, 689931815118, 7591862105101, 83526155988930, 918881752875145, 10108263503608086, 111194283871577893, 1223157434578690506


Expansion of 1/((1-x)(1-6x)(1-12x)).
1, 19, 271, 3511, 43687, 533575, 6458887, 77842567, 936126343, 11245609351, 135019871623, 1620673815943, 19450697930119, 233424047994247, 2801182612927879, 33614755577116039, 403380452257281415


Expansion of 1/((1-x)*(1-7*x)*(1-8*x)).
1, 16, 185, 1880, 17841, 162336, 1435945, 12448360, 106312481, 897579056, 7510186905, 62388376440, 515255179921, 4235078618176, 34671889197065, 282913935338120, 2302083235036161, 18688068146607696, 151404361037090425, 1224533599346325400, 9889359772117817201


Expansion of 1/((1-x)(1-7x)(1-9x)).
1, 17, 210, 2290, 23411, 230307, 2210020, 20850980, 194384421, 1796538997, 16498405430, 150792530070, 1373280939031, 12472565630087, 113044350922440, 1022937980063560, 9245213572903241, 83478324422447577, 753204735666257050, 6792141332045915450


