Inverse of 2242nd cyclotomic polynomial.
1, -1, 1, -1, 1, -1, 1, -1, 1, -1, 1, -1, 1, -1, 1, -1, 1, -1, 1, 0, 0, 0, 0, 0, 0, 0, 0, 0, 0, 0, 0, 0, 0, 0, 0, 0, 0, 0, 0, 0, 0, 0, 0, 0, 0, 0, 0, 0, 0, 0, 0, 0, 0, 0, 0, 0, 0, 0, 0, 1, -1, 1, -1, 1, -1, 1, -1, 1, -1, 1, -1, 1, -1, 1, -1, 1, -1, 1, 0, 0, 0


Expansion of 1/((1-x)(1-7x)(1-10x)).
1, 18, 237, 2770, 30501, 324618, 3383437, 34795170, 354677301, 3593852218, 36268076637, 364987647570, 3666024644101, 36773283619818, 368524096449837, 3690779786259970, 36946569614930901, 369737098415627418


Inverse of 2244th cyclotomic polynomial.
1, 0, 1, 0, 0, 0, -1, 0, -1, 0, 0, 0, 1, 0, 1, 0, 0, 0, -1, 0, -1, 0, -1, 0, 0, 0, 1, 0, 1, 0, 0, 0, -1, 0, -2, 0, -1, 0, 1, 0, 2, 0, 1, 0, 0, 0, -1, 0, -1, 0, 0, 0, 1, 0, 1, 0, 1, 0, 0, 0, -1, 0, -1, 0, 0, 0, 1, 0, 2, 0, 1, 0, -1, 0, -2, 0, -1, 0, 0, 0, 1


Expansion of 1/((1-x)(1-7x)(1-11x)).
1, 19, 266, 3326, 39387, 452865, 5118772, 57267292, 636665813, 7050403151, 77883989118, 859030761498, 9465486544879, 104233389172477, 1147358541148904, 12626482774399544, 138930082270726185


Expansion of 1/((1-x)(1-7x)(1-12x)).
1, 20, 297, 3964, 50369, 624036, 7625689, 92469068, 1116354417, 13443332212, 161649541001, 1942101373212, 23321364646945, 279969412942148, 3360424215557433, 40330629408450796, 484006324653740753


Expansion of 1/((1-x)*(1-8*x)*(1-9*x)).
1, 18, 235, 2700, 28981, 298278, 2984095, 29253600, 282456361, 2695498938, 25486623955, 239196683700, 2231306698141, 20710052641998, 191416812647815, 1762962024789000, 16188343910770321, 148268580698287458, 1355005110295423675, 12359749064745505500


Expansion of 1/((1-x)(1-8x)(1-10x)).
1, 19, 263, 3215, 36831, 405759, 4357183, 45968575, 478859711, 4941988799, 50647021503, 516287283135, 5241409376191, 53042386120639, 535450200076223, 5394712711720895, 54268812804878271, 545261613550137279


Inverse of 2249th cyclotomic polynomial.
1, 1, 1, 1, 1, 1, 1, 1, 1, 1, 1, 1, 1, 0, 0, 0, 0, 0, 0, 0, 0, 0, 0, 0, 0, 0, 0, 0, 0, 0, 0, 0, 0, 0, 0, 0, 0, 0, 0, 0, 0, 0, 0, 0, 0, 0, 0, 0, 0, 0, 0, 0, 0, 0, 0, 0, 0, 0, 0, 0, 0, 0, 0, 0, 0, 0, 0, 0, 0, 0, 0, 0, 0, 0, 0, 0, 0, 0, 0, 0, 0


Expansion of 1/((1-x)(1-8x)(1-11x)).
1, 20, 293, 3808, 46569, 549708, 6346381, 72206936, 813450257, 9101344516, 101341923189, 1124578223184, 12448896999865, 137566159357244, 1518254091799517, 16741005720753352, 184472748615956193


Expansion of 1/((1-x)(1-8x)(1-12x)).
1, 21, 325, 4485, 58501, 739461, 9173125, 112474245, 1368864901, 16579770501, 200184379525, 2412029622405, 29022892013701, 348902996523141, 4191862297147525, 50342558276728965, 604432385008416901


Expansion of 1/((1-x)*(1-9*x)*(1-10*x)).
1, 20, 291, 3730, 44681, 513240, 5730271, 62683550, 675263061, 7188478660, 75807419051, 793377882570, 8251512054241, 85374719599280, 879483587504631, 9026463398652790, 92349281698986221, 942254646401987100, 9591402928728995011, 97433737469672066210


Expansion of 1/((1-x)(1-9x)(1-11x)).
1, 21, 322, 4362, 55363, 675423, 8027524, 93683604, 1078947205, 12304267305, 139269572806, 1567268992926, 17557692150727, 195994212714867, 2181672731375368, 24230027568735528, 268614950968549129, 2973526290066165309, 32877645655436942410, 363173810392188482610


Expansion of 1/((1-x)(1-9x)(1-12x)).
1, 22, 355, 5080, 68341, 886522, 11236135, 140214460, 1731001081, 21207861022, 258416964715, 3136307268640, 37953420452221, 458300644483522, 5525344125314095, 66535757027375620, 800513732040965761


Inverse of 2255th cyclotomic polynomial.
1, -1, 0, 0, 0, 1, -1, 0, 0, 0, 1, 0, -1, 0, 0, 1, 0, -1, 0, 0, 1, 0, 0, -1, 0, 1, 0, 0, -1, 0, 1, 0, 0, 0, -1, 1, 0, 0, 0, -1, 1, 1, -1, 0, 0, 0, 1, -1, 0, 0, 0, 1, 0, -1, 0, 0, 1, 0, -1, 0, 0, 1, 0, 0, -1, 0, 1, 0, 0, -1, 0, 1, 0, 0, 0, -1, 1, 0, 0, 0, -1


Expansion of 1/((1-x)(1-10x)(1-11x)).
1, 22, 353, 4994, 66045, 837606, 10324777, 124683658, 1482631349, 17420055950, 202731726561, 2341160103282, 26863872247213, 306613705830454, 3483861875246105, 39433591738818266, 444880620238112037


Inverse of 2257th cyclotomic polynomial.
1, 1, 1, 1, 1, 1, 1, 1, 1, 1, 1, 1, 1, 1, 1, 1, 1, 1, 1, 1, 1, 1, 1, 1, 1, 1, 1, 1, 1, 1, 1, 1, 1, 1, 1, 1, 1, 0, 0, 0, 0, 0, 0, 0, 0, 0, 0, 0, 0, 0, 0, 0, 0, 0, 0, 0, 0, 0, 0, 0, 0, -1, -1, -1, -1, -1, -1, -1, -1, -1, -1, -1, -1, -1, -1, -1, -1, -1, -1


Expansion of 1/((1-x)(1-10x)(1-12x)).
1, 23, 387, 5755, 80171, 1073163, 13989067, 178979915, 2258870091, 28217552203, 349721737547, 4307771961675, 52804374651211, 644763606925643, 7848274394218827, 95290403841737035, 1154595957211955531


Expansion of 1/((1-x)(1-11x)(1-12x)).
1, 24, 421, 6516, 94297, 1308720, 17653357, 233276172, 3035108833, 39015048456, 496711748533, 6274383820068, 78744877055209, 982913508020832, 12212686913191549, 151147215944655804, 1864311294185799025


Number of monotone Boolean functions of n variables with 2 mincuts. Also number of Sperner systems with 2 blocks.
1, 9, 55, 285, 1351, 6069, 26335, 111645, 465751, 1921029, 7859215, 31964205, 129442951, 522538389, 2104469695, 8460859965, 33972448951, 136276954149, 546269553775, 2188563950925, 8764714059751, 35090233104309, 140455067207455, 562102681589085, 2249257981411351


Inverse of 2261st cyclotomic polynomial.
1, -1, 0, 0, 0, 0, 0, 1, -1, 0, 0, 0, 0, 0, 1, -1, 0, 1, -1, 1, -1, 1, -1, 0, 1, -1, 1, -1, 1, -1, 0, 1, -1, 1, 0, 0, 0, -1, 2, -2, 1, 0, 0, 0, -1, 2, -2, 1, 0, 0, 0, 0, 1, -1, 0, 1, -1, 1, -1, 1, -1, 0, 1, -1, 1, -1, 1, -1, 1, 0, 0, 0, 0, 0, 0, 0, 1, -1, 0, 0, 0


Inverse of 2262nd cyclotomic polynomial.
1, 1, 0, -1, -1, 0, 1, 1, 0, -1, -1, 0, 1, 0, -1, -1, 0, 1, 1, 0, -1, -1, 0, 1, 1, 0, 0, 0, 0, -1, -1, 0, 1, 1, 0, -1, -1, 0, 1, 1, 0, -1, 0, 1, 1, 0, -1, -1, 0, 1, 1, 0, -1, -1, 0, 0, 0, 0, 1, 1, 0, -1, -1, 0, 1, 1, 0, -1, -1, 0, 1, 0, -1, -1, 0, 1, 1, 0, -1, -1, 0


Inverse of 2263rd cyclotomic polynomial.
1, 1, 1, 1, 1, 1, 1, 1, 1, 1, 1, 1, 1, 1, 1, 1, 1, 1, 1, 1, 1, 1, 1, 1, 1, 1, 1, 1, 1, 1, 1, 0, 0, 0, 0, 0, 0, 0, 0, 0, 0, 0, 0, 0, 0, 0, 0, 0, 0, 0, 0, 0, 0, 0, 0, 0, 0, 0, 0, 0, 0, 0, 0, 0, 0, 0, 0, 0, 0, 0, 0, 0, 0, -1, -1, -1, -1, -1, -1, -1, -1


Expansion of 1/((1-2x)(1-3x)(1-5x)).
1, 10, 69, 410, 2261, 11970, 61909, 315850, 1598421, 8050130, 40425749, 202656090, 1014866581, 5079099490, 25409813589, 127092049130, 635589254741, 3178333432050, 15892828897429, 79467630222970


Fractional part of tan(n) decreases monotonically to 0.
1, 4, 11, 22, 80, 355, 11270, 26087, 286602, 301419, 5419351


Inverse of 2266th cyclotomic polynomial.
1, -1, 1, -1, 1, -1, 1, -1, 1, -1, 1, 0, 0, 0, 0, 0, 0, 0, 0, 0, 0, 0, 0, 0, 0, 0, 0, 0, 0, 0, 0, 0, 0, 0, 0, 0, 0, 0, 0, 0, 0, 0, 0, 0, 0, 0, 0, 0, 0, 0, 0, 0, 0, 0, 0, 0, 0, 0, 0, 0, 0, 0, 0, 0, 0, 0, 0, 0, 0, 0, 0, 0, 0, 0, 0, 0, 0, 0, 0, 0, 0


Expansion of 1/((1-2x)(1-3x)(1-7x)).
1, 12, 103, 786, 5713, 40656, 286651, 2012862, 14109205, 98822460, 691932319, 4844053578, 33909961177, 237374494824, 1661635779907, 11631493440534, 81420583092829, 569944468808148, 3989612443394215


Expansion of 1/((1-2x)(1-3x)(1-8x)).
1, 13, 123, 1049, 8603, 69489, 557971, 4470073, 35779755, 286296065, 2290543619, 18324876297, 146600596507, 1172809538641, 9382490625267, 75059967983321, 600479872875659, 4803839370163617, 38430716123046115


Expansion of 1/((1-2x)(1-3x)(1-9x)).
1, 14, 145, 1370, 12541, 113534, 1023865, 9221090, 83008981, 747138854, 6724424785, 60520350410, 544684739821, 4902167424974, 44119521140905, 397075733249330, 3573681728253061, 32163135941435894, 289468224634660225


Expansion of 1/((1-2x)(1-3x)(1-10x)).
1, 15, 169, 1755, 17761, 178275, 1784809, 17854395, 178563121, 1785689235, 17857067449, 178571201835, 1785713604481, 17857140811395, 178571422430089, 1785714267282075, 17857142801829841, 178571428405456755


Expansion of 1/((1-2x)(1-3x)(1-11x)).
1, 16, 195, 2210, 24521, 270396, 2976415, 32746870, 360234741, 3962640176, 43589217035, 479481914730, 5274302648161, 58017333896356, 638190687176055, 7020097601917790, 77221073750104781, 849431811638310936


Expansion of 1/((1-2x)(1-3x)(1-12x)).
1, 17, 223, 2741, 33103, 397901, 4776871, 57328757, 687964255, 8255629085, 99067724119, 1188813216773, 14265760187407, 171189127015469, 2054269538501767, 24651234505002389, 295814814189037759


Expansion of 1/((1-2*x)*(1-4*x)*(1-5*x)).
1, 11, 83, 535, 3171, 17871, 97483, 520055, 2731091, 14179231, 72992283, 373347975, 1900290211, 9635660591, 48715157483, 245723238295, 1237206060531, 6220389909951, 31239388241083, 156746696495015, 785932504682051, 3938458614335311, 19727477439571083


a(n) = 6^n/8 - 4^(n-1) + 2^(n-3).
0, 0, 1, 12, 100, 720, 4816, 30912, 193600, 1194240, 7296256, 44301312, 267904000, 1615810560, 9728413696, 58504691712, 351565004800, 2111537479680, 12677814747136, 76101248090112, 456744927232000


Inverse of 2275th cyclotomic polynomial.
1, 0, 0, 0, 0, -1, 0, 0, 0, 0, 0, 0, 0, 0, 0, 0, 0, 0, 0, 0, 0, 0, 0, 0, 0, 1, 0, 0, 0, 0, -1, 0, 0, 0, 0, 1, 0, 0, 0, 0, -1, 0, 0, 0, 0, 0, 0, 0, 0, 0, 1, 0, 0, 0, 0, -1, 0, 0, 0, 0, 1, 0, 0, 0, 0, 0, 0, 0, 0, 0, 0, 0, 0, 0, 0, 0, 0, 0, 0, 0, -1


Expansion of 1/((1-2x)(1-4x)(1-7x)).
1, 13, 119, 953, 7167, 52185, 373423, 2646601, 18657023, 131122937, 919956687, 6448083369, 45170133919, 316325146969, 2214812883311, 15505837634057, 108549453307455, 759880532759481, 5319301168007695


Inverse of 2277th cyclotomic polynomial.
1, 0, 0, -1, 0, 0, 0, 0, 0, 1, 0, 0, -1, 0, 0, 0, 0, 0, 1, 0, 0, -1, 0, 0, 0, 0, 0, 1, 0, 0, -1, 0, 0, 1, 0, 0, 0, 0, 0, -1, 0, 0, 1, 0, 0, 0, 0, 0, -1, 0, 0, 1, 0, 0, 0, 0, 0, -1, 0, 0, 1, 0, 0, 0, 0, 0, 0, 0, 0, 1, 0, 0, -1, 0, 0, 0, 0, 0, 1, 0, 0


Inverse of 2278th cyclotomic polynomial.
1, -1, 1, -1, 1, -1, 1, -1, 1, -1, 1, -1, 1, -1, 1, -1, 1, 0, 0, 0, 0, 0, 0, 0, 0, 0, 0, 0, 0, 0, 0, 0, 0, 0, 0, 0, 0, 0, 0, 0, 0, 0, 0, 0, 0, 0, 0, 0, 0, 0, 0, 0, 0, 0, 0, 0, 0, 0, 0, 0, 0, 0, 0, 0, 0, 0, 0, 1, -1, 1, -1, 1, -1, 1, -1, 1, -1, 1, -1, 1, -1


Inverse of 2279th cyclotomic polynomial.
1, 1, 1, 1, 1, 1, 1, 1, 1, 1, 1, 1, 1, 1, 1, 1, 1, 1, 1, 1, 1, 1, 1, 1, 1, 1, 1, 1, 1, 1, 1, 1, 1, 1, 1, 1, 1, 1, 1, 1, 1, 1, 1, 0, 0, 0, 0, 0, 0, 0, 0, 0, 0, -1, -1, -1, -1, -1, -1, -1, -1, -1, -1, -1, -1, -1, -1, -1, -1, -1, -1, -1, -1, -1, -1, -1


Inverse of 2280th cyclotomic polynomial.
1, 0, 0, 0, 1, 0, 0, 0, 0, 0, 0, 0, -1, 0, 0, 0, -1, 0, 0, 0, -1, 0, 0, 0, 0, 0, 0, 0, 1, 0, 0, 0, 1, 0, 0, 0, 0, 0, 0, 0, 0, 0, 0, 0, 0, 0, 0, 0, 0, 0, 0, 0, 0, 0, 0, 0, 0, 0, 0, 0, 0, 0, 0, 0, 0, 0, 0, 0, 0, 0, 0, 0, 0, 0, 0, 0, -1, 0, 0, 0, -1


Expansion of 1/((1-2x)(1-4x)(1-8x)).
1, 14, 140, 1240, 10416, 85344, 690880, 5559680, 44608256, 357389824, 2861214720, 22898104320, 183218384896, 1465881288704, 11727587164160, 93822844764160, 750591347982336, 6004765143465984, 48038258586419200, 384306618446643200, 3074455146595352576, 24595649968853745664


