Continued fraction for log(73).
4, 3, 2, 3, 1, 6, 1, 4, 1, 5, 1, 1, 1, 3, 1, 1, 2, 4, 1, 1, 1, 1, 2, 32, 1, 1, 1, 6, 1, 3, 1, 2, 1, 1, 2, 1, 1, 1, 11, 1, 5, 2, 27, 4, 1, 1, 1, 1, 5, 1, 24, 2, 3, 2, 2, 5, 3, 2, 3, 4, 2, 1, 2, 6, 2, 1, 2, 1, 1, 2, 1, 2, 1, 2, 1, 1, 1, 72, 3, 1


Continued fraction for log(74).
4, 3, 3, 2, 6, 3, 1, 49, 1, 1, 4, 1, 1, 7, 3, 1, 1, 20, 3, 30, 20, 1, 1, 4, 1, 1, 5, 1, 10, 1, 96, 1, 3, 2, 1, 4, 5, 1, 1, 2, 2, 1, 2, 3, 4, 1, 4, 1, 1, 7, 1, 4, 1, 4, 79, 1, 2, 4, 1, 14, 4, 4, 11, 1, 1, 2, 2, 2, 2, 10, 1, 2, 1, 3, 1, 21


Continued fraction for log(75).
4, 3, 6, 1, 2, 8, 1, 2, 1, 1, 23, 1, 28, 7, 1, 55, 1, 5, 2, 2, 1, 45, 1, 2, 2, 6, 1, 7, 2, 2, 1, 5, 46, 1, 53, 2, 2, 12, 3, 2, 30, 1, 1, 1, 1, 2, 1, 6, 3, 8, 2, 2, 1, 5, 3, 1, 1, 31, 3, 1, 441, 3, 3, 1, 2, 1, 3, 2, 1, 1, 4, 2, 1, 4, 53


Continued fraction for log(76).
4, 3, 42, 2, 2, 21, 1, 1, 6, 1, 15, 3, 2, 1, 2, 1, 1, 2, 2, 1, 4, 1, 3, 5, 1, 2, 1, 8, 1, 2, 1, 1, 1, 1, 2, 4, 7, 1, 2, 1, 1, 2, 3, 1, 3, 2, 7, 17, 3, 1, 19, 1, 1, 2, 9, 5, 1, 5, 1, 1, 1, 19, 1, 2, 9, 1, 2, 3, 2, 1, 3, 88, 1, 13, 3, 1, 3, 9


Continued fraction for log(77).
4, 2, 1, 9, 1, 16, 1, 2, 2, 4484, 1, 1, 4, 1, 1, 1, 4, 8, 3, 1, 3, 1, 2, 1, 1, 1, 4, 1, 1, 11, 5, 1, 11, 13, 1, 2, 4, 8, 2, 13, 3, 6, 1, 1, 8, 1, 9, 1, 4, 7, 1, 1, 3, 1, 3, 3, 25, 2, 40, 1, 1, 680, 3, 70, 1, 34, 1, 6, 3, 1, 5, 10, 1, 3


Continued fraction for log(78).
4, 2, 1, 4, 11, 1, 1, 5, 1, 1, 1, 2, 1, 16, 1, 5, 5, 1, 2, 5, 6, 1, 1, 1, 11, 4, 1, 1, 24, 293, 1, 2, 1, 8, 2, 5, 8, 2, 1, 8, 2, 36, 1, 1, 2, 1995, 1, 1, 9, 1, 46, 1, 1, 1, 1, 1, 3, 1, 3, 61, 4, 1, 9, 1, 1, 1, 1, 2, 3, 10, 65, 3, 3, 1, 4


Continued fraction for log(79).
4, 2, 1, 2, 2, 2, 3, 1, 1, 1, 1, 2, 2, 1, 50, 1, 1, 4, 5, 4, 1, 7, 1, 3, 1, 1, 1, 27, 2, 5, 4, 13, 1, 1, 2, 3, 2, 6, 3, 5, 12, 13, 1, 15, 1, 1, 1, 6, 1, 9, 2, 7, 1, 1, 4, 1, 3, 22, 2, 5, 2, 2, 2, 1, 2, 43, 21, 17, 67, 1, 1, 21, 1, 1, 2, 1


Continued fraction for log(80).
4, 2, 1, 1, 1, 1, 1, 1, 2, 29, 1, 17, 2, 1, 1, 1, 3, 2, 1, 27, 1, 10, 1, 3, 1, 2, 3, 5, 5, 1, 3, 2, 3, 4, 1, 22, 5, 1, 1, 2, 2, 2, 1, 2, 7, 4, 9, 1, 2, 2, 12, 9, 3, 1, 8, 1, 11, 4, 1, 196, 1, 2, 2, 3, 2, 5, 1, 4, 2, 1, 17, 1, 5, 1, 2, 4


Continued fraction for log(81).
4, 2, 1, 1, 6, 1, 1, 1, 1, 5, 1, 17, 1, 7, 2, 1, 2, 4, 4, 3, 1, 7, 1, 1, 4, 2, 1, 8, 2, 2, 5, 2, 1, 2, 1, 5, 1, 11, 5, 1, 3, 55, 1, 1, 1, 1, 9, 613, 1, 3, 2, 1, 1, 3, 1, 1, 1, 1, 2, 3, 1, 18, 1, 10, 1, 2, 1, 23, 5, 2, 4, 1, 1, 4, 1, 2, 1, 2


Continued fraction for log(82).
4, 2, 2, 5, 1, 1, 4, 4, 1, 2, 2, 1, 12, 1, 9, 2, 49, 2, 1, 7, 1, 1, 2, 1, 1, 6, 1, 2, 1, 4, 1, 1, 2, 1, 1, 2, 3, 2, 1, 1, 1, 1, 1, 2, 5, 2, 3, 1, 1, 2, 1, 1, 3, 1, 9, 1, 1, 3, 1, 2, 1, 236, 4, 1, 3, 98, 1, 11, 7, 3, 3, 1, 1, 3, 6, 3, 1, 17


Continued fraction for log(83).
4, 2, 2, 1, 1, 2, 1, 1, 1, 1, 3, 74, 1, 1, 37, 1, 2, 1, 2, 4, 12, 119, 1, 65, 1, 9, 1, 5, 6, 2, 2, 37, 1, 1, 3, 2, 4, 2, 2, 2, 4, 3, 2, 4, 4, 2, 4, 4, 1, 1, 2, 9, 3, 8, 1, 122, 8, 2, 2, 3, 1, 1, 26, 3, 3, 3, 2, 3, 1, 9, 1, 166, 2, 2, 1, 1


Continued fraction for log(84).
4, 2, 3, 8, 1, 4, 11, 1, 68, 1, 12, 1, 2, 2, 1, 1, 32, 2, 2, 3, 1, 2, 4, 1, 1, 30, 2, 2, 1, 1, 3, 1, 106, 55, 9, 1, 4, 1, 1, 19, 1, 5, 32, 1, 1, 1, 4, 2, 1, 2, 3, 26, 1, 1, 2, 27, 4, 16, 2, 9, 3, 2, 9, 19, 1, 1, 1, 1, 9, 1, 1, 3, 116


Continued fraction for log(85).
4, 2, 3, 1, 6, 9, 2, 1, 7, 1, 1, 3, 1, 9, 1, 7, 1, 1, 4, 1, 3, 2, 1, 1, 1, 42, 1, 2, 61, 1, 3, 1, 1, 6, 4, 3, 1, 1, 8, 3, 2, 1, 38, 11, 3, 43, 5, 2, 20, 1, 1, 1, 2, 1, 1, 1, 2, 1, 1, 4, 1, 1, 9, 1, 1, 2, 1, 1, 4, 2, 1, 1, 44, 3, 1, 12, 4, 1


Continued fraction for log(86).
4, 2, 4, 1, 40, 1, 7, 1, 16, 1, 2, 2, 1, 17, 1, 79, 1, 1, 18, 1, 1, 1, 2, 1, 4, 1, 4, 1, 5, 1, 1, 2, 11, 8, 2, 1, 4, 22, 6, 2, 1, 2, 14, 8, 6, 5, 1, 1, 13, 2, 1, 3, 13, 2, 4, 2, 2, 1, 4, 1, 1, 1, 3, 1, 2, 1, 1, 1, 10, 1, 17, 4, 7, 10, 4


Continued fraction for log(87).
4, 2, 6, 1, 4, 1, 131, 1, 80, 1, 3, 53, 5, 1, 6, 1, 1, 2, 6, 4, 3, 2, 20, 1, 1, 1, 16, 1, 16, 1, 2, 1, 3, 1, 2, 4, 7, 1, 4, 9, 1, 37, 1, 1, 1, 20, 3, 19, 1, 31, 3, 1, 2, 1, 15, 1, 2, 1, 2, 1, 4, 743, 4, 1, 2, 4, 1, 1, 3, 1, 2, 1, 2, 3, 2, 9


Continued fraction for log(88).
4, 2, 10, 1, 1, 7, 1, 1, 6, 4, 18, 1, 4, 37, 1, 1, 3, 26, 1, 31, 2, 4, 18, 1, 2, 1, 3, 1, 8, 1, 4, 2, 1, 2, 7, 11, 2, 2, 1, 3, 1, 1, 1, 3, 1, 12, 2, 7, 3, 2, 3, 3, 1, 1, 22, 2, 4, 1, 1, 4, 5, 7, 3, 13, 2, 1, 4, 1, 2, 354, 2, 1, 2, 1, 1


Continued fraction for log(89).
4, 2, 21, 1, 1, 21183, 2, 1, 1, 1, 90, 1, 1, 4, 13, 1, 1, 1, 2, 3, 2, 1, 113, 1, 3, 3, 9, 8, 1, 3, 1, 1, 8, 1, 2, 1, 1, 8, 1, 8, 5, 3, 1, 6, 1, 6, 3, 3, 3, 2, 1, 10, 1, 3, 2, 8, 1, 24, 1, 11, 5, 5, 1, 1, 1, 1, 8, 2, 2, 1, 15, 5, 6, 1, 2


Continued fraction for log(90).
4, 2, 1313, 96, 5, 2, 2, 1, 26, 1, 38, 2, 2, 15, 1, 2, 2, 1, 1, 1, 4, 2, 2, 31, 1, 1, 1, 22, 2, 1, 18, 4, 2, 4, 1, 2, 5, 1, 15, 4, 1, 2, 2, 2, 3, 1, 1, 2, 2, 36, 1, 10, 1, 1, 1, 1, 29, 1, 7, 1, 4, 1, 1, 3, 7, 3, 6, 1, 1, 1, 1, 12, 17, 1, 1


Continued fraction for log(91).
4, 1, 1, 22, 1, 1, 11, 4, 3, 1, 8, 1, 1, 1, 8, 1, 3, 4, 2, 1, 5, 1, 1, 1, 2, 2, 1, 21, 1, 1, 1, 1, 3, 7, 3, 1, 1, 1, 1, 5, 12, 1, 138, 1, 1, 106, 5, 1, 1, 3, 33, 9, 1, 2, 4, 15, 5, 1, 1, 1, 1, 4, 2, 3, 1, 3, 3, 1, 5, 2, 2, 1, 4, 2, 2, 4


Continued fraction for log(92).
4, 1, 1, 10, 1, 37, 3, 6, 1, 1, 2, 1, 1, 1, 1, 2, 3, 8, 1, 20, 1, 71, 6, 1, 82, 4, 4, 2, 13, 1, 20, 1, 6, 1, 1, 1, 3, 1, 2, 2, 4, 1, 2, 1, 4, 7, 2, 2, 12, 1, 4, 7, 1, 1, 1, 1, 1, 1, 1, 2, 5, 1, 1, 1, 1, 1, 8, 1, 5, 4, 1, 1, 4, 3, 1, 2, 4, 1


Continued fraction for log(93).
4, 1, 1, 7, 5, 1, 12, 598, 1, 3, 372, 10, 100, 1, 8, 25, 2, 1, 1, 4, 1, 4, 1, 2, 3, 2, 1, 3, 1, 1, 1, 1, 1, 12, 1, 1, 3, 2, 77, 4, 4, 10, 1, 1, 2, 1, 3, 9, 1, 10, 6, 5, 7, 1, 2, 3, 1, 8, 1, 1, 1, 12, 2, 2, 2, 1, 24, 2, 19, 1, 4, 6, 2, 7


Continued fraction for log(94).
4, 1, 1, 5, 3, 1, 1, 1, 4, 2, 2, 36, 2, 4, 3, 1, 12, 4, 1, 1, 2, 1, 1, 2, 2, 2, 1, 5, 4, 1, 1, 2, 1, 14, 2, 3, 5, 3, 2, 1, 25, 2, 2, 1, 1, 6, 4, 22, 10, 1, 8, 1, 2, 1, 1, 1, 1, 2, 9, 1, 1, 5, 2, 4, 1, 2, 5, 2, 9, 10, 2, 1, 1, 4, 1, 6, 1, 4


Continued fraction for log(95).
4, 1, 1, 4, 7, 7, 1, 1, 3, 1, 1, 4, 2, 7, 25, 1, 1, 5, 1, 1, 1, 58, 1, 7, 1, 1, 6, 1, 39, 1, 3, 11, 2, 2, 1, 3, 1, 1, 41, 31, 4, 1, 3, 1, 1, 1, 5, 12, 1, 3, 1, 2, 2, 26, 1, 3, 6, 2, 1, 1, 1, 1, 1, 1, 9, 5, 1, 1, 1, 5, 2, 1, 22, 2, 2, 2, 13


Continued fraction for log(96).
4, 1, 1, 3, 2, 1, 1, 2, 11, 1, 1, 53, 2, 7, 1, 1, 6, 3, 1, 1, 5, 15, 7, 1, 1, 1, 6, 1, 3, 1, 1, 1, 2, 3, 1, 3, 1, 53, 1, 2, 2, 2, 8, 1, 1, 9, 3, 1, 1, 26, 1, 28, 3, 95, 4, 11, 2, 1, 4, 1, 1, 1, 1, 1, 1, 1, 4, 19, 1, 6, 4, 1, 1, 1, 1, 7, 1, 2


Continued fraction for log(97).
4, 1, 1, 2, 1, 5, 1, 1, 78, 1, 4, 26, 2, 4, 2, 1, 1, 4, 21, 2, 2, 1, 1, 1, 1, 1, 36, 1, 12, 8, 2, 1, 1, 2, 12, 1, 2, 3, 4, 1, 23, 1, 1, 2, 3, 11, 1, 8, 1, 3, 1, 2, 1, 1, 1, 3, 8, 11, 6, 4, 1, 2, 1, 3, 3, 1, 4, 1, 4, 1, 28, 1, 16, 1, 1, 2, 4


Continued fraction for log(98).
4, 1, 1, 2, 2, 3, 1, 4, 1, 66, 1, 1, 2, 4, 4, 3, 1, 1, 2, 1, 1, 1, 2, 52, 1, 1, 1, 1, 4, 2, 12, 1, 1, 1, 1, 1, 1, 1, 3, 3, 2, 3, 2, 1, 1, 1, 1, 2, 1, 14, 3, 1, 2, 2, 1, 1, 1, 4, 1, 1, 1, 2, 9, 4, 1, 3, 1, 18, 17, 4, 1, 3, 7, 1, 1, 3, 4, 3


Continued fraction for log(99).
4, 1, 1, 2, 7, 1, 3, 1, 10, 1, 1, 7, 1, 3, 1, 3, 1, 71, 2, 1, 1, 1, 4, 1, 3, 173, 1, 3, 6, 3, 2, 7, 2, 2, 30, 5, 2, 2, 1, 1, 11, 4, 7, 1, 6, 2, 1, 1, 4, 4, 1, 3, 4, 17, 2, 2, 25, 6, 2, 2, 1, 1, 1, 1, 13, 1, 3, 2, 10, 2, 3, 3, 117, 2, 7, 1


Continued fraction for log(100).
4, 1, 1, 1, 1, 7, 7, 3, 6, 1, 1, 9, 1, 2, 1, 2, 1, 1, 1, 12, 1, 1, 2, 2, 11, 1, 4, 2, 2, 1, 1, 39, 1, 1, 1433, 2, 3, 1, 5, 1, 10, 1, 35, 2, 2, 6, 1, 1, 3, 6, 2, 1, 4, 3, 3, 1, 1, 3, 3, 1, 1, 1, 2, 32, 1, 1, 1, 2, 1, 1, 1, 58, 5, 2, 2, 1


Continued fraction for log(3/2).
0, 2, 2, 6, 1, 11, 2, 1, 2, 2, 1, 4, 3, 1, 1, 7, 2, 1, 1, 4, 1, 2, 1, 2, 1, 1, 10, 3, 1, 2, 1, 1, 2, 3, 1, 11, 3, 2, 31, 2, 2, 3, 1, 3, 13, 1, 1, 3, 9, 1, 2, 1, 1, 1, 1, 2, 4, 4, 1, 1, 553, 5, 3, 4, 4, 35, 5, 2, 1, 27, 3, 2, 1, 1, 1, 2, 2, 2


Continued fraction for log(5/2).
0, 1, 10, 1, 17, 1, 1, 3, 1, 48, 1, 9, 1, 1, 9, 1, 1, 2, 22, 2, 6, 2, 3, 1, 4, 3, 5, 107, 1, 3, 1, 2, 4, 4, 1, 1, 5, 3, 4, 109, 1, 4, 1, 18, 2, 1, 3, 3, 2, 1, 1, 1, 1, 1, 1, 1, 1, 3, 6, 1, 2, 6, 1, 1, 7, 1, 1, 1, 1, 79, 4, 1, 23, 1, 94, 1


Continued fraction for log(7/2).
1, 3, 1, 21, 1, 6, 1, 2, 1, 2, 13, 1, 1, 1, 1, 2, 2, 16, 5, 1, 2, 5, 1, 1, 9, 3, 4, 1, 9, 24, 1, 1, 1, 1, 8, 4, 2, 1, 1, 4, 3, 1, 1, 6, 1, 5, 12, 1, 1, 137, 26, 1, 2, 2, 2, 1, 7, 2, 9, 1, 7, 1, 1, 2, 60, 2, 1, 2, 1, 9, 6, 1, 1, 6, 3, 2, 1, 54


Continued fraction for log(9/2).
1, 1, 1, 60, 1, 4, 2, 1, 2, 1, 3, 3, 2, 1, 4, 2, 3, 1, 2, 8, 2, 2, 4, 1, 1, 1, 1, 3, 10, 10, 2, 1, 354, 1, 12, 521, 1, 1, 1, 3, 1, 1, 16, 1, 21, 10, 5, 1, 2, 2, 3, 2, 1, 9, 9, 1, 9, 1, 12, 1, 10, 1, 1, 4, 1, 62, 2, 1, 1, 1, 5, 8, 10, 2, 2, 1, 1, 7, 5, 1, 1, 1, 1, 22, 2, 14, 28, 1, 284, 1, 49, 1, 41, 1, 4


Continued fraction for log(11/2).
1, 1, 2, 2, 1, 1, 2, 2, 6, 6, 1, 3, 2, 1, 1, 1, 1, 2, 1, 1, 1, 1, 2, 1, 2, 4, 2, 1, 1, 3, 2, 73, 46, 3, 2, 3, 3, 4, 1, 3, 2, 6, 1, 1, 1, 1, 1, 8, 16, 1, 1, 2, 11, 1, 6, 1, 2, 3, 1, 16, 2, 6, 6, 1, 1, 3, 1, 1, 5, 14, 5, 1, 1, 2, 3, 4, 1, 2, 4


Continued fraction for log(13/2).
1, 1, 6, 1, 4, 89, 1, 3, 1, 7, 1, 1, 2, 1, 1, 1, 3, 1, 1, 1, 4, 3, 2, 365, 1, 1, 3, 2, 1, 1, 5, 1, 3, 2, 1, 1, 3, 3, 1, 2, 1, 4, 6, 20, 2, 4, 5, 2, 1, 5, 4, 1, 12, 56, 4, 7, 1, 1, 3, 10, 4, 3, 2, 1, 1, 1, 1, 5, 1, 16, 1, 5, 7, 3, 3, 7, 1, 7, 1


Continued fraction for log(15/2).
2, 67, 9, 1, 19, 2, 5, 28, 1, 10, 2, 4, 3, 1, 76, 1, 1, 1, 9, 3, 2, 2, 1, 1, 1, 2, 1, 1, 20, 2, 2, 1, 8, 18, 6, 2, 1, 1, 16, 1, 6, 2, 1, 16, 7, 5, 2, 1, 1, 7, 11, 5, 12, 3, 1, 8, 1, 11, 32, 2, 1, 1, 6, 1, 4020, 13, 1, 10, 1, 1, 3, 2, 1


Continued fraction for log(17/2).
2, 7, 7, 5, 1, 9, 1, 1, 2, 11, 4, 1, 1, 3, 1, 1, 14, 1, 2, 3, 1, 4, 1, 8, 2, 1, 1, 2, 2, 1, 1, 1, 2, 6, 2, 51, 1, 1, 25, 1, 2, 18, 1, 1, 3, 3, 3, 1, 1, 2, 3, 1, 3, 8, 5, 1, 2, 6, 14, 1, 9, 3, 1, 1, 7, 2, 1, 2, 33, 1, 1, 2, 3, 2, 1, 4, 2, 1


Continued fraction for log(19/2).
2, 3, 1, 47, 1, 1, 1, 2, 1, 1, 4, 4, 3, 3, 3, 1, 3, 20, 2, 7, 1, 1, 1, 1, 2, 3, 3, 1, 60, 1, 15, 1, 2, 2, 4, 10, 1, 1, 1, 1, 4, 1, 29, 2, 3, 1, 1, 1, 16, 1, 3, 1, 3, 7, 1, 1, 6, 1, 2, 1, 7, 2, 2, 3, 1, 4, 1, 8, 1, 20, 1, 1, 1, 1, 6, 1, 2, 36


Continued fraction for log(21/2).
2, 2, 1, 5, 2, 30, 10, 2, 1, 1, 1, 1, 38, 1, 1, 1, 1, 6, 2, 2, 1, 26, 1, 1, 2, 2, 2, 1, 42, 2, 2, 1, 5, 2, 2, 7, 1, 1, 2, 5, 1, 1, 3, 1, 1, 1, 1, 1, 4, 1, 2, 2, 1, 1, 5, 2, 3, 1, 1, 1, 2, 9, 1, 1, 2, 1, 3, 2, 1, 1, 7, 2, 3, 2, 2, 2, 1, 21, 1


Continued fraction for log(23/2).
2, 2, 3, 1, 5, 9, 4, 2, 2, 4, 1, 1, 1, 9, 1, 1, 16, 2, 6, 1, 2, 2, 1, 5, 2, 4, 1, 2, 1, 3, 3, 7, 2, 1, 4, 4, 1, 1, 4, 2, 1, 4, 1, 3, 427, 5, 5, 15, 1, 1, 1, 1, 1, 1, 2, 1, 2, 1, 4, 1, 1, 1, 1, 8, 2, 1, 2, 7, 13, 15, 2, 1, 8, 4, 1, 38, 1, 9, 1


Continued fraction for log(25/2).
2, 1, 1, 9, 4, 1, 1, 1, 1, 2, 1, 1, 3, 8, 1, 31, 3, 1, 12, 1, 1, 5, 1, 4, 1, 7, 1, 4, 1, 1, 24, 111, 1, 2, 1, 1, 12, 6, 1, 4, 5, 1, 2, 3, 11, 1, 3, 1, 1, 45, 1, 1, 1, 1, 1, 2, 83, 1, 2, 2, 1, 1, 6, 1, 5, 9, 1, 4, 12, 1, 1, 4, 2, 2, 1, 2


Continued fraction for log(27/2).
2, 1, 1, 1, 1, 14, 3, 1, 2, 7, 6, 1, 1, 1, 1, 1, 4, 1, 1, 1, 13, 1, 1, 1, 1, 1, 202, 1, 1, 1, 8, 1, 1, 4, 1, 1, 1, 3, 4, 1, 6, 1, 18, 17, 1, 1, 1, 2, 10, 30, 1, 1, 1, 1, 1, 3, 15, 5, 5, 5, 4, 12, 1, 1, 1, 1, 1, 2, 2, 2, 1, 1, 6, 1, 12, 10


Continued fraction for log(29/2).
2, 1, 2, 14, 1, 1, 14, 13, 1, 86, 1, 19, 1, 5, 1, 1, 1, 5, 1, 2, 1, 1, 9, 1, 16, 1, 35, 7, 1, 2, 1, 1, 8, 1, 5, 4, 3, 2, 1, 1, 1, 7, 12, 12, 3, 1, 4, 2, 1, 1, 3, 2, 1, 4, 1, 3, 7, 1, 1, 1, 1, 4, 3, 1, 22, 1, 238, 2, 13, 1, 5, 1, 7, 6, 6, 2


Continued fraction for log(31/2).
2, 1, 2, 1, 6, 13, 1, 2, 67, 4, 1, 1, 2, 2, 1, 3, 4, 1, 11, 2, 1, 2, 2, 1, 3, 18, 4, 4, 1, 1, 1, 1, 4, 7, 1, 3, 2, 1, 1, 1, 3, 2, 1, 1, 3, 1, 3, 1, 1, 1, 2, 8, 30, 108, 1, 1, 1, 4, 2, 8, 903, 3, 1, 2, 2, 8, 1, 1, 1, 5, 3, 1, 1, 1, 3, 126, 1


Continued fraction for log(33/2).
2, 1, 4, 11, 1, 2, 2, 1, 2, 4, 2, 1, 16, 1, 1, 18, 1, 1, 5, 1, 8, 1, 6, 2, 1, 1, 20, 14, 4, 2, 3, 5, 29, 5, 4, 4, 1, 15, 2, 2, 5, 1, 4, 654, 12, 1, 1, 1, 2, 8, 1, 2, 4, 1, 2, 6, 2, 1, 1, 4, 14, 1, 3, 1, 4, 1, 84, 1, 5, 2, 3, 1, 8, 20, 3, 4


Continued fraction for log(35/2).
2, 1, 6, 3, 1, 8, 3, 1, 11, 3, 2, 3, 1, 1, 3, 6, 1, 950, 8, 1, 34, 1, 124, 2, 1, 2, 3, 1, 5, 1, 3, 1, 1, 5, 16, 7, 5, 2, 18, 1, 1, 11, 1, 1, 1, 4, 1, 2, 2, 4, 1, 1, 2, 12, 1, 1, 7, 1, 185, 2, 2, 38, 1, 8, 1, 710, 2, 1, 2, 1, 3, 2, 1, 2


Continued fraction for log(37/2).
2, 1, 11, 6, 4, 1, 5, 3, 3, 1, 1, 1, 3, 1, 1, 4, 2, 1, 5, 2, 2, 1, 12, 62, 2, 1, 1, 6, 5, 9, 1, 1, 1, 1, 1, 19, 1, 1, 1, 2, 1, 1, 1, 2, 8, 1, 73, 10, 1, 1, 1, 25, 1, 3, 10, 1, 1, 1, 1, 3, 2, 1, 9, 2, 3, 2, 4, 1, 11, 1, 1, 1, 3, 1, 6, 1, 1, 1


Continued fraction for log(39/2).
2, 1, 32, 1, 4, 132, 4, 2, 1, 3, 8, 4, 9, 20, 1, 1, 1, 2, 1, 4, 4, 1, 6, 2, 1, 7, 1, 24, 3, 1, 1, 11, 2, 8, 2, 1, 23, 1, 1, 2, 1, 17, 1, 6, 34, 2, 3, 1, 39, 2, 4, 1, 10, 9, 1, 5, 1, 33, 2, 4, 1, 4, 2, 2, 1, 14, 1, 2, 2, 1, 1, 5, 1, 1, 5


Continued fraction for log(41/2).
3, 48, 1, 23, 1, 12, 1, 1, 19, 6, 1, 4, 15, 1440, 1, 1, 2, 1, 2, 1, 1, 1, 1, 2, 1, 5, 1, 2, 4, 1, 4, 1, 1, 4, 1, 1, 1, 26, 2, 1, 11, 4, 4, 1, 2, 1, 3, 3, 55, 26, 1, 22, 2, 1, 10, 1, 20, 5, 2, 336, 2, 1, 1, 3, 2, 1, 2, 2, 9, 1, 1, 1, 2


Continued fraction for log(43/2).
3, 14, 1, 2, 3, 1, 2, 703, 1, 1, 59, 1, 1, 1, 1, 3, 12, 30, 1, 3, 1, 1, 4, 2, 8, 1, 2, 8, 2, 1, 9, 7, 12, 4, 3, 1, 31, 24, 1, 9, 3, 8, 1, 1, 1, 47, 1, 15, 1, 7, 2, 1, 1, 15, 2, 3, 9, 2, 2, 54, 33, 1, 1, 2, 1, 3, 1, 2, 4, 1, 3, 1, 5, 3, 3


Continued fraction for log(45/2).
3, 8, 1, 4, 4, 16, 29, 1, 5, 2, 1, 54, 1, 18, 1, 1, 3, 16, 3, 1, 1, 1, 1, 24, 1, 2, 1, 2, 2, 1, 2, 1, 1, 1, 5, 8, 1, 2, 3, 7, 3, 1, 1, 12, 1, 2, 5, 1, 1, 3, 1, 4, 23, 186, 110, 20, 1, 7, 2, 121, 1, 5, 1, 1, 8, 1, 1, 1, 1, 1, 1, 5, 5, 1


Continued fraction for log(47/2).
3, 6, 2, 1, 2, 2, 2, 2, 1, 1, 1, 2, 141, 2, 6, 19, 3, 4, 2, 3, 1, 4, 16, 1, 4, 3, 2, 6, 2, 1, 2, 12, 1, 1, 9, 18, 2, 1, 1, 12, 2, 1, 1, 2, 1, 13, 1, 3, 1, 6, 1, 3, 6, 1, 39, 2, 4, 2, 10, 2, 13, 2, 3, 2, 1, 2, 1, 4, 4, 3, 2, 3, 2, 1, 1, 4


Continued fraction for log(49/2).
3, 5, 29, 1, 17, 2, 7, 5, 1, 8, 9, 20, 1, 2, 1, 1, 1, 2, 4, 1, 4, 1, 4, 3, 1, 1, 1, 3, 1, 1, 1, 1, 5, 1, 22, 2, 2, 31, 2, 41, 1, 1, 1, 1, 2, 1, 7, 6, 3, 2, 3, 2, 1, 3, 1, 8, 1, 4, 1, 1, 1, 4, 20, 1, 1, 2, 1, 4, 1, 3, 4, 5, 1, 2, 1, 157, 1, 22


Continued fraction for log(51/2).
3, 4, 5, 3, 1, 2, 3, 3, 1, 5, 2, 16, 1, 90, 4, 1, 1, 2, 4, 18, 4, 2, 3, 3, 2, 1, 3, 1, 4, 1, 1, 2, 22, 138, 4, 14, 1, 1, 1, 6, 2, 1, 1, 8, 7, 1, 2, 1, 22, 2, 16, 3, 1, 1, 73, 1, 1, 1, 1, 1, 2, 9, 8, 2, 19, 3, 2, 1, 2, 1, 1, 63, 2, 2, 4, 1, 7


Continued fraction for log(53/2).
3, 3, 1, 1, 1, 1, 4, 3, 1, 3, 1, 1, 2, 3, 4, 1, 4, 3, 1, 1, 4, 2, 1, 5, 6, 3, 4, 1, 7, 1, 1, 6, 2, 2, 19, 1, 4, 2, 13, 1, 3, 1, 51, 8, 1, 7, 3, 1, 64, 1, 1, 1, 1, 2, 1, 1, 2, 1, 10, 1, 1, 4, 1, 1, 1, 3, 15, 2, 1, 24, 38, 4, 1, 3, 4, 1, 186


Continued fraction for log(55/2).
3, 3, 5, 2, 7, 1, 2, 1, 2, 2, 1, 3, 1, 2, 10, 1, 23, 1, 1, 1, 1, 3, 1, 1, 1, 1, 4, 5, 2, 8, 2, 4, 1, 37, 2, 2, 2, 1, 2, 74, 1, 11, 2, 1, 3, 1, 6, 3, 1, 6, 136, 1, 3, 9, 1, 2, 6, 6, 12, 1, 1, 2, 1, 1, 1, 29, 1, 4, 3, 5, 2, 1, 6, 6, 1, 11, 7


Continued fraction for log(57/2).
3, 2, 1, 6, 25, 1, 10, 1, 4, 2, 2, 3, 1, 1, 2, 2, 1, 40, 1, 2, 3, 1, 1, 2, 1, 1, 1, 4, 1, 2, 1, 1, 1, 1, 2, 2, 1, 1, 1, 5, 1, 1, 4, 1, 73, 1, 6, 1, 6, 2, 1, 11, 1, 13, 74, 1, 1, 14, 1, 5, 67, 1, 52, 1, 2, 1, 2, 3, 2, 3, 1, 2, 1, 1, 1, 11


Continued fraction for log(59/2).
3, 2, 1, 1, 1, 1, 25, 1, 2, 48, 1, 1, 1, 1, 1, 1, 18, 1, 60, 1, 2, 44, 1, 1, 8, 1, 1, 2, 2, 2, 1, 1, 1, 13, 157, 2, 6, 1, 1, 1, 8, 10, 4, 53, 1, 1, 1, 3, 2, 1, 2, 10, 6, 2, 1, 2, 1, 1, 1, 15, 1, 2, 2, 13, 2, 8, 2, 2, 1, 1, 2, 10, 1, 5, 1


Continued fraction for log(61/2).
3, 2, 2, 1, 1, 5, 1, 30, 5, 1, 1, 1, 41, 1, 3, 1, 6, 8, 2, 1, 4, 2, 5, 3, 3, 376, 4, 2, 21, 4, 1, 1, 13, 13, 1, 1, 1, 15, 1, 1, 11, 2, 2, 3, 1, 5, 3, 1, 1, 4, 1, 1, 1, 3, 14, 1, 1, 1, 1, 3, 1, 4, 1, 1, 1, 2, 1, 5, 1, 1, 1, 1, 18, 1, 1, 1, 1


Continued fraction for log(63/2).
3, 2, 4, 2, 200, 3, 2, 70, 51, 4, 2, 2, 7, 2, 12, 2, 1, 1, 1, 1, 1, 1, 1, 23, 80, 2, 2, 1, 7, 1, 2, 47, 1, 1, 1, 12, 1, 9, 2, 4, 1, 8, 1, 1, 1, 6, 1, 2, 2, 2, 4, 1, 11, 3, 7, 3, 1, 2, 1, 7, 1, 2, 1, 1, 2, 5, 1, 74, 1, 41, 22, 2, 21, 1, 1


Continued fraction for log(65/2).
3, 2, 12, 1, 4, 1, 3, 9, 13, 1, 1, 1, 1, 3, 1, 1, 1, 2, 2, 4, 52, 1, 1, 2, 1, 1, 2, 45, 1, 38, 60, 1, 1, 3, 100, 6, 28, 1, 3, 4, 2, 1, 91, 1, 165, 1, 5, 1, 3, 1, 1, 1, 18, 2, 1, 22, 1, 5, 5, 3, 2, 1, 1, 1, 3, 2, 4, 1, 3, 2, 1, 39, 2, 1, 1


Continued fraction for log(67/2).
3, 1, 1, 21, 6, 1, 1, 21, 9, 2, 1, 1, 6, 1, 3, 102, 1, 1, 13, 1, 2, 1, 6, 1, 13, 5, 55, 1, 1, 1, 20, 1, 3, 1, 2, 8, 1, 2, 1, 1, 1, 6, 11, 2, 14, 1, 2, 1, 2, 1, 2, 4, 4, 3, 1, 4, 2, 23, 1, 1, 11, 10, 3, 2, 2, 9, 17, 5, 2, 1, 7, 3, 16, 1, 2


Continued fraction for log(69/2).
3, 1, 1, 5, 1, 1, 1, 1, 10, 2, 5, 1, 7, 1, 32, 18, 2, 9, 1, 1, 1, 29, 1, 1, 2, 50, 1, 29, 1, 1, 10, 1, 1, 3, 1, 1, 1, 2, 1, 1, 1, 3, 2, 3, 1, 2, 3, 1, 1, 6, 2, 4, 1, 4, 1, 10, 1, 40, 4, 2, 3, 1, 1, 12, 2, 28, 17, 1, 2, 18, 7, 1, 1, 2, 9


Continued fraction for log(71/2).
3, 1, 1, 3, 10, 2, 11, 3, 2, 4, 1, 4, 4, 2, 32, 1, 3, 1, 50, 3, 4, 1, 1, 3, 1, 1, 1, 3, 1, 3, 2, 3, 3, 17, 1, 4, 5, 3, 5, 1, 6, 3, 1, 5, 1, 10, 2, 1, 4, 3, 1, 3, 3, 1, 3, 2, 1, 2, 9, 26, 1, 1, 20, 1, 1, 5, 1, 1, 4, 1, 2, 5, 1, 3, 5, 1, 1


Continued fraction for log(73/2).
3, 1, 1, 2, 14, 2, 13, 1, 2, 2, 1, 14, 1, 106, 2, 1, 3, 5, 1, 51, 1, 1, 2, 4, 1, 13, 1, 6, 1, 1, 18, 1, 2, 1, 1, 3, 33, 3, 1, 3, 1, 3, 5, 8, 1, 126, 1, 9, 1, 1, 16, 4, 1, 2, 1, 4, 7, 1, 1, 17, 1, 1, 3, 1, 2, 6, 1, 3, 1, 2, 1, 1, 2, 1, 3


Continued fraction for log(75/2).
3, 1, 1, 1, 1, 1, 23, 12, 11, 1, 15, 2, 15, 1, 1, 1, 1, 12, 1, 1, 1, 6, 2, 1, 2, 3, 1, 18, 1, 1, 3, 65, 26, 3, 3, 3, 1, 3, 101, 1, 1, 9, 1, 2, 3, 5, 1, 12, 2, 16, 1, 10, 1, 24, 5, 1, 1, 2, 3, 2, 6, 2, 10, 18, 1, 1, 2, 1, 25, 4, 1, 2


Continued fraction for log(77/2).
3, 1, 1, 1, 6, 3, 1, 1, 1, 5, 3, 1, 1, 96, 1, 1, 2, 2, 3, 2, 3, 2, 32, 1, 1, 1, 10, 7, 2, 8, 2, 5, 11, 1, 1, 2, 3, 1, 3, 1, 6, 5, 11, 2, 6, 3, 3, 1, 1, 3, 1, 2, 1, 1, 2, 2, 8, 3, 1, 2, 1, 1, 1, 5, 6, 1, 4, 3, 187, 1, 3, 1, 6, 1, 1, 1, 6, 3


Continued fraction for log(79/2).
3, 1, 2, 11, 5, 355, 1, 2, 1, 4, 2, 1, 1, 1, 2, 1, 2, 1, 1, 2, 8, 1, 2, 3, 2, 1, 3, 5, 4, 1, 11, 2, 3, 3, 1, 4, 2, 2, 1, 1, 15, 28, 5, 1, 2, 8, 2, 1, 6, 2, 6, 1, 13, 1, 1, 5, 8, 1, 2, 1, 5, 18, 1, 58, 2, 62, 1, 16, 5, 1, 1, 1, 1, 2, 5, 1, 12


Continued fraction for log(81/2).
3, 1, 2, 2, 1, 6, 1, 50, 1, 1, 1, 45, 1, 3, 4, 1, 1, 5, 27, 1, 10, 1, 1, 1, 1, 18, 1, 27, 7, 1, 1, 1, 3, 1, 49, 2, 9, 1, 20, 1, 5, 2, 1, 1, 2, 7, 3, 1, 36, 1, 2, 6, 1, 3, 26, 1, 54, 18, 1, 9, 4, 3, 1, 1, 16, 1, 1, 4, 1, 5, 4, 2, 2, 2, 3


Continued fraction for log(83/2).
3, 1, 2, 1, 1, 1, 4, 1, 1, 2, 11, 2, 5, 1, 3, 30, 1, 4, 1, 13, 2, 2, 2, 1, 1, 3, 4, 14, 13, 2, 1, 1, 1, 1, 1, 10, 1, 2, 1, 23, 1, 2, 2, 17, 1, 1, 3, 52, 1, 32, 1, 1, 1, 3, 2, 1, 2, 1, 1, 1, 8, 6, 1, 2, 1, 6, 1, 15, 2, 2, 1, 6, 3, 7, 35, 1


Continued fraction for log(85/2).
3, 1, 2, 1, 125, 3, 1, 1, 1, 1, 6, 1, 2, 1, 2, 1, 2, 1, 5, 20, 1, 1, 1, 2, 3, 6, 2, 1, 8, 19, 1, 62, 1, 1, 6, 2, 3, 6, 2, 6, 1, 1, 1, 1, 1, 5, 6, 7, 8, 3, 2, 8, 8, 1, 6, 3, 4, 1, 11, 1, 1, 1, 1, 3, 7, 4, 1, 2, 1, 4, 1, 2, 7, 1, 14, 22, 76


Continued fraction for log(87/2).
3, 1, 3, 2, 2, 60, 1, 26, 15, 1, 1, 4, 1, 1, 2, 2, 3, 1, 1, 1, 5, 1, 8, 2, 1, 1, 1, 4, 3, 21, 2, 1, 6, 1, 3, 1, 7, 6, 29, 1, 1, 14, 2, 19, 2, 3, 2, 2, 3, 2, 3, 1, 1, 1, 1, 4, 3, 1, 7, 1, 2, 4, 17, 5, 1, 3, 14, 2, 97, 1, 8, 3, 1, 9, 1, 5, 12


Continued fraction for log(89/2).
3, 1, 3, 1, 8, 14, 1, 3, 1, 9, 2, 9, 22, 59, 11, 1, 2, 3, 2, 5, 3, 3, 4, 1, 7, 1, 65, 1, 6, 1, 3, 1, 7, 1, 2, 2, 1, 30, 1, 1, 1, 1, 1, 50, 1, 1, 1, 1, 4, 13, 13, 4, 1, 23, 1, 2, 2, 8, 1, 2, 2, 3, 2, 2, 3, 1, 1, 1, 8, 1, 4, 1, 1, 3, 1, 9


Continued fraction for log(91/2).
3, 1, 4, 2, 17, 6, 1, 2, 1, 4, 34, 1, 1, 1, 2, 5, 1, 4, 2, 1, 1, 2, 30, 2, 7, 4, 5, 2, 1, 2, 1, 2, 3, 1, 1, 1, 9, 6, 2, 5, 1, 7, 2, 1, 1, 1, 2, 1, 1, 4, 1, 3, 1, 13, 1, 5, 1, 7, 3, 1, 1, 1, 2, 37, 3, 1, 20, 1, 11, 1, 7, 1, 2, 1, 1, 18, 4, 1


Continued fraction for log(93/2).
3, 1, 5, 4, 2, 1, 2, 7, 4, 1, 1, 12, 22, 1, 2, 2, 6, 16, 10, 1, 2, 129, 1, 1, 7, 1, 96, 1, 2, 3, 8, 1, 2, 1, 5, 5, 4, 1, 7, 2, 1, 1, 406, 1, 18, 1, 1, 2, 1, 17, 1, 2, 3, 15, 1, 1, 1, 1, 3, 6, 1, 1, 20, 1, 1, 1, 1, 5, 1, 11, 1, 1, 1, 1


Continued fraction for log(95/2).
3, 1, 6, 5, 1, 1, 4, 1, 5, 11, 1, 1, 3, 1, 2, 1, 2, 1, 1, 1, 19, 2, 1, 1, 1, 3, 2, 8, 5, 1, 1, 1, 1, 4, 6, 1, 1, 2, 191, 4, 1, 14, 1, 1, 1, 1, 17, 2, 4, 9, 1, 2, 2, 3, 1, 31, 2, 2, 1, 3, 3, 1, 21, 101, 2, 1, 1, 1, 3, 2, 2, 7, 6, 2, 6, 14


Continued fraction for log(97/2).
3, 1, 7, 2, 3, 1, 10, 1, 1, 1, 6, 1, 5, 32, 2, 1, 1, 10, 1, 3, 1, 1, 2, 3, 1, 32, 1, 1, 3, 18, 1, 3, 2, 1, 8, 1, 3, 1, 60, 1, 1, 1, 2, 6, 2, 1, 4, 1, 159, 1, 3, 1, 1, 1, 1, 1, 1, 8, 1, 52, 1, 1, 2, 29, 1, 2, 22, 5, 11, 3, 3, 2, 1, 1, 4, 2


Continued fraction for log(99/2).
3, 1, 9, 4, 1, 31, 1, 1, 5, 7, 4, 2, 6, 2, 1, 5, 14, 2, 4, 1, 1, 3, 1, 22, 2, 3, 2, 2, 2, 1, 12, 2, 1, 1, 1, 1, 1, 2, 6, 2, 2, 4, 1, 7, 2, 1, 9, 27, 2, 1, 14, 6, 1, 4, 6, 2, 48, 2, 7, 17, 10, 1, 1, 4, 2, 2, 2, 2, 5, 7, 1, 19, 1, 1, 1, 2, 9


Decimal expansion of log(3/2).
4, 0, 5, 4, 6, 5, 1, 0, 8, 1, 0, 8, 1, 6, 4, 3, 8, 1, 9, 7, 8, 0, 1, 3, 1, 1, 5, 4, 6, 4, 3, 4, 9, 1, 3, 6, 5, 7, 1, 9, 9, 0, 4, 2, 3, 4, 6, 2, 4, 9, 4, 1, 9, 7, 6, 1, 4, 0, 1, 4, 3, 2, 4, 1, 4, 4, 1, 0, 0, 6, 7, 1, 2, 4, 8, 9, 1, 4, 2, 5, 1, 2, 6, 7, 7, 5, 2, 4, 2, 7, 8, 1, 7, 3, 1, 3, 4, 0


Decimal expansion of log(5/2).
9, 1, 6, 2, 9, 0, 7, 3, 1, 8, 7, 4, 1, 5, 5, 0, 6, 5, 1, 8, 3, 5, 2, 7, 2, 1, 1, 7, 6, 8, 0, 1, 1, 0, 7, 1, 4, 5, 0, 1, 0, 1, 2, 1, 9, 9, 0, 8, 2, 6, 2, 4, 6, 7, 7, 9, 1, 9, 6, 7, 8, 8, 1, 9, 8, 0, 7, 8, 5, 3, 6, 5, 7, 3, 7, 9, 6, 3, 0, 4, 9, 0, 2, 4, 2, 7, 0, 5, 5, 1, 0, 9, 6, 7, 6, 0, 9, 2


Decimal expansion of log(7/2).
1, 2, 5, 2, 7, 6, 2, 9, 6, 8, 4, 9, 5, 3, 6, 7, 9, 9, 5, 6, 8, 8, 1, 2, 0, 6, 2, 1, 9, 8, 5, 0, 0, 3, 1, 6, 1, 5, 6, 1, 5, 8, 4, 5, 9, 5, 2, 2, 1, 6, 0, 5, 9, 3, 4, 3, 3, 8, 7, 1, 0, 1, 4, 0, 4, 4, 4, 1, 8, 6, 2, 4, 0, 7, 8, 2, 3, 7, 4, 5, 5, 2, 1, 8, 1, 7, 9, 5, 1, 7, 1, 5, 9, 1, 4, 5, 2, 8, 3


Decimal expansion of log(9/2).
1, 5, 0, 4, 0, 7, 7, 3, 9, 6, 7, 7, 6, 2, 7, 4, 0, 7, 3, 3, 7, 3, 2, 5, 8, 3, 5, 2, 3, 8, 6, 8, 7, 4, 8, 4, 1, 2, 1, 9, 4, 8, 0, 9, 8, 1, 2, 8, 5, 2, 4, 3, 6, 4, 9, 3, 4, 8, 7, 0, 8, 6, 5, 7, 7, 8, 1, 5, 9, 4, 9, 6, 4, 4, 6, 7, 5, 2, 3, 2, 1, 8, 1, 4, 1, 3, 6, 8, 1, 8, 2, 6, 3, 1, 0, 4, 5, 4, 9


Decimal expansion of log(11/2).
1, 7, 0, 4, 7, 4, 8, 0, 9, 2, 2, 3, 8, 4, 2, 5, 2, 3, 4, 6, 4, 4, 7, 1, 1, 4, 5, 6, 5, 0, 6, 9, 5, 2, 7, 3, 1, 7, 4, 6, 2, 0, 6, 7, 1, 9, 5, 7, 7, 1, 6, 1, 9, 2, 1, 0, 9, 7, 8, 8, 7, 6, 9, 9, 6, 3, 7, 1, 8, 0, 0, 0, 1, 9, 4, 3, 5, 4, 1, 9, 9, 7, 4, 6, 9, 1, 9, 1, 3, 8, 1, 0, 0, 6, 2, 1, 6, 1, 0


Decimal expansion of log(13/2).
1, 8, 7, 1, 8, 0, 2, 1, 7, 6, 9, 0, 1, 5, 9, 1, 4, 2, 6, 6, 3, 6, 2, 5, 5, 3, 2, 0, 1, 0, 7, 1, 4, 2, 0, 3, 6, 7, 2, 9, 7, 6, 7, 8, 1, 0, 3, 9, 9, 9, 5, 1, 8, 6, 2, 2, 9, 8, 3, 6, 5, 5, 0, 1, 1, 7, 0, 0, 7, 1, 0, 4, 5, 3, 5, 4, 7, 1, 5, 4, 6, 3, 7, 9, 3, 7, 1, 1, 3, 3, 6, 4, 4, 4, 0, 7, 0, 8, 0


Decimal expansion of log(15/2).
2, 0, 1, 4, 9, 0, 3, 0, 2, 0, 5, 4, 2, 2, 6, 4, 7, 5, 6, 5, 7, 8, 7, 7, 2, 4, 4, 8, 6, 9, 0, 5, 3, 6, 7, 7, 6, 0, 9, 7, 5, 9, 1, 7, 7, 7, 7, 3, 1, 0, 1, 1, 9, 1, 9, 5, 2, 6, 6, 6, 2, 2, 1, 5, 6, 1, 8, 2, 7, 9, 6, 5, 8, 9, 5, 6, 5, 7, 2, 0, 1, 5, 8, 9, 7, 8, 8, 6, 3, 0, 5, 9, 1, 0, 4, 9, 3, 0, 1


Decimal expansion of log(17/2).
2, 1, 4, 0, 0, 6, 6, 1, 6, 3, 4, 9, 6, 2, 7, 0, 7, 7, 0, 8, 3, 2, 3, 0, 2, 4, 9, 6, 4, 1, 4, 9, 4, 9, 9, 6, 7, 5, 1, 2, 7, 0, 2, 8, 7, 8, 2, 2, 5, 4, 8, 9, 5, 3, 3, 1, 7, 6, 5, 5, 7, 7, 2, 8, 3, 8, 8, 8, 9, 8, 9, 5, 3, 8, 3, 1, 2, 3, 6, 5, 6, 5, 3, 0, 6, 2, 3, 1, 5, 4, 1, 0, 4, 1, 0, 8, 4, 2, 5, 9, 9, 7, 6, 3, 4


Decimal expansion of log(19/2).
2, 2, 5, 1, 2, 9, 1, 7, 9, 8, 6, 0, 6, 4, 9, 5, 1, 5, 0, 5, 9, 1, 7, 9, 5, 3, 1, 0, 4, 2, 9, 6, 7, 6, 9, 6, 9, 1, 6, 1, 8, 7, 9, 1, 2, 6, 9, 3, 8, 8, 7, 3, 5, 6, 4, 4, 1, 7, 2, 8, 0, 2, 2, 6, 9, 1, 5, 8, 9, 9, 0, 8, 0, 0, 9, 4, 5, 0, 2, 5, 7, 3, 1, 0, 8, 2, 9, 5, 0, 5, 6, 8, 1, 9, 3, 2, 1, 2, 0


Decimal expansion of log(21/2).
2, 3, 5, 1, 3, 7, 5, 2, 5, 7, 1, 6, 3, 4, 7, 7, 6, 8, 7, 0, 8, 3, 3, 6, 5, 8, 5, 8, 9, 0, 7, 5, 2, 8, 8, 6, 6, 2, 0, 9, 0, 7, 5, 1, 5, 3, 0, 4, 4, 3, 5, 5, 3, 8, 6, 0, 7, 3, 4, 0, 4, 4, 7, 4, 0, 8, 1, 6, 8, 0, 5, 3, 4, 0, 0, 0, 9, 8, 3, 5, 1, 9, 0, 5, 5, 4, 1, 0, 9, 2, 6, 4, 0, 5, 1, 8, 4, 9, 2


Decimal expansion of log(23/2).
2, 4, 4, 2, 3, 4, 7, 0, 3, 5, 3, 6, 9, 2, 0, 4, 3, 8, 1, 3, 8, 9, 5, 2, 0, 7, 1, 0, 3, 5, 2, 0, 1, 9, 5, 5, 0, 3, 6, 6, 8, 8, 0, 1, 8, 0, 4, 8, 0, 1, 8, 0, 4, 8, 7, 8, 7, 7, 9, 5, 5, 3, 6, 7, 9, 8, 9, 5, 9, 9, 6, 2, 4, 0, 1, 5, 1, 0, 3, 5, 8, 2, 5, 9, 2, 5, 3, 7, 7, 6, 5, 1, 5, 6, 5, 7, 6, 1, 2


Decimal expansion of log(25/2).
2, 5, 2, 5, 7, 2, 8, 6, 4, 4, 3, 0, 8, 2, 5, 5, 4, 3, 9, 7, 8, 4, 2, 8, 6, 5, 4, 4, 9, 9, 4, 1, 9, 8, 7, 1, 0, 9, 7, 5, 7, 0, 2, 5, 7, 4, 1, 7, 6, 7, 8, 0, 1, 8, 9, 7, 0, 4, 6, 1, 5, 7, 7, 3, 4, 5, 4, 9, 6, 4, 3, 5, 3, 4, 4, 5, 6, 2, 0, 8, 1, 3, 6, 5, 4, 4, 0, 4, 4, 2, 9, 1, 8, 9, 9, 4, 0, 5, 3


Decimal expansion of log(27/2).
2, 6, 0, 2, 6, 8, 9, 6, 8, 5, 4, 4, 4, 3, 8, 3, 7, 6, 4, 7, 6, 8, 5, 0, 3, 5, 8, 9, 3, 0, 9, 4, 0, 0, 5, 4, 5, 8, 6, 6, 9, 7, 1, 5, 3, 9, 1, 0, 7, 9, 9, 3, 1, 0, 1, 0, 8, 3, 4, 0, 2, 9, 9, 1, 4, 1, 9, 0, 8, 9, 2, 5, 7, 6, 8, 6, 1, 3, 2, 1, 8, 5, 0, 1, 4, 9, 8, 3, 9, 3, 7, 4, 4, 4, 7, 7, 7, 5, 7


Decimal expansion of log(29/2).
2, 6, 7, 4, 1, 4, 8, 6, 4, 9, 4, 2, 6, 5, 2, 8, 7, 1, 7, 7, 6, 6, 0, 3, 9, 9, 1, 0, 9, 0, 3, 7, 3, 5, 0, 3, 7, 4, 1, 9, 0, 1, 2, 7, 7, 9, 5, 6, 2, 4, 8, 8, 8, 2, 4, 8, 0, 0, 9, 9, 0, 3, 4, 2, 1, 4, 9, 3, 8, 7, 1, 5, 9, 1, 6, 8, 1, 5, 7, 6, 1, 7, 6, 8, 7, 5, 0, 3, 7, 8, 7, 8, 2, 1, 4, 3, 7, 7, 3


Decimal expansion of log(31/2).
2, 7, 4, 0, 8, 4, 0, 0, 2, 3, 9, 2, 5, 2, 0, 0, 9, 3, 6, 5, 1, 1, 9, 3, 2, 2, 0, 3, 0, 8, 4, 1, 8, 0, 6, 4, 2, 3, 7, 4, 4, 3, 8, 7, 9, 6, 1, 2, 0, 3, 3, 6, 7, 1, 7, 6, 3, 6, 0, 3, 8, 0, 6, 2, 9, 8, 1, 5, 8, 7, 7, 9, 4, 6, 2, 7, 8, 5, 6, 5, 1, 6, 6, 0, 8, 0, 0, 1, 5, 0, 4, 3, 3, 9, 6, 6, 7, 9, 4


Decimal expansion of log(33/2).
2, 8, 0, 3, 3, 6, 0, 3, 8, 0, 9, 0, 6, 5, 3, 4, 9, 2, 6, 0, 3, 9, 9, 5, 6, 6, 9, 3, 4, 2, 9, 4, 7, 8, 4, 3, 6, 3, 9, 3, 6, 9, 7, 2, 7, 7, 3, 9, 9, 9, 1, 1, 3, 7, 2, 8, 3, 2, 5, 8, 2, 0, 3, 3, 2, 7, 4, 6, 7, 4, 2, 9, 5, 1, 6, 2, 1, 5, 0, 9, 6, 4, 3, 4, 2, 8, 0, 7, 1, 3, 5, 8, 1, 9, 9, 4, 8, 1, 9


Decimal expansion of log(35/2).
2, 8, 6, 2, 2, 0, 0, 8, 8, 0, 9, 2, 9, 4, 6, 8, 3, 7, 0, 2, 8, 8, 8, 7, 9, 9, 5, 5, 2, 1, 1, 1, 9, 0, 8, 0, 1, 0, 8, 7, 1, 8, 5, 9, 4, 9, 4, 9, 0, 1, 2, 3, 6, 5, 6, 2, 5, 1, 3, 5, 8, 0, 3, 1, 9, 1, 8, 3, 6, 5, 2, 2, 8, 4, 9, 0, 0, 3, 2, 3, 1, 6, 8, 1, 1, 9, 2, 9, 0, 4, 9, 6, 8, 4, 6, 3, 2, 4, 5


Decimal expansion of log(37/2).
2, 9, 1, 7, 7, 7, 0, 7, 3, 2, 0, 8, 4, 2, 7, 9, 1, 3, 4, 9, 5, 0, 8, 6, 3, 5, 4, 9, 5, 7, 3, 2, 7, 0, 5, 9, 5, 8, 2, 4, 5, 7, 7, 4, 5, 2, 8, 0, 7, 3, 8, 0, 9, 0, 9, 5, 2, 4, 2, 3, 2, 6, 7, 1, 6, 9, 9, 5, 9, 6, 1, 2, 5, 0, 2, 0, 6, 6, 6, 3, 4, 9, 7, 9, 3, 1, 5, 8, 2, 0, 6, 6, 7, 5, 7, 4, 9, 9, 7


Decimal expansion of log(39/2).
2, 9, 7, 0, 4, 1, 4, 4, 6, 5, 5, 6, 9, 7, 0, 1, 1, 1, 8, 0, 3, 1, 5, 0, 0, 5, 5, 7, 0, 2, 9, 6, 6, 7, 7, 4, 1, 3, 7, 7, 2, 5, 8, 3, 6, 8, 2, 2, 2, 7, 0, 1, 3, 1, 4, 0, 3, 3, 0, 5, 9, 8, 3, 4, 8, 0, 7, 5, 6, 5, 3, 3, 8, 5, 7, 3, 3, 2, 4, 4, 3, 0, 6, 6, 7, 3, 2, 7, 0, 9, 1, 2, 5, 7, 8, 0, 2, 8, 9


Decimal expansion of log(41/2).
3, 0, 2, 0, 4, 2, 4, 8, 8, 6, 1, 4, 4, 3, 6, 2, 4, 9, 4, 4, 4, 9, 5, 3, 1, 2, 5, 1, 5, 7, 9, 2, 3, 1, 0, 2, 0, 3, 0, 0, 9, 1, 0, 3, 3, 5, 0, 3, 9, 0, 4, 6, 3, 7, 9, 4, 9, 8, 5, 8, 2, 9, 0, 0, 7, 6, 6, 5, 8, 4, 9, 9, 4, 4, 3, 5, 9, 6, 2, 7, 9, 0, 3, 5, 6, 4, 5, 3, 8, 1, 4, 3, 7, 5, 5, 6, 8, 1, 2


Decimal expansion of log(43/2).
3, 0, 6, 8, 0, 5, 2, 9, 3, 5, 1, 3, 3, 6, 1, 7, 1, 1, 4, 0, 5, 5, 6, 1, 0, 3, 9, 1, 8, 8, 7, 6, 7, 0, 4, 6, 7, 4, 8, 3, 6, 3, 6, 0, 5, 0, 5, 2, 1, 3, 0, 0, 1, 6, 1, 0, 7, 1, 0, 0, 5, 2, 5, 5, 4, 2, 9, 4, 6, 5, 5, 5, 1, 9, 0, 3, 2, 9, 1, 7, 2, 2, 9, 3, 1, 7, 2, 8, 6, 7, 1, 0, 8, 7, 5, 7, 8, 5, 9


Decimal expansion of log(45/2).
3, 1, 1, 3, 5, 1, 5, 3, 0, 9, 2, 1, 0, 3, 7, 4, 4, 4, 7, 9, 7, 4, 0, 1, 7, 6, 8, 5, 6, 1, 3, 0, 6, 2, 4, 8, 0, 7, 4, 5, 0, 8, 2, 3, 3, 5, 5, 5, 3, 7, 6, 1, 3, 7, 1, 2, 6, 1, 3, 5, 6, 5, 4, 9, 2, 5, 5, 7, 7, 3, 9, 5, 2, 1, 7, 5, 1, 8, 0, 9, 8, 2, 7, 7, 1, 5, 0, 2, 0, 6, 0, 7, 2, 4, 2, 2, 5, 1, 0


Decimal expansion of log(47/2).
3, 1, 5, 7, 0, 0, 0, 4, 2, 1, 1, 5, 0, 1, 1, 3, 2, 7, 7, 4, 0, 3, 7, 1, 8, 5, 4, 8, 3, 1, 3, 9, 9, 7, 1, 4, 0, 8, 2, 0, 5, 5, 0, 3, 6, 7, 6, 5, 9, 9, 6, 8, 7, 7, 9, 0, 7, 9, 8, 2, 8, 3, 3, 7, 3, 1, 3, 4, 2, 4, 5, 9, 1, 5, 3, 6, 1, 0, 6, 3, 5, 7, 0, 0, 4, 8, 2, 6, 4, 2, 6, 4, 3, 8, 3, 2, 7, 2, 9


Decimal expansion of log(49/2).
3, 1, 9, 8, 6, 7, 3, 1, 1, 7, 5, 5, 0, 6, 8, 1, 3, 0, 0, 7, 9, 3, 4, 7, 3, 3, 6, 5, 4, 2, 8, 1, 8, 2, 8, 9, 1, 1, 9, 8, 6, 6, 9, 3, 2, 4, 8, 0, 3, 4, 6, 7, 1, 2, 2, 7, 9, 8, 1, 0, 0, 2, 9, 0, 3, 8, 1, 7, 6, 6, 1, 0, 3, 5, 3, 4, 4, 4, 3, 8, 1, 9, 9, 6, 9, 4, 5, 3, 6, 7, 0, 1, 7, 9, 3, 2, 4, 3, 6


Decimal expansion of log(51/2).
3, 2, 3, 8, 6, 7, 8, 4, 5, 2, 1, 6, 4, 3, 8, 0, 4, 6, 2, 2, 2, 7, 5, 4, 7, 7, 3, 3, 3, 3, 7, 4, 7, 5, 6, 7, 2, 1, 6, 0, 1, 9, 3, 4, 3, 6, 0, 4, 8, 2, 3, 8, 9, 8, 4, 9, 1, 1, 2, 5, 2, 0, 6, 2, 0, 2, 6, 3, 9, 3, 2, 4, 7, 0, 4, 9, 8, 4, 5, 5, 3, 2, 1, 7, 9, 8, 4, 7, 2, 9, 5, 8, 5, 4, 8, 1, 6, 3, 4


Decimal expansion of log(53/2).
3, 2, 7, 7, 1, 4, 4, 7, 3, 2, 9, 9, 2, 1, 7, 6, 5, 2, 4, 7, 2, 7, 2, 3, 7, 0, 1, 7, 5, 7, 0, 8, 8, 1, 2, 0, 2, 2, 8, 4, 4, 7, 7, 6, 1, 8, 5, 5, 0, 9, 6, 2, 3, 4, 8, 9, 2, 7, 4, 4, 9, 4, 6, 0, 5, 2, 4, 6, 1, 1, 0, 1, 1, 9, 7, 3, 7, 9, 5, 1, 4, 2, 9, 2, 8, 7, 9, 6, 6, 1, 7, 4, 8, 9, 5, 0, 2, 5, 4


Decimal expansion of log(55/2).
3, 3, 1, 4, 1, 8, 6, 0, 0, 4, 6, 7, 2, 5, 2, 5, 6, 0, 9, 2, 4, 5, 4, 7, 0, 7, 8, 9, 7, 3, 3, 1, 4, 0, 3, 7, 1, 2, 7, 1, 8, 0, 8, 0, 7, 3, 8, 4, 5, 6, 7, 9, 6, 4, 3, 0, 1, 0, 5, 3, 5, 5, 9, 1, 1, 1, 1, 3, 5, 8, 9, 8, 9, 6, 5, 1, 1, 9, 9, 7, 6, 2, 0, 9, 9, 3, 2, 5, 2, 5, 9, 0, 9, 9, 3, 9, 5, 7, 1


Decimal expansion of log(57/2).
3, 3, 4, 9, 9, 0, 4, 0, 8, 7, 2, 7, 4, 6, 0, 4, 8, 4, 1, 9, 8, 7, 0, 4, 0, 5, 4, 7, 3, 5, 2, 2, 0, 2, 6, 7, 3, 8, 0, 9, 3, 6, 9, 6, 8, 4, 7, 6, 1, 6, 2, 3, 0, 1, 6, 1, 5, 1, 9, 7, 4, 5, 6, 0, 5, 5, 3, 3, 9, 3, 3, 7, 3, 3, 1, 3, 1, 1, 1, 5, 3, 9, 9, 8, 1, 9, 1, 0, 8, 1, 1, 6, 3, 3, 0, 5, 3, 2, 9


Decimal expansion of log(59/2).
3, 3, 8, 4, 3, 9, 0, 2, 6, 3, 3, 4, 5, 7, 7, 4, 1, 4, 1, 1, 9, 8, 8, 1, 8, 2, 5, 2, 2, 6, 1, 5, 2, 1, 0, 5, 5, 9, 8, 7, 8, 4, 6, 6, 5, 4, 9, 7, 0, 1, 9, 9, 2, 7, 5, 3, 9, 1, 3, 5, 6, 6, 8, 7, 5, 6, 5, 8, 0, 6, 4, 9, 2, 2, 9, 5, 7, 3, 2, 7, 6, 1, 7, 5, 3, 4, 7, 6, 6, 3, 2, 8, 0, 6, 2, 1, 5, 0, 8


Decimal expansion of log(61/2).
3, 4, 1, 7, 7, 2, 6, 6, 8, 3, 6, 1, 3, 3, 6, 5, 9, 3, 9, 3, 3, 4, 1, 5, 6, 9, 8, 1, 9, 6, 7, 4, 3, 8, 1, 7, 8, 2, 4, 0, 1, 8, 1, 6, 0, 8, 7, 2, 1, 0, 0, 5, 8, 0, 8, 8, 1, 6, 7, 0, 3, 6, 3, 6, 9, 2, 6, 0, 4, 6, 1, 8, 4, 8, 7, 5, 2, 5, 4, 0, 1, 5, 5, 7, 9, 5, 6, 5, 8, 7, 9, 1, 0, 3, 6, 8, 5, 0, 8


Decimal expansion of log(63/2).
3, 4, 4, 9, 9, 8, 7, 5, 4, 5, 8, 3, 1, 5, 8, 7, 3, 7, 8, 4, 7, 8, 6, 1, 1, 0, 9, 5, 8, 3, 0, 0, 5, 4, 5, 7, 0, 8, 5, 6, 5, 6, 5, 7, 1, 0, 8, 6, 7, 1, 0, 4, 8, 3, 7, 8, 0, 8, 0, 9, 8, 8, 0, 7, 7, 1, 9, 1, 7, 4, 8, 2, 7, 2, 1, 9, 5, 9, 2, 4, 8, 5, 9, 2, 9, 0, 2, 6, 6, 8, 1, 2, 1, 8, 9, 1, 7, 0, 1


Decimal expansion of log(65/2).
3, 4, 8, 1, 2, 4, 0, 0, 8, 9, 3, 3, 5, 6, 9, 1, 8, 0, 1, 2, 3, 7, 0, 1, 4, 6, 5, 3, 3, 3, 3, 3, 2, 9, 6, 7, 6, 2, 5, 5, 3, 6, 9, 1, 6, 4, 6, 6, 8, 4, 6, 9, 5, 8, 4, 2, 1, 1, 0, 1, 3, 3, 9, 2, 6, 4, 4, 2, 5, 0, 0, 3, 3, 0, 6, 2, 3, 7, 3, 2, 2, 8, 4, 2, 3, 8, 4, 5, 2, 1, 4, 5, 3, 7, 2, 5, 0, 4, 1


Decimal expansion of log(67/2).
3, 5, 1, 1, 5, 4, 5, 4, 3, 8, 8, 3, 1, 0, 2, 0, 7, 5, 0, 2, 5, 2, 8, 3, 9, 8, 7, 4, 9, 0, 5, 5, 4, 6, 1, 8, 2, 4, 9, 1, 4, 3, 2, 7, 6, 8, 8, 6, 1, 6, 4, 0, 0, 8, 3, 0, 1, 7, 1, 0, 4, 1, 2, 1, 2, 8, 1, 8, 7, 4, 8, 8, 3, 5, 5, 8, 3, 9, 2, 1, 8, 1, 0, 3, 3, 0, 5, 0, 8, 6, 0, 8, 2, 4, 6, 0, 6, 7, 9


Decimal expansion of log(69/2).
3, 5, 4, 0, 9, 5, 9, 3, 2, 4, 0, 3, 7, 3, 1, 4, 0, 7, 2, 7, 8, 4, 7, 6, 5, 9, 4, 7, 2, 7, 4, 5, 4, 5, 2, 5, 5, 0, 1, 4, 3, 7, 0, 7, 3, 8, 3, 0, 2, 9, 2, 9, 9, 3, 9, 6, 1, 2, 6, 4, 9, 7, 0, 1, 6, 2, 7, 0, 9, 3, 9, 1, 7, 2, 3, 3, 7, 1, 2, 5, 4, 9, 4, 6, 6, 1, 5, 3, 5, 1, 9, 9, 7, 0, 3, 0, 8, 2, 1


Decimal expansion of log(71/2).
3, 5, 6, 9, 5, 3, 2, 6, 9, 6, 4, 8, 1, 3, 7, 0, 1, 1, 1, 9, 1, 2, 2, 2, 2, 4, 1, 1, 0, 5, 4, 8, 5, 7, 5, 2, 8, 6, 8, 4, 0, 7, 6, 3, 9, 2, 3, 5, 0, 3, 1, 0, 8, 5, 4, 0, 0, 0, 7, 4, 5, 7, 9, 2, 5, 3, 3, 9, 5, 7, 8, 8, 4, 8, 5, 4, 5, 3, 5, 6, 5, 0, 3, 6, 0, 3, 7, 9, 9, 9, 7, 2, 7, 6, 2, 1, 6, 4, 4


Decimal expansion of log(73/2).
3, 5, 9, 7, 3, 1, 2, 2, 6, 0, 5, 8, 8, 4, 4, 5, 8, 1, 9, 6, 7, 4, 8, 7, 6, 7, 3, 5, 9, 8, 0, 3, 6, 6, 0, 0, 2, 8, 2, 9, 2, 5, 2, 7, 1, 0, 5, 1, 1, 3, 4, 2, 4, 1, 0, 4, 7, 5, 0, 1, 8, 8, 4, 7, 6, 6, 8, 3, 9, 6, 3, 5, 3, 9, 5, 0, 9, 0, 2, 5, 7, 7, 6, 7, 0, 4, 6, 5, 9, 9, 5, 8, 3, 8, 4, 4, 0, 2, 0


Decimal expansion of log(75/2).
3, 6, 2, 4, 3, 4, 0, 9, 3, 2, 9, 7, 6, 3, 6, 5, 1, 3, 1, 1, 7, 9, 5, 3, 1, 7, 8, 1, 9, 1, 6, 7, 2, 4, 4, 1, 5, 6, 2, 3, 1, 9, 3, 1, 3, 1, 9, 9, 9, 5, 2, 9, 6, 4, 1, 4, 3, 9, 3, 1, 0, 1, 0, 7, 0, 9, 2, 4, 5, 8, 6, 4, 6, 6, 6, 4, 2, 2, 9, 7, 8, 0, 5, 2, 8, 0, 2, 0, 1, 8, 4, 0, 0, 3, 6, 7, 2, 6, 2


Decimal expansion of log(77/2).
3, 6, 5, 0, 6, 5, 8, 2, 4, 1, 2, 9, 3, 7, 3, 8, 5, 3, 9, 7, 5, 0, 0, 6, 4, 1, 9, 9, 9, 5, 0, 1, 3, 2, 4, 6, 1, 3, 8, 3, 2, 9, 1, 4, 4, 9, 1, 5, 9, 0, 2, 3, 1, 0, 9, 5, 5, 7, 2, 7, 7, 8, 4, 9, 5, 7, 4, 7, 5, 9, 8, 6, 4, 6, 9, 5, 6, 1, 1, 2, 6, 5, 2, 5, 6, 8, 4, 9, 8, 7, 9, 5, 9, 4, 0, 8, 7, 6, 3


Decimal expansion of log(79/2).
3, 6, 7, 6, 3, 0, 0, 6, 7, 1, 9, 0, 7, 0, 7, 6, 1, 8, 4, 7, 5, 5, 7, 1, 3, 4, 2, 0, 0, 2, 3, 2, 3, 4, 3, 5, 4, 0, 9, 8, 0, 4, 1, 0, 9, 0, 0, 6, 2, 3, 5, 4, 3, 7, 1, 2, 9, 1, 4, 9, 1, 1, 0, 8, 0, 6, 6, 4, 1, 2, 4, 3, 9, 1, 5, 4, 7, 3, 7, 5, 6, 2, 5, 4, 0, 0, 7, 7, 0, 3, 8, 7, 7, 7, 6, 6, 0, 9, 1


Decimal expansion of log(81/2).
3, 7, 0, 1, 3, 0, 1, 9, 7, 4, 1, 1, 2, 4, 9, 3, 4, 5, 6, 1, 6, 3, 7, 4, 8, 8, 2, 6, 2, 3, 1, 9, 2, 6, 2, 5, 0, 5, 1, 4, 4, 6, 2, 0, 9, 6, 9, 3, 0, 7, 4, 2, 5, 5, 2, 8, 1, 8, 0, 9, 7, 3, 2, 5, 0, 5, 6, 5, 8, 3, 5, 5, 0, 9, 0, 4, 7, 4, 1, 1, 5, 1, 8, 8, 8, 5, 9, 9, 6, 9, 2, 2, 5, 8, 5, 0, 9, 6, 6


Decimal expansion of log(83/2).
3, 7, 2, 5, 6, 9, 3, 4, 2, 7, 2, 3, 6, 6, 5, 2, 6, 1, 4, 0, 5, 8, 2, 4, 0, 1, 0, 1, 8, 3, 3, 1, 9, 3, 8, 8, 4, 9, 5, 3, 8, 1, 2, 9, 2, 2, 3, 0, 2, 9, 8, 1, 1, 1, 6, 0, 6, 7, 2, 6, 3, 4, 5, 3, 4, 4, 5, 1, 8, 5, 3, 6, 7, 9, 1, 9, 2, 9, 5, 8, 9, 0, 2, 3, 2, 5, 6, 3, 9, 6, 9, 9, 7, 4, 1, 5, 4, 7, 4


Decimal expansion of log(85/2).
3, 7, 4, 9, 5, 0, 4, 0, 7, 5, 9, 3, 0, 3, 7, 1, 1, 4, 5, 4, 3, 3, 0, 6, 1, 8, 2, 9, 6, 4, 1, 1, 3, 7, 6, 0, 7, 0, 3, 8, 3, 0, 4, 2, 3, 2, 4, 9, 4, 0, 0, 7, 2, 5, 5, 0, 8, 9, 2, 0, 5, 6, 1, 9, 8, 6, 3, 0, 7, 7, 9, 4, 1, 5, 3, 8, 8, 9, 4, 3, 2, 9, 9, 3, 6, 3, 6, 5, 4, 1, 9, 1, 3, 4, 2, 6, 3, 8, 7


Decimal expansion of log(87/2).
3, 7, 7, 2, 7, 6, 0, 9, 3, 8, 0, 9, 4, 6, 3, 8, 4, 0, 9, 1, 6, 1, 2, 8, 5, 1, 4, 7, 8, 2, 6, 2, 6, 0, 7, 4, 2, 0, 6, 6, 5, 0, 3, 3, 3, 7, 3, 8, 5, 2, 3, 8, 2, 7, 6, 5, 3, 5, 6, 8, 4, 6, 7, 5, 7, 8, 6, 8, 8, 1, 4, 5, 2, 3, 8, 6, 7, 6, 6, 5, 8, 4, 5, 6, 1, 1, 1, 9, 5, 4, 2, 6, 3, 5, 1, 6, 9, 8, 2


Decimal expansion of log(89/2).
3, 7, 9, 5, 4, 8, 9, 1, 8, 9, 1, 7, 2, 1, 9, 4, 5, 2, 8, 9, 0, 0, 5, 8, 3, 4, 1, 9, 2, 1, 1, 6, 7, 2, 6, 5, 1, 3, 2, 9, 1, 6, 0, 2, 5, 2, 7, 7, 2, 7, 0, 4, 1, 0, 9, 9, 8, 6, 0, 1, 7, 5, 6, 7, 7, 9, 4, 5, 6, 0, 2, 7, 0, 8, 0, 9, 7, 6, 1, 5, 3, 0, 8, 4, 1, 2, 0, 0, 2, 2, 4, 9, 5, 3, 0, 5, 7, 0, 5


Decimal expansion of log(91/2).
3, 8, 1, 7, 7, 1, 2, 3, 2, 5, 9, 5, 6, 9, 0, 4, 7, 3, 1, 7, 4, 1, 6, 0, 8, 0, 6, 3, 5, 5, 0, 3, 2, 1, 7, 6, 6, 3, 6, 6, 8, 5, 2, 5, 3, 9, 9, 8, 1, 8, 1, 3, 0, 5, 0, 7, 5, 7, 7, 5, 5, 6, 5, 1, 1, 0, 7, 6, 5, 0, 9, 0, 8, 1, 0, 6, 7, 8, 4, 7, 3, 1, 5, 8, 1, 3, 6, 9, 8, 3, 5, 0, 3, 1, 9, 4, 2, 3, 2


Decimal expansion of log(93/2).
3, 8, 3, 9, 4, 5, 2, 3, 1, 2, 5, 9, 3, 3, 1, 0, 6, 2, 7, 9, 0, 7, 1, 7, 7, 4, 4, 0, 0, 0, 6, 7, 0, 6, 3, 4, 7, 0, 2, 1, 9, 2, 9, 3, 5, 3, 9, 4, 3, 0, 8, 6, 1, 6, 9, 3, 7, 0, 7, 3, 2, 3, 9, 6, 6, 1, 9, 0, 8, 2, 0, 8, 7, 8, 4, 6, 4, 6, 5, 4, 8, 3, 4, 8, 1, 6, 1, 7, 2, 5, 9, 1, 5, 3, 4, 0, 0, 0, 3


Decimal expansion of log(95/2).
3, 8, 6, 0, 7, 2, 9, 7, 1, 1, 0, 4, 0, 5, 9, 5, 5, 2, 5, 1, 9, 2, 5, 5, 4, 6, 4, 3, 6, 5, 5, 8, 6, 4, 6, 0, 8, 6, 8, 7, 4, 8, 0, 4, 8, 1, 2, 0, 7, 3, 9, 1, 2, 8, 6, 3, 2, 9, 9, 2, 8, 1, 1, 8, 3, 9, 0, 0, 7, 8, 0, 6, 7, 8, 0, 2, 1, 6, 0, 3, 3, 7, 7, 3, 8, 4, 2, 8, 9, 3, 4, 9, 1, 2, 5, 0, 0, 8, 1


Decimal expansion of log(97/2).
3, 8, 8, 1, 5, 6, 3, 7, 9, 7, 9, 4, 3, 4, 3, 7, 5, 1, 2, 6, 9, 9, 4, 8, 9, 5, 0, 0, 2, 4, 5, 7, 8, 5, 1, 4, 5, 7, 3, 3, 4, 1, 4, 7, 6, 8, 2, 9, 8, 5, 2, 6, 1, 0, 1, 8, 5, 5, 5, 5, 4, 3, 5, 9, 2, 6, 6, 7, 8, 3, 6, 6, 9, 8, 0, 8, 4, 9, 2, 4, 0, 9, 7, 3, 6, 4, 1, 9, 4, 1, 8, 0, 3, 7, 8, 5, 5, 8, 6


Decimal expansion of log(99/2).
3, 9, 0, 1, 9, 7, 2, 6, 6, 9, 5, 7, 4, 6, 4, 4, 6, 1, 7, 4, 3, 5, 2, 0, 1, 9, 3, 0, 3, 5, 2, 0, 0, 4, 1, 4, 1, 0, 4, 1, 1, 8, 7, 8, 3, 5, 2, 2, 2, 6, 6, 0, 8, 2, 4, 5, 6, 7, 2, 7, 6, 3, 6, 6, 9, 1, 2, 1, 6, 8, 5, 8, 8, 3, 8, 0, 7, 5, 9, 9, 3, 1, 2, 1, 6, 4, 2, 2, 8, 9, 0, 6, 3, 3, 6, 8, 0, 2, 8


Decimal expansion of log(4).
1, 3, 8, 6, 2, 9, 4, 3, 6, 1, 1, 1, 9, 8, 9, 0, 6, 1, 8, 8, 3, 4, 4, 6, 4, 2, 4, 2, 9, 1, 6, 3, 5, 3, 1, 3, 6, 1, 5, 1, 0, 0, 0, 2, 6, 8, 7, 2, 0, 5, 1, 0, 5, 0, 8, 2, 4, 1, 3, 6, 0, 0, 1, 8, 9, 8, 6, 7, 8, 7, 2, 4, 3, 9, 3, 9, 3, 8, 9, 4, 3, 1, 2, 1, 1, 7, 2, 6, 6, 5, 3, 9, 9, 2, 8, 3, 7, 3, 7


Decimal expansion of log(5).
1, 6, 0, 9, 4, 3, 7, 9, 1, 2, 4, 3, 4, 1, 0, 0, 3, 7, 4, 6, 0, 0, 7, 5, 9, 3, 3, 3, 2, 2, 6, 1, 8, 7, 6, 3, 9, 5, 2, 5, 6, 0, 1, 3, 5, 4, 2, 6, 8, 5, 1, 7, 7, 2, 1, 9, 1, 2, 6, 4, 7, 8, 9, 1, 4, 7, 4, 1, 7, 8, 9, 8, 7, 7, 0, 7, 6, 5, 7, 7, 6, 4, 6, 3, 0, 1, 3, 3, 8, 7, 8, 0, 9, 3, 1, 7, 9, 6, 1


Decimal expansion of log(6).
1, 7, 9, 1, 7, 5, 9, 4, 6, 9, 2, 2, 8, 0, 5, 5, 0, 0, 0, 8, 1, 2, 4, 7, 7, 3, 5, 8, 3, 8, 0, 7, 0, 2, 2, 7, 2, 7, 2, 2, 9, 9, 0, 6, 9, 2, 1, 8, 3, 0, 0, 4, 7, 0, 5, 8, 5, 5, 3, 7, 4, 3, 4, 3, 1, 3, 0, 8, 8, 7, 9, 1, 5, 1, 8, 8, 3, 0, 3, 6, 8, 2, 4, 7, 9, 4, 7, 9, 0, 8, 1, 8, 1, 0, 1, 5, 0, 7, 7


Decimal expansion of log(7).
1, 9, 4, 5, 9, 1, 0, 1, 4, 9, 0, 5, 5, 3, 1, 3, 3, 0, 5, 1, 0, 5, 3, 5, 2, 7, 4, 3, 4, 4, 3, 1, 7, 9, 7, 2, 9, 6, 3, 7, 0, 8, 4, 7, 2, 9, 5, 8, 1, 8, 6, 1, 1, 8, 8, 4, 5, 9, 3, 9, 0, 1, 4, 9, 9, 3, 7, 5, 7, 9, 8, 6, 2, 7, 5, 2, 0, 6, 9, 2, 6, 7, 7, 8, 7, 6, 5, 8, 4, 9, 8, 5, 8, 7, 8, 7, 1, 5, 2


Decimal expansion of log(8).
2, 0, 7, 9, 4, 4, 1, 5, 4, 1, 6, 7, 9, 8, 3, 5, 9, 2, 8, 2, 5, 1, 6, 9, 6, 3, 6, 4, 3, 7, 4, 5, 2, 9, 7, 0, 4, 2, 2, 6, 5, 0, 0, 4, 0, 3, 0, 8, 0, 7, 6, 5, 7, 6, 2, 3, 6, 2, 0, 4, 0, 0, 2, 8, 4, 8, 0, 1, 8, 0, 8, 6, 5, 9, 0, 9, 0, 8, 4, 1, 4, 6, 8, 1, 7, 5, 8, 9, 9, 8, 0, 9, 8, 9, 2, 5, 6, 0, 6


Decimal expansion of log(9).
2, 1, 9, 7, 2, 2, 4, 5, 7, 7, 3, 3, 6, 2, 1, 9, 3, 8, 2, 7, 9, 0, 4, 9, 0, 4, 7, 3, 8, 4, 5, 0, 5, 1, 4, 0, 9, 2, 9, 4, 9, 8, 1, 1, 1, 5, 6, 4, 5, 4, 9, 8, 9, 0, 3, 4, 6, 9, 3, 8, 8, 6, 6, 7, 2, 7, 4, 9, 8, 8, 5, 8, 6, 4, 3, 7, 2, 1, 7, 9, 3, 3, 7, 4, 7, 2, 3, 1, 5, 0, 9, 6, 2, 7, 4, 6, 4, 1, 7


Expansion of 1/((1-2x)(1-11x)(1-12x)).
1, 25, 447, 6989, 101759, 1417941, 19180519, 253983853, 3309800367, 42599540357, 542895780791, 6863463633117, 86197420501375, 1076563471968373, 13382900349107463, 165700329729679181


Decimal expansion of log(11).
2, 3, 9, 7, 8, 9, 5, 2, 7, 2, 7, 9, 8, 3, 7, 0, 5, 4, 4, 0, 6, 1, 9, 4, 3, 5, 7, 7, 9, 6, 5, 1, 2, 9, 2, 9, 9, 8, 2, 1, 7, 0, 6, 8, 5, 3, 9, 3, 7, 4, 1, 7, 1, 7, 5, 2, 1, 8, 5, 6, 7, 7, 0, 9, 1, 3, 0, 5, 7, 3, 6, 2, 3, 9, 1, 3, 2, 3, 6, 7, 1, 3, 0, 7, 5, 0, 5, 4, 7, 0, 8, 0, 0, 2, 6, 3, 4, 7, 9


Decimal expansion of log(12).
2, 4, 8, 4, 9, 0, 6, 6, 4, 9, 7, 8, 8, 0, 0, 0, 3, 1, 0, 2, 2, 9, 7, 0, 9, 4, 7, 9, 8, 3, 8, 8, 7, 8, 8, 4, 0, 7, 9, 8, 4, 9, 0, 8, 2, 6, 5, 4, 3, 2, 5, 9, 9, 5, 9, 9, 7, 6, 0, 5, 4, 3, 5, 2, 6, 2, 4, 2, 8, 1, 5, 3, 7, 1, 5, 7, 9, 9, 8, 3, 9, 8, 0, 8, 5, 3, 4, 2, 4, 0, 8, 8, 0, 6, 5, 6, 9, 4, 6


Decimal expansion of log(13).
2, 5, 6, 4, 9, 4, 9, 3, 5, 7, 4, 6, 1, 5, 3, 6, 7, 3, 6, 0, 5, 3, 4, 8, 7, 4, 4, 1, 5, 6, 5, 3, 1, 8, 6, 0, 4, 8, 0, 5, 2, 6, 7, 9, 4, 4, 7, 6, 0, 2, 0, 7, 1, 1, 6, 4, 1, 9, 0, 4, 5, 5, 1, 0, 6, 6, 3, 4, 6, 4, 6, 6, 7, 3, 2, 4, 4, 1, 0, 1, 7, 9, 3, 9, 9, 5, 7, 4, 6, 6, 3, 4, 4, 0, 4, 8, 9, 4, 8


Decimal expansion of log(14).
2, 6, 3, 9, 0, 5, 7, 3, 2, 9, 6, 1, 5, 2, 5, 8, 6, 1, 4, 5, 2, 2, 5, 8, 4, 8, 6, 4, 9, 0, 1, 3, 5, 6, 2, 9, 7, 7, 1, 2, 5, 8, 4, 8, 6, 3, 9, 4, 2, 1, 1, 6, 4, 4, 2, 5, 8, 0, 0, 7, 0, 1, 5, 9, 4, 3, 0, 9, 7, 3, 4, 8, 4, 7, 2, 1, 7, 6, 3, 9, 8, 3, 3, 9, 3, 5, 2, 1, 8, 2, 5, 5, 8, 4, 2, 9, 0, 2, 1


Decimal expansion of log(15).
2, 7, 0, 8, 0, 5, 0, 2, 0, 1, 1, 0, 2, 2, 1, 0, 0, 6, 5, 9, 9, 6, 0, 0, 4, 5, 7, 0, 1, 4, 8, 7, 1, 3, 3, 4, 4, 1, 7, 3, 0, 9, 1, 9, 1, 2, 0, 9, 1, 2, 6, 7, 1, 7, 3, 6, 4, 7, 3, 4, 2, 2, 2, 5, 1, 1, 1, 6, 7, 3, 2, 8, 0, 9, 2, 6, 2, 6, 6, 7, 3, 1, 5, 0, 3, 7, 4, 9, 6, 3, 2, 9, 0, 6, 9, 1, 1, 6, 9, 9, 5, 8, 7, 9, 3


Decimal expansion of log(16).
2, 7, 7, 2, 5, 8, 8, 7, 2, 2, 2, 3, 9, 7, 8, 1, 2, 3, 7, 6, 6, 8, 9, 2, 8, 4, 8, 5, 8, 3, 2, 7, 0, 6, 2, 7, 2, 3, 0, 2, 0, 0, 0, 5, 3, 7, 4, 4, 1, 0, 2, 1, 0, 1, 6, 4, 8, 2, 7, 2, 0, 0, 3, 7, 9, 7, 3, 5, 7, 4, 4, 8, 7, 8, 7, 8, 7, 7, 8, 8, 6, 2, 4, 2, 3, 4, 5, 3, 3, 0, 7, 9, 8, 5, 6, 7, 4, 7, 5


Decimal expansion of log(17).
2, 8, 3, 3, 2, 1, 3, 3, 4, 4, 0, 5, 6, 2, 1, 6, 0, 8, 0, 2, 4, 9, 5, 3, 4, 6, 1, 7, 8, 7, 3, 1, 2, 6, 5, 3, 5, 5, 8, 8, 2, 0, 3, 0, 1, 2, 5, 8, 5, 7, 4, 4, 7, 8, 7, 2, 9, 7, 2, 3, 7, 7, 3, 7, 8, 8, 2, 2, 9, 2, 5, 7, 5, 8, 0, 0, 9, 3, 1, 2, 8, 0, 9, 1, 2, 0, 9, 4, 8, 6, 8, 0, 3, 7, 5, 0, 2, 9, 4


Decimal expansion of log(18).
2, 8, 9, 0, 3, 7, 1, 7, 5, 7, 8, 9, 6, 1, 6, 4, 6, 9, 2, 2, 0, 7, 7, 2, 2, 5, 9, 5, 3, 0, 3, 2, 2, 7, 9, 7, 7, 3, 7, 0, 4, 8, 1, 2, 5, 0, 0, 0, 5, 7, 5, 4, 1, 5, 7, 5, 9, 0, 0, 6, 8, 6, 7, 6, 7, 6, 8, 3, 8, 2, 2, 0, 8, 4, 0, 6, 9, 1, 2, 6, 4, 9, 3, 5, 3, 0, 9, 4, 8, 3, 6, 6, 2, 3, 8, 8, 2, 8, 6


Decimal expansion of log(19).
2, 9, 4, 4, 4, 3, 8, 9, 7, 9, 1, 6, 6, 4, 4, 0, 4, 6, 0, 0, 0, 9, 0, 2, 7, 4, 3, 1, 8, 8, 7, 8, 5, 3, 5, 3, 7, 2, 3, 7, 3, 7, 9, 2, 6, 1, 2, 9, 9, 1, 2, 8, 8, 1, 8, 5, 3, 7, 9, 6, 0, 2, 3, 6, 4, 0, 9, 2, 9, 2, 7, 0, 2, 0, 6, 4, 1, 9, 7, 2, 8, 8, 7, 1, 4, 1, 5, 8, 3, 8, 3, 8, 1, 5, 7, 3, 9, 8, 9


Decimal expansion of log(20).
2, 9, 9, 5, 7, 3, 2, 2, 7, 3, 5, 5, 3, 9, 9, 0, 9, 9, 3, 4, 3, 5, 2, 2, 3, 5, 7, 6, 1, 4, 2, 5, 4, 0, 7, 7, 5, 6, 7, 6, 6, 0, 1, 6, 2, 2, 9, 8, 9, 0, 2, 8, 2, 3, 0, 1, 5, 4, 0, 0, 7, 9, 1, 0, 4, 6, 0, 9, 6, 6, 2, 3, 1, 6, 4, 7, 0, 4, 7, 1, 9, 5, 8, 4, 1, 8, 6, 0, 5, 3, 2, 0, 8, 6, 0, 1, 6, 9, 8, 5, 8, 8, 3, 9, 6


Decimal expansion of log(21).
3, 0, 4, 4, 5, 2, 2, 4, 3, 7, 7, 2, 3, 4, 2, 2, 9, 9, 6, 5, 0, 0, 5, 9, 7, 9, 8, 0, 3, 6, 5, 7, 0, 5, 4, 3, 4, 2, 8, 4, 5, 7, 5, 2, 8, 7, 4, 0, 4, 6, 1, 0, 6, 4, 0, 1, 9, 4, 0, 8, 4, 4, 8, 3, 5, 7, 5, 0, 7, 4, 1, 5, 5, 9, 7, 0, 6, 7, 8, 2, 3, 4, 6, 6, 1, 2, 7, 4, 2, 5, 3, 4, 0, 1, 6, 0, 3, 6, 1


Decimal expansion of log(22).
3, 0, 9, 1, 0, 4, 2, 4, 5, 3, 3, 5, 8, 3, 1, 5, 8, 5, 3, 4, 7, 9, 1, 7, 5, 6, 9, 9, 4, 2, 3, 3, 0, 5, 8, 6, 7, 8, 9, 7, 2, 0, 6, 9, 8, 8, 2, 9, 7, 6, 7, 2, 4, 2, 9, 3, 3, 9, 2, 4, 7, 7, 1, 8, 6, 2, 3, 9, 6, 7, 2, 4, 5, 8, 8, 2, 9, 3, 1, 4, 2, 8, 6, 8, 0, 9, 1, 8, 0, 3, 4, 9, 9, 9, 0, 5, 3, 4, 7


Decimal expansion of log(23).
3, 1, 3, 5, 4, 9, 4, 2, 1, 5, 9, 2, 9, 1, 4, 9, 6, 9, 0, 8, 0, 6, 7, 5, 2, 8, 3, 1, 8, 1, 0, 1, 9, 6, 1, 1, 8, 4, 4, 2, 3, 8, 0, 3, 1, 4, 8, 4, 0, 4, 3, 5, 7, 4, 1, 9, 9, 8, 6, 3, 5, 3, 7, 7, 4, 8, 2, 9, 9, 3, 2, 4, 5, 9, 8, 4, 7, 9, 8, 2, 9, 8, 1, 9, 8, 4, 0, 1, 0, 9, 2, 1, 5, 2, 9, 9, 4, 8, 1


Decimal expansion of log(24).
3, 1, 7, 8, 0, 5, 3, 8, 3, 0, 3, 4, 7, 9, 4, 5, 6, 1, 9, 6, 4, 6, 9, 4, 1, 6, 0, 1, 2, 9, 7, 0, 5, 5, 4, 0, 8, 8, 7, 3, 9, 9, 0, 9, 6, 0, 9, 0, 3, 5, 1, 5, 2, 1, 4, 0, 9, 6, 7, 3, 4, 3, 6, 2, 1, 1, 7, 6, 7, 5, 1, 5, 9, 1, 2, 7, 6, 9, 3, 1, 1, 3, 6, 9, 1, 2, 0, 5, 7, 3, 5, 8, 0, 2, 9, 8, 8, 1, 5


Decimal expansion of log(25).
3, 2, 1, 8, 8, 7, 5, 8, 2, 4, 8, 6, 8, 2, 0, 0, 7, 4, 9, 2, 0, 1, 5, 1, 8, 6, 6, 6, 4, 5, 2, 3, 7, 5, 2, 7, 9, 0, 5, 1, 2, 0, 2, 7, 0, 8, 5, 3, 7, 0, 3, 5, 4, 4, 3, 8, 2, 5, 2, 9, 5, 7, 8, 2, 9, 4, 8, 3, 5, 7, 9, 7, 5, 4, 1, 5, 3, 1, 5, 5, 2, 9, 2, 6, 0, 2, 6, 7, 7, 5, 6, 1, 8, 6, 3, 5, 9, 2, 2


Decimal expansion of log(26).
3, 2, 5, 8, 0, 9, 6, 5, 3, 8, 0, 2, 1, 4, 8, 2, 0, 4, 5, 4, 7, 0, 7, 1, 9, 5, 6, 3, 0, 2, 3, 4, 9, 5, 1, 7, 2, 8, 8, 0, 7, 6, 8, 0, 7, 9, 1, 2, 0, 4, 6, 2, 3, 7, 0, 5, 3, 9, 7, 2, 5, 5, 2, 0, 1, 5, 6, 8, 5, 8, 2, 8, 9, 2, 9, 4, 1, 0, 4, 8, 9, 5, 0, 0, 5, 4, 3, 7, 9, 9, 0, 4, 3, 6, 9, 0, 8, 1, 7


Decimal expansion of log(27).
3, 2, 9, 5, 8, 3, 6, 8, 6, 6, 0, 0, 4, 3, 2, 9, 0, 7, 4, 1, 8, 5, 7, 3, 5, 7, 1, 0, 7, 6, 7, 5, 7, 7, 1, 1, 3, 9, 4, 2, 4, 7, 1, 6, 7, 3, 4, 6, 8, 2, 4, 8, 3, 5, 5, 2, 0, 4, 0, 8, 3, 0, 0, 0, 9, 1, 2, 4, 8, 2, 8, 7, 9, 6, 5, 5, 8, 2, 6, 9, 0, 0, 6, 2, 0, 8, 4, 7, 2, 6, 4, 4, 4, 1, 1, 9, 6, 2, 6


Decimal expansion of log(28).
3, 3, 3, 2, 2, 0, 4, 5, 1, 0, 1, 7, 5, 2, 0, 3, 9, 2, 3, 9, 3, 9, 8, 1, 6, 9, 8, 6, 3, 5, 9, 5, 3, 2, 8, 6, 5, 7, 8, 8, 0, 8, 4, 9, 9, 8, 3, 0, 2, 3, 7, 1, 6, 9, 6, 7, 0, 0, 7, 5, 0, 1, 6, 8, 9, 2, 4, 3, 6, 7, 1, 0, 6, 6, 9, 1, 4, 5, 8, 6, 9, 8, 9, 9, 9, 3, 8, 5, 1, 5, 2, 5, 8, 0, 7, 0, 8, 9, 0


Decimal expansion of log(29).
3, 3, 6, 7, 2, 9, 5, 8, 2, 9, 9, 8, 6, 4, 7, 4, 0, 2, 7, 1, 8, 3, 2, 7, 2, 0, 3, 2, 3, 6, 1, 9, 1, 1, 6, 0, 5, 4, 9, 4, 5, 1, 2, 9, 1, 3, 9, 2, 2, 7, 4, 4, 0, 7, 8, 9, 2, 1, 6, 7, 0, 3, 5, 1, 6, 4, 2, 7, 8, 0, 7, 8, 1, 1, 3, 7, 8, 5, 2, 3, 3, 3, 2, 9, 3, 3, 6, 7, 1, 1, 4, 8, 1, 7, 8, 5, 6, 4, 2


Decimal expansion of log(30).
3, 4, 0, 1, 1, 9, 7, 3, 8, 1, 6, 6, 2, 1, 5, 5, 3, 7, 5, 4, 1, 3, 2, 3, 6, 6, 9, 1, 6, 0, 6, 8, 8, 9, 9, 1, 2, 2, 4, 8, 5, 9, 2, 0, 4, 6, 4, 5, 1, 5, 2, 2, 4, 2, 7, 7, 6, 8, 0, 2, 2, 2, 3, 4, 6, 0, 5, 0, 6, 6, 9, 0, 2, 8, 9, 5, 9, 6, 1, 4, 4, 7, 1, 0, 9, 6, 1, 2, 9, 5, 9, 9, 0, 3, 3, 3, 0, 3, 8


Decimal expansion of log(31).
3, 4, 3, 3, 9, 8, 7, 2, 0, 4, 4, 8, 5, 1, 4, 6, 2, 4, 5, 9, 2, 9, 1, 6, 4, 3, 2, 4, 5, 4, 2, 3, 5, 7, 2, 1, 0, 4, 4, 9, 9, 3, 8, 9, 3, 0, 4, 8, 0, 5, 9, 1, 9, 7, 1, 7, 5, 6, 7, 1, 8, 0, 7, 2, 4, 7, 4, 9, 8, 1, 4, 1, 6, 5, 9, 7, 5, 5, 1, 2, 3, 2, 2, 1, 3, 8, 6, 4, 8, 3, 1, 3, 3, 6, 0, 8, 6, 6, 3


Decimal expansion of log(32) = 5*log(2).
3, 4, 6, 5, 7, 3, 5, 9, 0, 2, 7, 9, 9, 7, 2, 6, 5, 4, 7, 0, 8, 6, 1, 6, 0, 6, 0, 7, 2, 9, 0, 8, 8, 2, 8, 4, 0, 3, 7, 7, 5, 0, 0, 6, 7, 1, 8, 0, 1, 2, 7, 6, 2, 7, 0, 6, 0, 3, 4, 0, 0, 0, 4, 7, 4, 6, 6, 9, 6, 8, 1, 0, 9, 8, 4, 8, 4, 7, 3, 5, 7, 8, 0, 2, 9, 3, 1, 6, 6, 3, 4, 9, 8, 2, 0, 9, 3, 4, 3


Decimal expansion of log(33).
3, 4, 9, 6, 5, 0, 7, 5, 6, 1, 4, 6, 6, 4, 8, 0, 2, 3, 5, 4, 5, 7, 1, 8, 8, 8, 1, 4, 8, 8, 7, 6, 5, 5, 0, 0, 4, 4, 6, 9, 1, 9, 7, 4, 1, 1, 7, 6, 0, 1, 6, 6, 6, 2, 6, 9, 5, 3, 2, 6, 2, 0, 4, 2, 7, 6, 8, 0, 6, 7, 9, 1, 7, 1, 3, 1, 8, 4, 5, 6, 7, 9, 9, 4, 8, 6, 7, 0, 4, 6, 2, 8, 1, 6, 3, 6, 6, 8, 8


Decimal expansion of log(34).
3, 5, 2, 6, 3, 6, 0, 5, 2, 4, 6, 1, 6, 1, 6, 1, 3, 8, 9, 6, 6, 6, 7, 6, 6, 7, 3, 9, 3, 3, 1, 3, 0, 3, 1, 0, 3, 6, 6, 3, 7, 0, 3, 1, 4, 6, 9, 4, 6, 0, 0, 0, 0, 4, 1, 4, 1, 7, 9, 1, 7, 7, 4, 7, 3, 7, 5, 6, 8, 6, 1, 9, 7, 7, 7, 0, 6, 2, 5, 9, 9, 6, 5, 1, 7, 9, 5, 8, 1, 9, 5, 0, 3, 3, 9, 2, 1, 6, 3


Decimal expansion of log(35).
3, 5, 5, 5, 3, 4, 8, 0, 6, 1, 4, 8, 9, 4, 1, 3, 6, 7, 9, 7, 0, 6, 1, 1, 2, 0, 7, 6, 6, 6, 9, 3, 6, 7, 3, 6, 9, 1, 6, 2, 6, 8, 6, 0, 8, 3, 8, 5, 0, 3, 7, 8, 9, 1, 0, 3, 7, 2, 0, 3, 8, 0, 4, 1, 4, 1, 1, 7, 5, 8, 8, 5, 0, 4, 5, 9, 7, 2, 7, 0, 3, 2, 4, 1, 7, 7, 9, 2, 3, 7, 6, 6, 8, 1, 0, 5, 1, 1, 3


Decimal expansion of log(36).
3, 5, 8, 3, 5, 1, 8, 9, 3, 8, 4, 5, 6, 1, 1, 0, 0, 0, 1, 6, 2, 4, 9, 5, 4, 7, 1, 6, 7, 6, 1, 4, 0, 4, 5, 4, 5, 4, 4, 5, 9, 8, 1, 3, 8, 4, 3, 6, 6, 0, 0, 9, 4, 1, 1, 7, 1, 0, 7, 4, 8, 6, 8, 6, 2, 6, 1, 7, 7, 5, 8, 3, 0, 3, 7, 6, 6, 0, 7, 3, 6, 4, 9, 5, 8, 9, 5, 8, 1, 6, 3, 6, 2, 0, 3, 0, 1, 5, 5


Decimal expansion of log(37).
3, 6, 1, 0, 9, 1, 7, 9, 1, 2, 6, 4, 4, 2, 2, 4, 4, 4, 4, 3, 6, 8, 0, 9, 5, 6, 7, 1, 0, 3, 1, 4, 4, 7, 1, 6, 3, 9, 0, 0, 0, 7, 7, 5, 8, 7, 1, 6, 7, 6, 3, 6, 1, 6, 3, 6, 4, 4, 9, 1, 2, 6, 8, 1, 1, 9, 2, 9, 8, 9, 7, 4, 6, 9, 9, 0, 3, 6, 1, 0, 6, 5, 3, 9, 9, 0, 2, 1, 5, 3, 3, 6, 7, 2, 1, 6, 8, 6, 6


Decimal expansion of log(38).
3, 6, 3, 7, 5, 8, 6, 1, 5, 9, 7, 2, 6, 3, 8, 5, 7, 6, 9, 4, 2, 6, 2, 5, 9, 5, 5, 3, 3, 4, 6, 0, 3, 0, 1, 0, 5, 3, 1, 2, 8, 7, 9, 3, 9, 5, 6, 5, 9, 3, 8, 4, 0, 7, 2, 6, 5, 8, 6, 4, 0, 2, 4, 5, 9, 0, 2, 6, 8, 6, 3, 2, 4, 0, 3, 3, 8, 9, 2, 0, 0, 4, 3, 2, 0, 0, 2, 1, 7, 1, 0, 8, 1, 2, 1, 5, 8, 5, 8


Decimal expansion of log(39).
3, 6, 6, 3, 5, 6, 1, 6, 4, 6, 1, 2, 9, 6, 4, 6, 4, 2, 7, 4, 4, 8, 7, 3, 2, 6, 7, 8, 4, 8, 7, 8, 4, 4, 3, 0, 9, 4, 5, 2, 7, 5, 8, 5, 0, 2, 5, 8, 2, 9, 5, 6, 5, 6, 8, 1, 5, 3, 7, 3, 9, 8, 4, 4, 3, 0, 0, 9, 5, 8, 9, 6, 0, 5, 4, 3, 0, 1, 9, 1, 4, 6, 2, 7, 3, 1, 9, 0, 4, 1, 8, 2, 5, 4, 2, 2, 1, 5, 7


Decimal expansion of log(40).
3, 6, 8, 8, 8, 7, 9, 4, 5, 4, 1, 1, 3, 9, 3, 6, 3, 0, 2, 8, 5, 2, 4, 5, 5, 6, 9, 7, 6, 0, 0, 7, 1, 7, 3, 4, 3, 7, 5, 2, 1, 0, 1, 7, 5, 7, 3, 4, 9, 2, 8, 3, 4, 8, 4, 2, 7, 4, 6, 8, 7, 9, 1, 9, 9, 5, 4, 3, 5, 9, 8, 5, 3, 6, 1, 6, 7, 4, 1, 9, 1, 1, 4, 4, 7, 7, 2, 3, 8, 5, 9, 0, 8, 2, 4, 3, 5, 6, 7


Decimal expansion of log(41).
3, 7, 1, 3, 5, 7, 2, 0, 6, 6, 7, 0, 4, 3, 0, 7, 8, 0, 3, 8, 6, 6, 7, 6, 3, 3, 7, 3, 0, 3, 7, 4, 0, 7, 5, 8, 8, 3, 7, 6, 4, 1, 0, 4, 6, 9, 3, 9, 9, 3, 0, 1, 6, 3, 3, 6, 1, 9, 2, 6, 2, 9, 1, 0, 2, 5, 9, 9, 7, 8, 6, 1, 6, 4, 0, 5, 6, 5, 7, 5, 0, 5, 9, 6, 2, 3, 1, 7, 1, 4, 1, 3, 7, 1, 9, 8, 6, 8, 1


Decimal expansion of log(42).
3, 7, 3, 7, 6, 6, 9, 6, 1, 8, 2, 8, 3, 3, 6, 8, 3, 0, 5, 9, 1, 7, 8, 3, 0, 1, 0, 1, 8, 2, 3, 8, 8, 2, 0, 0, 2, 3, 6, 0, 0, 7, 5, 4, 2, 1, 7, 6, 4, 8, 6, 5, 8, 9, 4, 3, 1, 4, 7, 6, 4, 4, 9, 3, 0, 6, 8, 4, 6, 7, 7, 7, 7, 9, 4, 0, 3, 7, 2, 9, 5, 0, 2, 6, 7, 1, 3, 7, 5, 8, 0, 3, 9, 8, 0, 2, 2, 3, 0


Decimal expansion of log(43).
3, 7, 6, 1, 2, 0, 0, 1, 1, 5, 6, 9, 3, 5, 6, 2, 4, 2, 3, 4, 7, 2, 8, 4, 2, 5, 1, 3, 3, 4, 5, 8, 4, 7, 0, 3, 5, 5, 5, 9, 1, 3, 6, 1, 8, 4, 8, 8, 1, 5, 5, 5, 4, 1, 5, 1, 9, 1, 6, 8, 5, 2, 6, 4, 9, 2, 2, 8, 5, 9, 1, 7, 3, 8, 7, 2, 9, 8, 6, 4, 3, 8, 5, 3, 7, 5, 9, 1, 9, 9, 8, 0, 8, 3, 9, 9, 7, 2, 8


Decimal expansion of log(44).
3, 7, 8, 4, 1, 8, 9, 6, 3, 3, 9, 1, 8, 2, 6, 1, 1, 6, 2, 8, 9, 6, 4, 0, 7, 8, 2, 0, 8, 8, 1, 4, 8, 2, 4, 3, 5, 9, 7, 2, 7, 0, 7, 1, 2, 2, 6, 5, 7, 9, 2, 7, 6, 8, 3, 4, 5, 9, 9, 2, 7, 7, 2, 8, 1, 1, 7, 3, 6, 0, 8, 6, 7, 8, 5, 2, 6, 2, 6, 1, 4, 4, 2, 8, 6, 7, 8, 1, 3, 6, 1, 9, 9, 5, 4, 7, 2, 1, 6


Decimal expansion of log(45).
3, 8, 0, 6, 6, 6, 2, 4, 8, 9, 7, 7, 0, 3, 1, 9, 7, 5, 7, 3, 9, 1, 2, 4, 9, 8, 0, 7, 0, 7, 1, 2, 3, 9, 0, 4, 8, 8, 2, 0, 5, 8, 2, 4, 6, 9, 9, 1, 4, 0, 1, 6, 6, 2, 5, 3, 8, 2, 0, 3, 6, 5, 5, 8, 7, 4, 9, 1, 6, 7, 5, 7, 4, 1, 4, 4, 8, 7, 5, 6, 9, 8, 3, 7, 7, 3, 6, 5, 3, 8, 7, 7, 2, 0, 6, 4, 3, 7, 8


Decimal expansion of log(46).
3, 8, 2, 8, 6, 4, 1, 3, 9, 6, 4, 8, 9, 0, 9, 5, 0, 0, 0, 2, 2, 3, 9, 8, 4, 9, 5, 3, 2, 6, 8, 3, 7, 2, 6, 8, 6, 5, 1, 7, 8, 8, 0, 4, 4, 9, 2, 0, 0, 6, 9, 0, 9, 9, 6, 1, 1, 9, 3, 1, 5, 3, 8, 6, 9, 7, 6, 3, 8, 6, 8, 6, 7, 9, 5, 4, 4, 9, 3, 0, 1, 3, 8, 0, 4, 2, 6, 4, 4, 1, 9, 1, 4, 9, 4, 1, 3, 5, 0


Decimal expansion of log(47).
3, 8, 5, 0, 1, 4, 7, 6, 0, 1, 7, 1, 0, 0, 5, 8, 5, 8, 6, 8, 2, 0, 9, 5, 0, 6, 6, 9, 7, 7, 2, 1, 7, 3, 7, 0, 8, 8, 9, 6, 0, 5, 0, 5, 0, 2, 0, 2, 0, 2, 2, 4, 0, 3, 3, 2, 0, 0, 5, 0, 8, 3, 4, 6, 8, 0, 6, 8, 1, 8, 2, 1, 3, 5, 0, 5, 8, 0, 1, 0, 7, 2, 6, 1, 0, 6, 8, 9, 7, 5, 3, 4, 3, 4, 7, 4, 5, 9, 8


Decimal expansion of log(48).
3, 8, 7, 1, 2, 0, 1, 0, 1, 0, 9, 0, 7, 8, 9, 0, 9, 2, 9, 0, 6, 4, 1, 7, 3, 7, 2, 2, 7, 5, 5, 2, 3, 1, 9, 7, 6, 9, 4, 9, 4, 9, 1, 0, 9, 5, 2, 6, 3, 7, 7, 0, 4, 6, 8, 2, 1, 7, 4, 1, 4, 3, 7, 1, 6, 1, 1, 0, 6, 8, 7, 8, 1, 0, 9, 7, 3, 8, 7, 8, 2, 9, 2, 9, 7, 0, 6, 9, 0, 6, 2, 7, 9, 9, 4, 0, 6, 8, 3


Decimal expansion of log(49).
3, 8, 9, 1, 8, 2, 0, 2, 9, 8, 1, 1, 0, 6, 2, 6, 6, 1, 0, 2, 1, 0, 7, 0, 5, 4, 8, 6, 8, 8, 6, 3, 5, 9, 4, 5, 9, 2, 7, 4, 1, 6, 9, 4, 5, 9, 1, 6, 3, 7, 2, 2, 3, 7, 6, 9, 1, 8, 7, 8, 0, 2, 9, 9, 8, 7, 5, 1, 5, 9, 7, 2, 5, 5, 0, 4, 1, 3, 8, 5, 3, 5, 5, 7, 5, 3, 1, 6, 9, 9, 7, 1, 7, 5, 7, 4, 3, 0, 5


Decimal expansion of log(50).
3, 9, 1, 2, 0, 2, 3, 0, 0, 5, 4, 2, 8, 1, 4, 6, 0, 5, 8, 6, 1, 8, 7, 5, 0, 7, 8, 7, 9, 1, 0, 5, 5, 1, 8, 4, 7, 1, 2, 6, 7, 0, 2, 8, 4, 2, 8, 9, 7, 2, 9, 0, 6, 9, 7, 9, 4, 5, 9, 7, 5, 7, 9, 2, 4, 4, 1, 7, 5, 1, 5, 9, 7, 3, 8, 5, 0, 1, 0, 2, 4, 4, 8, 6, 6, 1, 3, 1, 0, 8, 3, 1, 8, 2, 7, 7, 7, 9, 0


Decimal expansion of log(51).
3, 9, 3, 1, 8, 2, 5, 6, 3, 2, 7, 2, 4, 3, 2, 5, 7, 7, 1, 6, 4, 4, 7, 7, 9, 8, 5, 4, 7, 9, 5, 6, 5, 2, 2, 4, 0, 2, 3, 5, 6, 9, 3, 5, 7, 0, 4, 0, 8, 4, 9, 4, 2, 3, 9, 0, 3, 1, 9, 3, 2, 0, 7, 1, 5, 1, 9, 7, 8, 6, 8, 6, 9, 0, 1, 9, 5, 4, 0, 2, 4, 7, 7, 8, 5, 7, 1, 0, 6, 2, 2, 8, 5, 1, 2, 3, 5, 0, 3


Decimal expansion of log(52).
3, 9, 5, 1, 2, 4, 3, 7, 1, 8, 5, 8, 1, 4, 2, 7, 3, 5, 4, 8, 8, 7, 9, 5, 1, 6, 8, 4, 4, 8, 1, 6, 7, 1, 7, 4, 0, 9, 5, 6, 2, 6, 8, 2, 1, 3, 4, 8, 0, 7, 1, 7, 6, 2, 4, 6, 6, 0, 4, 0, 5, 5, 2, 9, 6, 5, 0, 2, 5, 1, 9, 1, 1, 2, 6, 3, 7, 9, 9, 6, 1, 0, 6, 1, 1, 3, 0, 1, 3, 1, 7, 4, 3, 3, 3, 2, 6, 8, 6


Decimal expansion of log(53).
3, 9, 7, 0, 2, 9, 1, 9, 1, 3, 5, 5, 2, 1, 2, 1, 8, 3, 4, 1, 4, 4, 4, 6, 9, 1, 3, 9, 0, 2, 9, 0, 5, 7, 7, 7, 0, 3, 5, 9, 9, 7, 7, 7, 5, 2, 9, 1, 1, 2, 1, 7, 6, 0, 3, 0, 4, 8, 1, 2, 9, 4, 7, 0, 0, 1, 8, 0, 0, 4, 6, 3, 3, 9, 4, 3, 4, 8, 9, 8, 5, 8, 5, 3, 4, 6, 5, 9, 9, 4, 4, 4, 8, 5, 9, 2, 1, 2, 2, 9, 8, 4, 2, 1, 1


Decimal expansion of log(54).
3, 9, 8, 8, 9, 8, 4, 0, 4, 6, 5, 6, 4, 2, 7, 4, 3, 8, 3, 6, 0, 2, 9, 6, 7, 8, 3, 2, 2, 2, 5, 7, 5, 3, 6, 8, 2, 0, 1, 7, 9, 7, 1, 8, 0, 7, 8, 2, 8, 5, 0, 3, 6, 0, 9, 3, 2, 4, 7, 6, 3, 0, 1, 0, 4, 0, 5, 8, 7, 6, 5, 0, 1, 6, 2, 5, 5, 2, 1, 6, 1, 6, 2, 2, 6, 7, 1, 0, 5, 9, 1, 4, 3, 7, 6, 1, 4, 9, 5


Decimal expansion of log(55).
4, 0, 0, 7, 3, 3, 3, 1, 8, 5, 2, 3, 2, 4, 7, 0, 9, 1, 8, 6, 6, 2, 7, 0, 2, 9, 1, 1, 1, 9, 1, 3, 1, 6, 9, 3, 9, 3, 4, 7, 3, 0, 8, 2, 0, 8, 2, 0, 5, 9, 3, 4, 8, 9, 7, 1, 3, 1, 2, 1, 5, 6, 0, 0, 6, 0, 4, 7, 5, 2, 6, 1, 1, 6, 2, 0, 8, 9, 4, 4, 7, 7, 7, 0, 5, 1, 8, 8, 5, 8, 6, 0, 9, 5, 8, 1, 4, 4, 0


Decimal expansion of log(56).
4, 0, 2, 5, 3, 5, 1, 6, 9, 0, 7, 3, 5, 1, 4, 9, 2, 3, 3, 3, 5, 7, 0, 4, 9, 1, 0, 7, 8, 1, 7, 7, 0, 9, 4, 3, 3, 8, 6, 3, 5, 8, 5, 1, 3, 2, 6, 6, 2, 6, 2, 6, 9, 5, 0, 8, 2, 1, 4, 3, 0, 1, 7, 8, 4, 1, 7, 7, 6, 0, 7, 2, 8, 6, 6, 1, 1, 5, 3, 4, 1, 4, 6, 0, 5, 2, 4, 8, 4, 7, 9, 5, 7, 7, 1, 2, 7, 5, 8, 9, 6, 1, 9, 0, 6


Decimal expansion of log(57).
4, 0, 4, 3, 0, 5, 1, 2, 6, 7, 8, 3, 4, 5, 5, 0, 1, 5, 1, 4, 0, 4, 2, 7, 2, 6, 6, 8, 8, 1, 0, 3, 7, 9, 2, 4, 1, 8, 8, 4, 8, 6, 9, 8, 1, 9, 1, 2, 1, 8, 7, 8, 2, 7, 0, 2, 7, 2, 6, 5, 4, 5, 7, 0, 0, 4, 6, 7, 8, 6, 9, 9, 5, 2, 8, 2, 8, 0, 6, 2, 5, 5, 5, 8, 7, 7, 7, 4, 1, 3, 8, 6, 2, 9, 4, 7, 1, 9, 8


Decimal expansion of log(58).
4, 0, 6, 0, 4, 4, 3, 0, 1, 0, 5, 4, 6, 4, 1, 9, 3, 3, 6, 6, 0, 0, 5, 0, 4, 1, 5, 3, 8, 2, 0, 0, 8, 8, 1, 7, 3, 5, 7, 0, 0, 1, 3, 0, 4, 8, 2, 8, 2, 9, 9, 9, 3, 3, 3, 0, 4, 2, 3, 5, 0, 3, 6, 1, 1, 3, 6, 1, 7, 4, 4, 0, 3, 1, 0, 7, 5, 4, 7, 0, 4, 8, 8, 9, 9, 2, 3, 0, 4, 4, 1, 8, 1, 4, 2, 7, 5, 1, 1


Decimal expansion of log(59).
4, 0, 7, 7, 5, 3, 7, 4, 4, 3, 9, 0, 5, 7, 1, 9, 4, 5, 0, 6, 1, 6, 0, 5, 0, 3, 7, 3, 7, 1, 9, 6, 9, 7, 6, 2, 4, 0, 6, 3, 3, 4, 6, 7, 8, 9, 3, 3, 0, 4, 5, 4, 5, 2, 9, 5, 1, 2, 0, 3, 6, 6, 9, 7, 0, 5, 9, 2, 0, 0, 1, 1, 4, 2, 6, 5, 4, 2, 7, 4, 7, 7, 3, 5, 9, 3, 3, 9, 9, 5, 9, 8, 0, 2, 6, 3, 3, 7, 6


Decimal expansion of log(60).
4, 0, 9, 4, 3, 4, 4, 5, 6, 2, 2, 2, 2, 1, 0, 0, 6, 8, 4, 8, 3, 0, 4, 6, 8, 8, 1, 3, 0, 6, 5, 0, 6, 6, 4, 8, 0, 3, 2, 4, 0, 9, 2, 1, 8, 0, 8, 1, 1, 7, 7, 7, 6, 8, 1, 8, 8, 8, 7, 0, 2, 2, 4, 4, 0, 9, 8, 4, 6, 0, 5, 2, 4, 8, 6, 5, 6, 5, 6, 1, 6, 2, 7, 1, 5, 4, 7, 6, 2, 8, 6, 8, 9, 9, 7, 4, 9, 0, 7


Decimal expansion of log(61).
4, 1, 1, 0, 8, 7, 3, 8, 6, 4, 1, 7, 3, 3, 1, 1, 2, 4, 8, 7, 5, 1, 3, 8, 9, 1, 0, 3, 4, 2, 5, 6, 1, 4, 7, 4, 6, 3, 1, 5, 6, 8, 1, 7, 4, 3, 0, 8, 1, 2, 6, 1, 0, 6, 2, 9, 3, 7, 3, 8, 3, 6, 4, 6, 4, 1, 9, 4, 3, 9, 8, 0, 6, 8, 4, 4, 9, 4, 8, 7, 3, 1, 1, 8, 5, 4, 2, 9, 2, 0, 6, 1, 0, 0, 1, 0, 3, 7, 7


Decimal expansion of log(62).
4, 1, 2, 7, 1, 3, 4, 3, 8, 5, 0, 4, 5, 0, 9, 1, 5, 5, 5, 3, 4, 6, 3, 9, 6, 4, 4, 6, 0, 0, 0, 5, 3, 3, 7, 7, 8, 5, 2, 5, 4, 3, 9, 0, 6, 4, 8, 4, 0, 8, 4, 7, 2, 2, 5, 8, 7, 7, 3, 9, 8, 0, 8, 1, 9, 6, 8, 3, 7, 5, 0, 3, 8, 5, 6, 7, 2, 4, 5, 9, 4, 7, 8, 1, 9, 7, 2, 8, 1, 5, 8, 3, 3, 2, 5, 0, 5, 3, 1


Decimal expansion of log(63).
4, 1, 4, 3, 1, 3, 4, 7, 2, 6, 3, 9, 1, 5, 3, 2, 6, 8, 7, 8, 9, 5, 8, 4, 3, 2, 1, 7, 2, 8, 8, 2, 3, 1, 1, 3, 8, 9, 3, 2, 0, 6, 5, 8, 4, 5, 2, 2, 7, 3, 6, 0, 0, 9, 1, 9, 2, 8, 7, 7, 8, 8, 1, 7, 2, 1, 2, 5, 6, 8, 4, 4, 9, 1, 8, 9, 2, 8, 7, 2, 0, 1, 5, 3, 4, 8, 9, 0, 0, 0, 8, 2, 1, 5, 3, 3, 5, 7, 0


Decimal expansion of log(64).
4, 1, 5, 8, 8, 8, 3, 0, 8, 3, 3, 5, 9, 6, 7, 1, 8, 5, 6, 5, 0, 3, 3, 9, 2, 7, 2, 8, 7, 4, 9, 0, 5, 9, 4, 0, 8, 4, 5, 3, 0, 0, 0, 8, 0, 6, 1, 6, 1, 5, 3, 1, 5, 2, 4, 7, 2, 4, 0, 8, 0, 0, 5, 6, 9, 6, 0, 3, 6, 1, 7, 3, 1, 8, 1, 8, 1, 6, 8, 2, 9, 3, 6, 3, 5, 1, 7, 9, 9, 6, 1, 9, 7, 8, 5, 1, 2, 1, 2


Decimal expansion of log(65).
4, 1, 7, 4, 3, 8, 7, 2, 6, 9, 8, 9, 5, 6, 3, 7, 1, 1, 0, 6, 5, 4, 2, 4, 6, 7, 7, 4, 7, 9, 1, 5, 0, 6, 2, 4, 4, 3, 3, 0, 8, 6, 9, 2, 9, 9, 0, 2, 8, 7, 2, 4, 8, 3, 8, 3, 3, 1, 6, 9, 3, 4, 0, 2, 1, 3, 7, 6, 4, 3, 6, 5, 5, 0, 3, 2, 0, 6, 7, 9, 4, 4, 0, 2, 9, 7, 0, 8, 5, 4, 1, 5, 3, 3, 6, 6, 9, 0, 9, 9, 5, 6, 9, 2, 2


Decimal expansion of log(66).
4, 1, 8, 9, 6, 5, 4, 7, 4, 2, 0, 2, 6, 4, 2, 5, 5, 4, 4, 8, 7, 4, 4, 2, 0, 9, 3, 6, 3, 4, 5, 8, 3, 1, 5, 7, 2, 5, 4, 4, 6, 9, 7, 5, 4, 6, 1, 2, 0, 4, 2, 1, 8, 8, 1, 0, 7, 3, 9, 4, 2, 0, 5, 2, 2, 6, 1, 4, 6, 1, 5, 3, 9, 1, 0, 1, 5, 4, 0, 3, 9, 5, 5, 5, 4, 5, 3, 3, 7, 8, 9, 8, 1, 2, 7, 8, 5, 5, 6


Decimal expansion of log(67).
4, 2, 0, 4, 6, 9, 2, 6, 1, 9, 3, 9, 0, 9, 6, 6, 0, 5, 9, 6, 7, 0, 0, 7, 1, 9, 9, 6, 3, 6, 3, 7, 2, 2, 7, 5, 0, 5, 6, 6, 9, 3, 2, 9, 0, 3, 2, 2, 1, 8, 9, 5, 3, 3, 7, 1, 3, 7, 7, 8, 4, 1, 3, 0, 7, 7, 5, 2, 6, 8, 5, 0, 5, 5, 2, 8, 0, 8, 6, 8, 9, 6, 6, 3, 8, 9, 1, 4, 1, 8, 7, 8, 2, 1, 0, 2, 5, 4, 8


Decimal expansion of log(68).
4, 2, 1, 9, 5, 0, 7, 7, 0, 5, 1, 7, 6, 1, 0, 6, 6, 9, 9, 0, 8, 3, 9, 9, 8, 8, 6, 0, 7, 8, 9, 4, 7, 9, 6, 7, 1, 7, 3, 9, 2, 0, 3, 2, 8, 1, 3, 0, 6, 2, 5, 5, 2, 9, 5, 5, 3, 8, 5, 9, 7, 7, 5, 6, 8, 6, 9, 0, 7, 9, 8, 1, 9, 7, 4, 0, 3, 2, 0, 7, 1, 2, 1, 2, 3, 8, 2, 1, 5, 2, 2, 0, 3, 0, 3, 4, 0, 3, 2


Decimal expansion of log(69).
4, 2, 3, 4, 1, 0, 6, 5, 0, 4, 5, 9, 7, 2, 5, 9, 3, 8, 2, 2, 0, 1, 9, 9, 8, 0, 6, 8, 7, 3, 2, 7, 2, 1, 8, 2, 3, 0, 8, 9, 8, 7, 0, 8, 7, 2, 6, 6, 3, 1, 8, 5, 1, 9, 3, 7, 3, 3, 3, 2, 9, 7, 1, 1, 1, 2, 0, 4, 8, 7, 5, 3, 9, 2, 0, 3, 4, 0, 7, 2, 6, 5, 0, 7, 2, 0, 1, 6, 8, 4, 6, 9, 6, 6, 7, 2, 6, 9, 0


Decimal expansion of log(70).
4, 2, 4, 8, 4, 9, 5, 2, 4, 2, 0, 4, 9, 3, 5, 8, 9, 8, 9, 1, 2, 3, 3, 4, 4, 1, 9, 8, 1, 2, 7, 5, 4, 3, 9, 3, 7, 2, 3, 8, 1, 8, 6, 2, 1, 8, 2, 1, 0, 6, 3, 4, 1, 6, 4, 4, 9, 2, 7, 1, 8, 0, 5, 0, 9, 0, 5, 1, 5, 2, 4, 7, 2, 4, 2, 9, 4, 2, 1, 7, 4, 8, 0, 2, 3, 6, 5, 5, 7, 0, 3, 6, 7, 7, 4, 6, 9, 8, 2


Decimal expansion of log(71).
4, 2, 6, 2, 6, 7, 9, 8, 7, 7, 0, 4, 1, 3, 1, 5, 4, 2, 1, 3, 2, 9, 4, 5, 4, 5, 3, 2, 5, 1, 3, 0, 3, 4, 0, 9, 6, 7, 5, 9, 5, 7, 6, 5, 2, 6, 7, 1, 0, 5, 6, 6, 1, 0, 8, 1, 2, 1, 4, 2, 5, 8, 0, 2, 0, 2, 7, 3, 5, 1, 5, 0, 6, 8, 2, 4, 2, 3, 0, 3, 6, 5, 9, 6, 6, 2, 4, 3, 3, 2, 4, 2, 7, 2, 6, 3, 5, 1, 3


Decimal expansion of log(72).
4, 2, 7, 6, 6, 6, 6, 1, 1, 9, 0, 1, 6, 0, 5, 5, 3, 1, 1, 0, 4, 2, 1, 8, 6, 8, 3, 8, 2, 1, 9, 5, 8, 1, 1, 1, 3, 5, 2, 1, 4, 8, 1, 5, 1, 8, 7, 2, 6, 2, 6, 4, 6, 6, 5, 8, 3, 1, 4, 2, 8, 6, 9, 5, 7, 5, 5, 1, 6, 9, 4, 5, 2, 3, 4, 6, 3, 0, 2, 0, 8, 0, 5, 6, 4, 8, 2, 1, 4, 9, 0, 6, 1, 6, 7, 2, 0, 2, 4


Decimal expansion of log(73).
4, 2, 9, 0, 4, 5, 9, 4, 4, 1, 1, 4, 8, 3, 9, 1, 1, 2, 9, 0, 9, 2, 1, 0, 8, 8, 5, 7, 4, 3, 8, 5, 4, 2, 5, 7, 0, 9, 0, 4, 7, 5, 2, 8, 4, 4, 8, 7, 1, 5, 9, 7, 6, 6, 4, 5, 9, 5, 6, 9, 8, 8, 5, 7, 1, 6, 1, 7, 8, 9, 9, 7, 5, 9, 2, 0, 5, 9, 7, 2, 9, 3, 2, 7, 6, 3, 2, 9, 3, 2, 2, 8, 3, 4, 8, 5, 8, 8, 9


Decimal expansion of log(74).
4, 3, 0, 4, 0, 6, 5, 0, 9, 3, 2, 0, 4, 1, 6, 9, 7, 5, 3, 7, 8, 5, 3, 2, 7, 7, 9, 2, 4, 8, 9, 6, 2, 3, 7, 3, 1, 9, 7, 5, 5, 7, 7, 7, 2, 1, 5, 2, 7, 8, 9, 1, 4, 1, 7, 7, 6, 5, 5, 9, 2, 6, 9, 0, 6, 8, 6, 3, 8, 3, 3, 6, 8, 9, 6, 0, 0, 5, 5, 7, 8, 1, 0, 0, 4, 8, 8, 4, 8, 6, 0, 6, 6, 8, 5, 8, 7, 3, 4


Decimal expansion of log(75).
4, 3, 1, 7, 4, 8, 8, 1, 1, 3, 5, 3, 6, 3, 1, 0, 4, 4, 0, 5, 9, 6, 7, 6, 3, 9, 0, 3, 3, 7, 4, 9, 0, 0, 9, 8, 3, 6, 9, 8, 6, 9, 3, 2, 6, 6, 3, 5, 9, 7, 8, 4, 8, 9, 5, 5, 5, 9, 9, 9, 0, 1, 1, 6, 5, 8, 5, 8, 5, 2, 2, 6, 8, 6, 3, 3, 9, 2, 4, 4, 9, 6, 1, 3, 3, 8, 8, 3, 5, 1, 1, 0, 0, 0, 0, 9, 1, 3, 1


Decimal expansion of log(76).
4, 3, 3, 0, 7, 3, 3, 3, 4, 0, 2, 8, 6, 3, 3, 1, 0, 7, 8, 8, 4, 3, 4, 9, 1, 6, 7, 4, 8, 0, 4, 2, 0, 6, 6, 7, 3, 3, 8, 8, 3, 7, 9, 5, 3, 0, 0, 1, 9, 6, 3, 9, 3, 2, 6, 7, 7, 9, 3, 2, 0, 2, 5, 5, 3, 9, 6, 0, 7, 9, 9, 4, 6, 0, 0, 3, 5, 8, 6, 7, 1, 9, 9, 2, 5, 8, 8, 5, 0, 3, 7, 8, 0, 8, 5, 7, 7, 2, 7


Decimal expansion of log(77).
4, 3, 4, 3, 8, 0, 5, 4, 2, 1, 8, 5, 3, 6, 8, 3, 8, 4, 9, 1, 6, 7, 2, 9, 6, 3, 2, 1, 4, 0, 8, 3, 0, 9, 0, 2, 9, 4, 5, 8, 7, 9, 1, 5, 8, 3, 5, 1, 9, 2, 7, 8, 3, 6, 3, 6, 7, 7, 9, 5, 7, 8, 5, 9, 0, 6, 8, 1, 5, 3, 4, 8, 6, 6, 6, 5, 3, 0, 5, 9, 8, 0, 8, 6, 2, 7, 1, 3, 2, 0, 6, 5, 9, 0, 5, 0, 6, 3, 1


Decimal expansion of log(78).
4, 3, 5, 6, 7, 0, 8, 8, 2, 6, 6, 8, 9, 5, 9, 1, 7, 3, 6, 8, 6, 5, 9, 6, 4, 7, 9, 9, 9, 4, 6, 0, 2, 0, 8, 7, 7, 5, 2, 8, 2, 5, 8, 6, 3, 6, 9, 4, 3, 2, 1, 1, 8, 2, 2, 2, 7, 4, 4, 1, 9, 8, 5, 3, 7, 9, 4, 3, 5, 2, 5, 8, 2, 5, 1, 2, 7, 1, 3, 8, 6, 1, 8, 7, 9, 0, 5, 3, 7, 4, 5, 2, 5, 0, 6, 4, 0, 2, 6


Decimal expansion of log(79).
4, 3, 6, 9, 4, 4, 7, 8, 5, 2, 4, 6, 7, 0, 2, 1, 4, 9, 4, 1, 7, 2, 9, 4, 5, 5, 4, 1, 4, 8, 1, 4, 1, 0, 9, 2, 2, 1, 7, 3, 5, 4, 1, 2, 2, 4, 4, 2, 2, 6, 0, 9, 6, 2, 5, 4, 1, 2, 1, 7, 1, 1, 1, 7, 5, 5, 9, 8, 0, 6, 0, 6, 1, 1, 2, 4, 4, 3, 2, 2, 7, 8, 1, 4, 5, 9, 4, 0, 3, 6, 5, 7, 7, 4, 0, 7, 9, 6, 0


Decimal expansion of log(80).
4, 3, 8, 2, 0, 2, 6, 6, 3, 4, 6, 7, 3, 8, 8, 1, 6, 1, 2, 2, 6, 9, 6, 8, 7, 8, 1, 9, 0, 5, 8, 8, 9, 3, 9, 1, 1, 8, 2, 7, 6, 0, 1, 8, 9, 1, 7, 0, 9, 5, 3, 8, 7, 3, 8, 3, 9, 5, 3, 6, 7, 9, 2, 9, 4, 4, 7, 7, 5, 3, 4, 7, 5, 5, 8, 6, 4, 3, 6, 6, 2, 7, 0, 5, 3, 5, 8, 7, 1, 8, 6, 0, 7, 8, 8, 5, 4, 3, 6


Decimal expansion of log(81).
4, 3, 9, 4, 4, 4, 9, 1, 5, 4, 6, 7, 2, 4, 3, 8, 7, 6, 5, 5, 8, 0, 9, 8, 0, 9, 4, 7, 6, 9, 0, 1, 0, 2, 8, 1, 8, 5, 8, 9, 9, 6, 2, 2, 3, 1, 2, 9, 0, 9, 9, 7, 8, 0, 6, 9, 3, 8, 7, 7, 7, 3, 3, 4, 5, 4, 9, 9, 7, 7, 1, 7, 2, 8, 7, 4, 4, 3, 5, 8, 6, 7, 4, 9, 4, 4, 6, 3, 0, 1, 9, 2, 5, 4, 9, 2, 8, 3, 5


Decimal expansion of log(82).
4, 4, 0, 6, 7, 1, 9, 2, 4, 7, 2, 6, 4, 2, 5, 3, 1, 1, 3, 2, 8, 3, 9, 9, 5, 4, 9, 4, 4, 9, 5, 5, 8, 4, 1, 5, 6, 4, 5, 1, 9, 1, 0, 6, 0, 3, 7, 5, 9, 5, 5, 6, 8, 8, 7, 7, 3, 9, 9, 4, 2, 9, 1, 9, 7, 5, 3, 3, 7, 2, 2, 3, 8, 3, 7, 5, 3, 5, 2, 2, 2, 1, 5, 6, 8, 1, 8, 0, 4, 6, 8, 3, 6, 8, 4, 0, 5, 4, 9


Decimal expansion of log(83).
4, 4, 1, 8, 8, 4, 0, 6, 0, 7, 7, 9, 6, 5, 9, 7, 9, 2, 3, 4, 7, 5, 4, 7, 2, 2, 2, 3, 2, 9, 1, 3, 7, 0, 4, 5, 3, 0, 2, 9, 3, 1, 3, 0, 5, 6, 6, 6, 3, 2, 3, 6, 3, 7, 0, 1, 8, 7, 9, 4, 3, 4, 6, 2, 9, 3, 8, 5, 7, 8, 9, 8, 9, 8, 8, 8, 9, 9, 0, 6, 0, 5, 8, 3, 8, 4, 2, 7, 2, 9, 6, 9, 7, 0, 5, 7, 3, 4, 3


Decimal expansion of log(84).
4, 4, 3, 0, 8, 1, 6, 7, 9, 8, 8, 4, 3, 3, 1, 3, 6, 1, 5, 3, 3, 5, 0, 6, 2, 2, 2, 3, 2, 8, 2, 0, 5, 8, 5, 7, 0, 4, 3, 5, 5, 7, 5, 5, 5, 6, 1, 2, 5, 1, 2, 1, 1, 4, 8, 4, 3, 5, 4, 4, 4, 5, 0, 2, 5, 6, 1, 8, 6, 1, 3, 9, 9, 9, 1, 0, 0, 6, 7, 6, 6, 5, 8, 7, 3, 0, 0, 0, 9, 0, 7, 3, 9, 4, 4, 4, 0, 9, 9


Decimal expansion of log(85).
4, 4, 4, 2, 6, 5, 1, 2, 5, 6, 4, 9, 0, 3, 1, 6, 4, 5, 4, 8, 5, 0, 2, 9, 3, 9, 5, 1, 0, 9, 9, 3, 1, 4, 1, 7, 5, 1, 1, 3, 8, 0, 4, 3, 6, 6, 8, 5, 4, 2, 6, 2, 5, 0, 9, 2, 0, 9, 8, 8, 5, 6, 2, 9, 3, 5, 6, 4, 7, 1, 5, 6, 3, 5, 0, 8, 5, 8, 9, 0, 4, 5, 5, 4, 2, 2, 2, 8, 7, 4, 6, 1, 3, 0, 6, 8, 2, 5, 5


Decimal expansion of log(86).
4, 4, 5, 4, 3, 4, 7, 2, 9, 6, 2, 5, 3, 5, 0, 7, 7, 3, 2, 8, 9, 0, 0, 7, 4, 6, 3, 4, 8, 0, 4, 0, 2, 3, 6, 0, 3, 6, 3, 4, 6, 3, 6, 3, 1, 9, 2, 4, 1, 8, 1, 0, 6, 6, 9, 3, 1, 2, 3, 6, 5, 2, 7, 4, 4, 1, 6, 2, 5, 2, 7, 9, 5, 8, 4, 2, 6, 8, 1, 1, 5, 4, 1, 4, 3, 4, 5, 5, 3, 2, 5, 0, 8, 0, 4, 1, 5, 9, 7


Decimal expansion of log(87).
4, 4, 6, 5, 9, 0, 8, 1, 1, 8, 6, 5, 4, 5, 8, 3, 7, 1, 8, 5, 7, 8, 5, 1, 7, 2, 6, 9, 2, 8, 4, 4, 3, 7, 3, 1, 0, 1, 4, 2, 0, 0, 3, 4, 7, 1, 7, 4, 5, 4, 9, 3, 5, 3, 0, 6, 5, 6, 3, 6, 4, 6, 8, 5, 2, 8, 0, 2, 7, 5, 0, 7, 4, 3, 5, 6, 4, 6, 1, 3, 0, 0, 1, 6, 6, 9, 8, 2, 8, 6, 9, 6, 3, 1, 5, 8, 8, 5, 1


Decimal expansion of log(88).
4, 4, 7, 7, 3, 3, 6, 8, 1, 4, 4, 7, 8, 2, 0, 6, 4, 7, 2, 3, 1, 3, 6, 3, 9, 9, 4, 2, 3, 3, 9, 6, 5, 9, 0, 0, 4, 0, 4, 8, 2, 0, 7, 2, 5, 7, 0, 1, 8, 1, 8, 2, 9, 3, 7, 5, 8, 0, 6, 0, 7, 7, 3, 7, 6, 1, 0, 7, 5, 4, 4, 8, 9, 8, 2, 2, 3, 2, 0, 8, 5, 9, 8, 9, 2, 6, 4, 4, 6, 8, 8, 9, 9, 1, 8, 9, 0, 8, 5


Decimal expansion of log(89).
4, 4, 8, 8, 6, 3, 6, 3, 6, 9, 7, 3, 2, 1, 3, 9, 8, 3, 8, 3, 1, 7, 8, 1, 5, 5, 4, 0, 6, 6, 9, 8, 4, 9, 2, 1, 9, 4, 0, 4, 6, 6, 0, 3, 8, 7, 1, 3, 2, 9, 5, 9, 3, 6, 4, 1, 0, 6, 6, 9, 7, 5, 7, 7, 2, 8, 7, 9, 5, 3, 8, 9, 2, 7, 7, 9, 4, 5, 6, 2, 4, 6, 4, 4, 7, 0, 6, 3, 5, 5, 1, 9, 4, 9, 4, 7, 5, 7, 4


Decimal expansion of log(90).
4, 4, 9, 9, 8, 0, 9, 6, 7, 0, 3, 3, 0, 2, 6, 5, 0, 6, 6, 8, 0, 8, 4, 8, 1, 9, 2, 8, 5, 2, 9, 4, 1, 5, 6, 1, 6, 8, 9, 6, 0, 8, 2, 6, 0, 4, 2, 7, 4, 2, 7, 1, 8, 7, 9, 5, 0, 2, 7, 1, 6, 5, 6, 8, 2, 4, 2, 5, 6, 1, 1, 9, 6, 1, 1, 4, 5, 7, 0, 4, 1, 3, 9, 8, 3, 2, 2, 8, 7, 1, 4, 7, 1, 7, 0, 6, 2, 4, 7


Decimal expansion of log(91).
4, 5, 1, 0, 8, 5, 9, 5, 0, 6, 5, 1, 6, 8, 5, 0, 0, 4, 1, 1, 5, 8, 8, 4, 0, 1, 8, 5, 0, 0, 8, 4, 9, 8, 3, 3, 4, 4, 4, 2, 3, 5, 2, 6, 7, 4, 3, 4, 2, 0, 6, 8, 3, 0, 4, 8, 7, 8, 4, 3, 5, 6, 6, 0, 6, 0, 1, 0, 4, 4, 5, 3, 0, 0, 7, 6, 4, 7, 9, 4, 4, 7, 1, 8, 7, 2, 3, 3, 1, 6, 2, 0, 2, 8, 3, 6, 1, 0, 1


Decimal expansion of log(92).
4, 5, 2, 1, 7, 8, 8, 5, 7, 7, 0, 4, 9, 0, 4, 0, 3, 0, 9, 6, 4, 1, 2, 1, 7, 0, 7, 4, 7, 2, 6, 5, 4, 9, 2, 5, 4, 5, 9, 3, 3, 8, 0, 5, 8, 3, 5, 6, 0, 9, 4, 6, 2, 5, 0, 2, 3, 9, 9, 9, 5, 3, 9, 6, 4, 6, 9, 7, 8, 0, 4, 8, 9, 9, 2, 4, 1, 8, 7, 7, 2, 9, 4, 1, 0, 1, 2, 7, 7, 4, 6, 1, 4, 5, 8, 3, 2, 1, 8


Decimal expansion of log(93).
4, 5, 3, 2, 5, 9, 9, 4, 9, 3, 1, 5, 3, 2, 5, 5, 9, 3, 7, 3, 2, 4, 4, 0, 9, 5, 6, 1, 4, 6, 4, 8, 8, 2, 9, 1, 5, 0, 9, 7, 4, 2, 9, 4, 8, 8, 3, 0, 3, 3, 4, 1, 4, 2, 3, 4, 9, 1, 4, 1, 2, 4, 0, 6, 1, 1, 2, 4, 7, 5, 7, 0, 9, 8, 1, 6, 1, 6, 0, 1, 9, 9, 0, 8, 7, 4, 8, 0, 5, 8, 6, 1, 4, 9, 8, 1, 8, 7, 1


Decimal expansion of log(94).
4, 5, 4, 3, 2, 9, 4, 7, 8, 2, 2, 7, 0, 0, 0, 3, 8, 9, 6, 2, 3, 8, 1, 8, 2, 7, 9, 1, 2, 3, 0, 3, 5, 0, 2, 7, 6, 9, 7, 1, 5, 5, 0, 6, 3, 6, 3, 8, 0, 4, 7, 9, 2, 8, 7, 3, 2, 1, 1, 8, 8, 3, 5, 6, 3, 0, 0, 2, 1, 1, 8, 3, 5, 4, 7, 5, 4, 9, 5, 7, 8, 8, 2, 1, 6, 5, 5, 3, 0, 8, 0, 4, 3, 1, 1, 6, 4, 6, 6


Decimal expansion of log(95).
4, 5, 5, 3, 8, 7, 6, 8, 9, 1, 6, 0, 0, 5, 4, 0, 8, 3, 4, 6, 0, 9, 7, 8, 6, 7, 6, 5, 1, 1, 4, 0, 4, 1, 1, 7, 6, 7, 6, 2, 9, 8, 0, 6, 1, 5, 5, 6, 7, 6, 4, 6, 5, 4, 0, 4, 5, 0, 6, 0, 8, 1, 2, 7, 8, 8, 3, 4, 7, 1, 6, 8, 9, 7, 7, 1, 8, 5, 5, 0, 5, 3, 3, 4, 4, 2, 9, 2, 2, 6, 1, 9, 0, 8, 9, 1, 9, 5, 0


Decimal expansion of log(96).
4, 5, 6, 4, 3, 4, 8, 1, 9, 1, 4, 6, 7, 8, 3, 6, 2, 3, 8, 4, 8, 1, 4, 0, 5, 8, 4, 4, 2, 1, 3, 4, 0, 8, 5, 4, 5, 0, 2, 4, 9, 9, 1, 2, 2, 9, 6, 2, 4, 0, 2, 5, 7, 2, 2, 3, 3, 8, 0, 9, 4, 3, 8, 1, 1, 0, 4, 4, 6, 2, 4, 0, 3, 0, 6, 7, 0, 8, 2, 5, 4, 4, 9, 0, 2, 9, 3, 2, 3, 8, 9, 7, 9, 5, 8, 2, 5, 5, 2


Decimal expansion of log(97).
4, 5, 7, 4, 7, 1, 0, 9, 7, 8, 5, 0, 3, 3, 8, 2, 8, 2, 2, 1, 1, 6, 7, 2, 1, 6, 2, 1, 7, 0, 3, 9, 6, 1, 7, 1, 3, 8, 0, 8, 9, 1, 4, 9, 0, 2, 6, 5, 8, 7, 8, 1, 3, 5, 5, 9, 7, 6, 2, 3, 4, 3, 6, 8, 7, 6, 0, 1, 7, 7, 2, 9, 1, 7, 7, 8, 1, 8, 7, 1, 2, 5, 3, 4, 2, 2, 8, 2, 7, 4, 5, 0, 3, 4, 2, 7, 4, 5, 4, 9, 9, 2, 6, 9, 5


Decimal expansion of log(98).
4, 5, 8, 4, 9, 6, 7, 4, 7, 8, 6, 7, 0, 5, 7, 1, 9, 1, 9, 6, 2, 7, 9, 3, 7, 6, 0, 8, 3, 4, 4, 5, 3, 6, 0, 2, 7, 3, 4, 9, 6, 6, 9, 5, 9, 3, 5, 2, 3, 9, 7, 7, 6, 3, 1, 0, 3, 9, 4, 6, 0, 3, 0, 9, 3, 6, 8, 5, 5, 3, 3, 4, 7, 4, 7, 3, 8, 3, 3, 2, 5, 1, 1, 8, 1, 1, 8, 0, 3, 2, 4, 1, 7, 2, 1, 6, 1, 7, 4


Decimal expansion of log(99).
4, 5, 9, 5, 1, 1, 9, 8, 5, 0, 1, 3, 4, 5, 8, 9, 9, 2, 6, 8, 5, 2, 4, 3, 4, 0, 5, 1, 8, 1, 0, 1, 8, 0, 7, 0, 9, 1, 1, 6, 6, 8, 7, 9, 6, 9, 5, 8, 2, 9, 1, 6, 0, 7, 8, 6, 8, 7, 9, 5, 6, 3, 7, 6, 4, 0, 5, 5, 6, 2, 2, 1, 0, 3, 5, 0, 4, 5, 4, 6, 4, 6, 8, 2, 2, 2, 8, 6, 2, 1, 7, 6, 3, 0, 0, 9, 8, 9, 6


Decimal expansion of log(100).
4, 6, 0, 5, 1, 7, 0, 1, 8, 5, 9, 8, 8, 0, 9, 1, 3, 6, 8, 0, 3, 5, 9, 8, 2, 9, 0, 9, 3, 6, 8, 7, 2, 8, 4, 1, 5, 2, 0, 2, 2, 0, 2, 9, 7, 7, 2, 5, 7, 5, 4, 5, 9, 5, 2, 0, 6, 6, 6, 5, 5, 8, 0, 1, 9, 3, 5, 1, 4, 5, 2, 1, 9, 3, 5, 4, 7, 0, 4, 9, 6, 0, 4, 7, 1, 9, 9, 4, 4, 1, 0, 1, 7, 9, 1, 9, 6, 5, 9


Expansion of (2-2*x-x^2)/(1-2*x^2)/(1-x)^2.
2, 2, 5, 4, 9, 6, 15, 8, 25, 10, 43, 12, 77, 14, 143, 16, 273, 18, 531, 20, 1045, 22, 2071, 24, 4121, 26, 8219, 28, 16413, 30, 32799, 32, 65569, 34, 131107, 36, 262181, 38, 524327, 40, 1048617, 42, 2097195, 44


Number of integer solutions to x^2+y^2+z^2 = n^2, allowing zeros and distinguishing signs and order.
1, 6, 6, 30, 6, 30, 30, 54, 6, 102, 30, 78, 30, 78, 54, 150, 6, 102, 102, 126, 30, 270, 78, 150, 30, 150, 78, 318, 54, 174, 150, 198, 6, 390, 102, 270, 102, 222, 126, 390, 30, 246, 270, 270, 78, 510, 150, 294, 30, 390, 150, 510, 78, 318, 318, 390, 54, 630, 174, 366


Smallest k such that 1, 4, 9, ..., n^2 are distinct mod k.
1, 2, 6, 9, 10, 13, 14, 17, 19, 22, 22, 26, 26, 29, 31, 34, 34, 37, 38, 41, 43, 46, 46, 53, 53, 53, 58, 58, 58, 61, 62, 67, 67, 71, 71, 73, 74, 79, 79, 82, 82, 86, 86, 89, 94, 94, 94, 97, 101, 101, 103, 106, 106, 109, 113, 113, 118, 118, 118, 122, 122, 127, 127, 131, 131, 134


Number of inequivalent solutions to x^2+y^2+z^2 = n^2.
1, 1, 1, 2, 1, 2, 2, 2, 1, 4, 2, 3, 2, 3, 2, 5, 1, 4, 4, 4, 2, 7, 3, 4, 2, 5, 3, 9, 2, 5, 5, 5, 1, 11, 4, 7, 4, 6, 4, 10, 2, 7, 7, 7, 3, 13, 4, 7, 2, 9, 5, 14, 3, 8, 9, 10, 2, 16, 5, 9, 5, 9, 5, 21, 1, 11, 11, 10, 4, 17, 7, 10, 4, 11, 6, 18, 4, 16, 10, 11, 2, 23, 7, 12, 7, 14, 7, 20, 3


Number of integer points (x,y,z) at distance &lt;= 0.5 from sphere of radius n.
1, 18, 62, 98, 210, 350, 450, 602, 762, 1142, 1250, 1458, 1814, 2178, 2498, 2622, 3338, 3722, 4170, 4358, 5034, 5714, 5982, 6602, 7130, 8034, 8606, 9066, 9962, 10550, 11226, 12146, 12606, 13802, 14754, 15194, 16454, 17154, 18266, 18750


Highest minimal Hamming distance of any Type 4^H+ Hermitian additive self-dual code over GF(4) of length n.
1, 2, 2, 2, 3, 4, 3, 4, 4, 4, 5, 6, 5, 6, 6, 6, 7, 8, 7, 8, 8, 8


Continued fraction for log(2).
0, 1, 2, 3, 1, 6, 3, 1, 1, 2, 1, 1, 1, 1, 3, 10, 1, 1, 1, 2, 1, 1, 1, 1, 3, 2, 3, 1, 13, 7, 4, 1, 1, 1, 7, 2, 4, 1, 1, 2, 5, 14, 1, 10, 1, 4, 2, 18, 3, 1, 4, 1, 6, 2, 7, 3, 3, 1, 13, 3, 1, 4, 4, 1, 3, 1, 1, 1, 1, 2, 17, 3, 1, 2, 32, 1, 1, 1


Continued fraction for log(3).
1, 10, 7, 9, 2, 2, 1, 3, 1, 32, 2, 17, 1, 15, 1, 1, 7, 3, 1, 35, 1, 1, 1, 2, 5, 3, 2, 1, 4, 2, 1, 3, 1, 5, 3, 13, 1, 1, 1, 6, 2, 3, 1, 152, 1, 2, 3, 1, 7, 9, 2, 1, 3, 19, 2, 2, 2, 3, 2, 5, 1, 1, 4, 1, 19, 5, 4, 2, 1, 2, 7, 4, 2, 1, 6, 3, 2


Continued fraction for log(4).
1, 2, 1, 1, 2, 3, 7, 6, 4, 1, 1, 21, 3, 1, 3, 3, 1, 1, 2, 1, 1, 2, 6, 1, 1, 3, 9, 3, 3, 1, 2, 1, 1, 1, 3, 1, 10, 7, 2, 5, 2, 2, 4, 9, 7, 1, 1, 1, 13, 1, 14, 1, 1, 1, 1, 2, 6, 1, 1, 1, 2, 2, 9, 1, 1, 3, 3, 1, 34, 1, 1, 5, 16, 3, 3, 1, 1, 9, 2


Continued fraction for log(5).
1, 1, 1, 1, 1, 3, 1, 1, 1, 3, 4, 6, 94, 1, 3, 4, 40, 1, 5, 2, 2, 1, 1, 7, 7, 8, 39, 4, 3, 4, 1, 9, 1, 1, 2, 1, 7, 1, 6, 2, 18, 1, 1, 1, 12, 1, 1, 3, 1, 1, 4, 16, 16, 3, 3, 2, 1, 17, 1, 8, 1, 20, 1, 15, 15, 10, 2, 13, 1, 1, 34, 1, 32, 25


Continued fraction for log(6).
1, 1, 3, 1, 4, 18, 2, 330, 3, 1, 2, 1, 1, 4, 1, 4, 2, 6, 2, 2, 1, 3, 4, 5, 1, 6, 3, 1, 5, 1, 37, 1, 1, 1, 3, 1, 2, 1, 1, 2, 1, 1, 5, 4, 2, 2, 1, 37, 4, 31, 1, 1, 49, 1, 7, 1, 6, 2, 7, 2, 2, 4, 2, 6, 1, 1, 8, 1, 1, 2, 9, 1, 5, 1, 12, 1, 10, 2


Continued fraction for log(7).
1, 1, 17, 2, 19, 1, 11, 2, 1, 1, 1, 9, 1, 3, 8, 2, 1, 4, 2, 1, 1, 1, 1, 3, 2, 2, 1, 5, 1, 1, 3, 3, 1, 2, 2, 1, 1, 2, 3, 1, 1, 2, 5, 1, 5, 1, 1, 2, 7, 2, 3, 23, 1, 2, 1, 1, 2, 4, 2, 1, 1, 1, 3, 1, 1, 2, 20, 12, 3, 2, 1, 1, 1, 1, 1, 1, 12, 2, 2


Continued fraction for log(8).
2, 12, 1, 1, 2, 2, 1, 8, 1, 4, 1, 31, 1, 8, 1, 4, 1, 6, 1, 3, 4, 2, 1, 1, 1, 2, 1, 4, 1, 1, 2, 6, 1, 1, 1, 7, 1, 1, 2, 4, 1, 1, 1, 3, 3, 1, 2, 55, 1, 3, 1, 1, 1, 1, 1, 1, 4, 1, 1, 1, 3, 3, 41, 1, 3, 1, 2, 2, 12, 1, 5, 2, 5, 2, 2, 1, 3, 1, 10


Continued fraction for log(9).
2, 5, 14, 4, 1, 2, 2, 8, 1, 15, 1, 2, 1, 8, 2, 7, 1, 3, 3, 1, 1, 1, 2, 17, 1, 4, 2, 1, 2, 6, 1, 2, 2, 5, 1, 1, 2, 2, 1, 1, 1, 27, 3, 3, 4, 1, 1, 306, 2, 1, 1, 2, 3, 1, 1, 4, 5, 1, 1, 38, 1, 4, 1, 6, 1, 11, 10, 1, 9, 10, 2, 5, 2, 1, 3, 8, 1


Continued fraction for log(10).
2, 3, 3, 3, 1, 1, 3, 6, 3, 3, 1, 4, 2, 1, 2, 1, 3, 26, 5, 1, 23, 1, 1, 1, 2, 2, 3, 19, 1, 3, 716, 1, 2, 1, 1, 2, 2, 1, 22, 1, 17, 4, 1, 13, 7, 3, 5, 1, 1, 1, 1, 1, 7, 7, 1, 1, 4, 2, 1, 15, 1, 4, 2, 4, 1, 28, 1, 1, 2, 4, 1, 3, 6, 1, 9, 2, 4, 3, 1, 4, 3, 4, 1, 24, 16, 4, 6, 1, 33, 20, 9, 1, 1, 7, 24, 4, 2


Continued fraction for log(11).
2, 2, 1, 1, 18, 2, 2, 7, 1, 6, 1, 1, 4, 1, 32, 4, 1, 1, 1, 3, 1, 1, 1, 2, 1, 4, 1, 1, 3, 1, 43, 4, 1, 1, 1, 25, 3, 2, 17, 4, 2, 1, 2, 1, 3, 1, 1, 89, 5, 1, 1, 1, 3, 1, 1, 2, 15, 3, 1, 49, 1, 1, 2, 35, 23, 1, 7, 2, 2, 3, 1, 2, 2, 1, 74, 1


Continued fraction for log(12).
2, 2, 16, 15, 1, 2, 1, 1, 1, 16, 1, 12, 1, 2, 1, 6, 1, 6, 4, 3, 1, 4, 10, 3, 1, 1, 28, 1, 1, 1, 1, 2, 4, 3, 1, 2, 1, 1, 25, 3, 1, 44, 1, 3, 1, 25, 1, 17, 7, 15, 7, 15, 1, 3, 1, 2, 1, 1, 2, 7, 1, 1, 1, 4, 1, 16, 1, 4, 6, 1, 1, 1, 1, 12, 4, 7


Initial pile sizes which guarantee a win for player 2 in a certain variant of NIM.
2, 3, 5, 6, 7, 8, 11, 13, 18, 19, 22, 26, 30, 43, 70, 71, 76, 84, 140, 153, 223, 224, 392, 394, 405, 681, 689, 696, 1149, 1164, 1747, 1759, 1760, 2893, 2894, 2895, 4773


Even squares: a(n) = (2n)^2.
0, 4, 16, 36, 64, 100, 144, 196, 256, 324, 400, 484, 576, 676, 784, 900, 1024, 1156, 1296, 1444, 1600, 1764, 1936, 2116, 2304, 2500, 2704, 2916, 3136, 3364, 3600, 3844, 4096, 4356, 4624, 4900, 5184, 5476, 5776, 6084, 6400, 6724, 7056, 7396, 7744, 8100, 8464


Even cubes: a(n) = (2*n)^3.
0, 8, 64, 216, 512, 1000, 1728, 2744, 4096, 5832, 8000, 10648, 13824, 17576, 21952, 27000, 32768, 39304, 46656, 54872, 64000, 74088, 85184, 97336, 110592, 125000, 140608, 157464, 175616, 195112, 216000, 238328, 262144, 287496, 314432


a(n) = (2*n)^4.
0, 16, 256, 1296, 4096, 10000, 20736, 38416, 65536, 104976, 160000, 234256, 331776, 456976, 614656, 810000, 1048576, 1336336, 1679616, 2085136, 2560000, 3111696, 3748096, 4477456, 5308416, 6250000


a(n) = (2*n)^5.
0, 32, 1024, 7776, 32768, 100000, 248832, 537824, 1048576, 1889568, 3200000, 5153632, 7962624, 11881376, 17210368, 24300000, 33554432, 45435424, 60466176, 79235168, 102400000, 130691232, 164916224


a(n) = (2*n)^6.
0, 64, 4096, 46656, 262144, 1000000, 2985984, 7529536, 16777216, 34012224, 64000000, 113379904, 191102976, 308915776, 481890304, 729000000, 1073741824, 1544804416, 2176782336, 3010936384


a(n) = (2*n)^7.
0, 128, 16384, 279936, 2097152, 10000000, 35831808, 105413504, 268435456, 612220032, 1280000000, 2494357888, 4586471424, 8031810176, 13492928512, 21870000000, 34359738368, 52523350144, 78364164096


a(n) = (2*n)^8.
0, 256, 65536, 1679616, 16777216, 100000000, 429981696, 1475789056, 4294967296, 11019960576, 25600000000, 54875873536, 110075314176, 208827064576, 377801998336, 656100000000, 1099511627776, 1785793904896


a(n) = (2*n)^9.
0, 512, 262144, 10077696, 134217728, 1000000000, 5159780352, 20661046784, 68719476736, 198359290368, 512000000000, 1207269217792, 2641807540224, 5429503678976, 10578455953408, 19683000000000, 35184372088832, 60716992766464


a(n) = (2*n)^10.
0, 1024, 1048576, 60466176, 1073741824, 10000000000, 61917364224, 289254654976, 1099511627776, 3570467226624, 10240000000000, 26559922791424, 63403380965376, 141167095653376, 296196766695424


