a(n) = (2*n)^11.
0, 2048, 4194304, 362797056, 8589934592, 100000000000, 743008370688, 4049565169664, 17592186044416, 64268410079232, 204800000000000, 584318301411328, 1521681143169024, 3670344486987776, 8293509467471872


a(n) = (2*n)^12.
0, 4096, 16777216, 2176782336, 68719476736, 1000000000000, 8916100448256, 56693912375296, 281474976710656, 1156831381426176, 4096000000000000, 12855002631049216, 36520347436056576, 95428956661682176


Expansion of 1/((1-3x)(1-4x)(1-5x)).
1, 12, 97, 660, 4081, 23772, 133057, 724260, 3863761, 20308332, 105558817, 544039860, 2785713841, 14192221692, 72020501377, 364354427460, 1838822866321, 9262446387852, 46585947584737


Odd squares: a(n) = (2n+1)^2. Also centered octagonal numbers.
1, 9, 25, 49, 81, 121, 169, 225, 289, 361, 441, 529, 625, 729, 841, 961, 1089, 1225, 1369, 1521, 1681, 1849, 2025, 2209, 2401, 2601, 2809, 3025, 3249, 3481, 3721, 3969, 4225, 4489, 4761, 5041, 5329, 5625, 5929, 6241, 6561, 6889, 7225, 7569


Odd cubes: a(n) = (2*n + 1)^3.
1, 27, 125, 343, 729, 1331, 2197, 3375, 4913, 6859, 9261, 12167, 15625, 19683, 24389, 29791, 35937, 42875, 50653, 59319, 68921, 79507, 91125, 103823, 117649, 132651, 148877, 166375, 185193, 205379


a(n) = (2*n+1)^4.
1, 81, 625, 2401, 6561, 14641, 28561, 50625, 83521, 130321, 194481, 279841, 390625, 531441, 707281, 923521, 1185921, 1500625, 1874161, 2313441, 2825761, 3418801, 4100625, 4879681, 5764801, 6765201


a(n) = (2*n+1)^5.
1, 243, 3125, 16807, 59049, 161051, 371293, 759375, 1419857, 2476099, 4084101, 6436343, 9765625, 14348907, 20511149, 28629151, 39135393, 52521875, 69343957, 90224199, 115856201, 147008443, 184528125


a(n) = (2*n+1)^6.
1, 729, 15625, 117649, 531441, 1771561, 4826809, 11390625, 24137569, 47045881, 85766121, 148035889, 244140625, 387420489, 594823321, 887503681, 1291467969, 1838265625, 2565726409, 3518743761


a(n) = (2*n+1)^7.
1, 2187, 78125, 823543, 4782969, 19487171, 62748517, 170859375, 410338673, 893871739, 1801088541, 3404825447, 6103515625, 10460353203, 17249876309, 27512614111, 42618442977, 64339296875, 94931877133


a(n) = (2*n+1)^8.
1, 6561, 390625, 5764801, 43046721, 214358881, 815730721, 2562890625, 6975757441, 16983563041, 37822859361, 78310985281, 152587890625, 282429536481, 500246412961, 852891037441, 1406408618241, 2251875390625


a(n) = (2*n+1)^9.
1, 19683, 1953125, 40353607, 387420489, 2357947691, 10604499373, 38443359375, 118587876497, 322687697779, 794280046581, 1801152661463, 3814697265625, 7625597484987, 14507145975869, 26439622160671


a(n) = (2*n + 1)^10.
1, 59049, 9765625, 282475249, 3486784401, 25937424601, 137858491849, 576650390625, 2015993900449, 6131066257801, 16679880978201, 41426511213649, 95367431640625, 205891132094649, 420707233300201


a(n) = (2*n+1)^11.
1, 177147, 48828125, 1977326743, 31381059609, 285311670611, 1792160394037, 8649755859375, 34271896307633, 116490258898219, 350277500542221, 952809757913927, 2384185791015625, 5559060566555523


a(n) = (2*n+1)^12.
1, 531441, 244140625, 13841287201, 282429536481, 3138428376721, 23298085122481, 129746337890625, 582622237229761, 2213314919066161, 7355827511386641, 21914624432020321, 59604644775390625, 150094635296999121


Expansion of 1/((1-3x)(1-4x)(1-6x)).
1, 13, 115, 865, 5971, 39193, 249355, 1555105, 9573091, 58428073, 354585595, 2143759345, 12928070611, 77832076153, 468051849835, 2812563019585, 16892428846531, 101422905135433, 608811146458075, 3653962903591825, 21928165007708851, 131586550851237913


(3*n)^2.
0, 9, 36, 81, 144, 225, 324, 441, 576, 729, 900, 1089, 1296, 1521, 1764, 2025, 2304, 2601, 2916, 3249, 3600, 3969, 4356, 4761, 5184, 5625, 6084, 6561, 7056, 7569, 8100, 8649, 9216, 9801, 10404, 11025, 11664, 12321, 12996, 13689, 14400, 15129, 15876


(3*n)^3.
0, 27, 216, 729, 1728, 3375, 5832, 9261, 13824, 19683, 27000, 35937, 46656, 59319, 74088, 91125, 110592, 132651, 157464, 185193, 216000, 250047, 287496, 328509, 373248, 421875, 474552, 531441, 592704


(3*n)^4.
0, 81, 1296, 6561, 20736, 50625, 104976, 194481, 331776, 531441, 810000, 1185921, 1679616, 2313441, 3111696, 4100625, 5308416, 6765201, 8503056, 10556001, 12960000, 15752961, 18974736, 22667121, 26873856, 31640625, 37015056, 43046721, 49787136, 57289761


(3*n)^5.
0, 243, 7776, 59049, 248832, 759375, 1889568, 4084101, 7962624, 14348907, 24300000, 39135393, 60466176, 90224199, 130691232, 184528125, 254803968, 345025251, 459165024, 601692057, 777600000


(3n)^6.
0, 729, 46656, 531441, 2985984, 11390625, 34012224, 85766121, 191102976, 387420489, 729000000, 1291467969, 2176782336, 3518743761, 5489031744, 8303765625, 12230590464, 17596287801, 24794911296


(3n)^7.
0, 2187, 279936, 4782969, 35831808, 170859375, 612220032, 1801088541, 4586471424, 10460353203, 21870000000, 42618442977, 78364164096, 137231006679, 230539333248, 373669453125, 587068342272, 897410677851


a(n) = (3*n)^8.
0, 6561, 1679616, 43046721, 429981696, 2562890625, 11019960576, 37822859361, 110075314176, 282429536481, 656100000000, 1406408618241, 2821109907456, 5352009260481, 9682651996416, 16815125390625


(3n)^9.
0, 19683, 10077696, 387420489, 5159780352, 38443359375, 198359290368, 794280046581, 2641807540224, 7625597484987, 19683000000000, 46411484401953, 101559956668416, 208728361158759, 406671383849472


(3n)^10.
0, 59049, 60466176, 3486784401, 61917364224, 576650390625, 3570467226624, 16679880978201, 63403380965376, 205891132094649, 590490000000000, 1531578985264449, 3656158440062976, 8140406085191601, 17080198121677824


(3*n)^11.
0, 177147, 362797056, 31381059609, 743008370688, 8649755859375, 64268410079232, 350277500542221, 1521681143169024, 5559060566555523, 17714700000000000, 50542106513726817, 131621703842267136, 317475837322472439, 717368321110468608


(3n)^12.
0, 531441, 2176782336, 282429536481, 8916100448256, 129746337890625, 1156831381426176, 7355827511386641, 36520347436056576, 150094635296999121, 531441000000000000, 1667889514952984961, 4738381338321616896


a(n) = 3*n + 1.
1, 4, 7, 10, 13, 16, 19, 22, 25, 28, 31, 34, 37, 40, 43, 46, 49, 52, 55, 58, 61, 64, 67, 70, 73, 76, 79, 82, 85, 88, 91, 94, 97, 100, 103, 106, 109, 112, 115, 118, 121, 124, 127, 130, 133, 136, 139, 142, 145, 148, 151, 154, 157, 160, 163, 166, 169, 172, 175, 178, 181, 184, 187


a(n) = (3*n+1)^2.
1, 16, 49, 100, 169, 256, 361, 484, 625, 784, 961, 1156, 1369, 1600, 1849, 2116, 2401, 2704, 3025, 3364, 3721, 4096, 4489, 4900, 5329, 5776, 6241, 6724, 7225, 7744, 8281, 8836, 9409, 10000, 10609, 11236


a(n) = (3n + 1)^3.
1, 64, 343, 1000, 2197, 4096, 6859, 10648, 15625, 21952, 29791, 39304, 50653, 64000, 79507, 97336, 117649, 140608, 166375, 195112, 226981, 262144, 300763, 343000, 389017, 438976, 493039, 551368, 614125, 681472, 753571, 830584, 912673, 1000000, 1092727, 1191016


a(n) = (3*n+1)^4.
1, 256, 2401, 10000, 28561, 65536, 130321, 234256, 390625, 614656, 923521, 1336336, 1874161, 2560000, 3418801, 4477456, 5764801, 7311616, 9150625, 11316496, 13845841, 16777216, 20151121, 24010000


(3*n+1)^5.
1, 1024, 16807, 100000, 371293, 1048576, 2476099, 5153632, 9765625, 17210368, 28629151, 45435424, 69343957, 102400000, 147008443, 205962976, 282475249, 380204032, 503284375, 656356768, 844596301


a(n) = (3*n+1)^6.
1, 4096, 117649, 1000000, 4826809, 16777216, 47045881, 113379904, 244140625, 481890304, 887503681, 1544804416, 2565726409, 4096000000, 6321363049, 9474296896, 13841287201, 19770609664, 27680640625


a(n) = (3*n+1)^7.
1, 16384, 823543, 10000000, 62748517, 268435456, 893871739, 2494357888, 6103515625, 13492928512, 27512614111, 52523350144, 94931877133, 163840000000, 271818611107, 435817657216, 678223072849, 1028071702528


a(n) = (3*n+1)^8.
1, 65536, 5764801, 100000000, 815730721, 4294967296, 16983563041, 54875873536, 152587890625, 377801998336, 852891037441, 1785793904896, 3512479453921, 6553600000000, 11688200277601, 20047612231936


(3*n+1)^9.
1, 262144, 40353607, 1000000000, 10604499373, 68719476736, 322687697779, 1207269217792, 3814697265625, 10578455953408, 26439622160671, 60716992766464, 129961739795077, 262144000000000, 502592611936843


a(n) = (3*n+1)^10.
1, 1048576, 282475249, 10000000000, 137858491849, 1099511627776, 6131066257801, 26559922791424, 95367431640625, 296196766695424, 819628286980801, 2064377754059776, 4808584372417849, 10485760000000000


(3*n+1)^11.
1, 4194304, 1977326743, 100000000000, 1792160394037, 17592186044416, 116490258898219, 584318301411328, 2384185791015625, 8293509467471872, 25408476896404831, 70188843638032384, 177917621779460413


a(n) = (3*n+1)^12.
1, 16777216, 13841287201, 1000000000000, 23298085122481, 281474976710656, 2213314919066161, 12855002631049216, 59604644775390625, 232218265089212416, 787662783788549761, 2386420683693101056, 6582952005840035281


a(n) = 3*n + 2.
2, 5, 8, 11, 14, 17, 20, 23, 26, 29, 32, 35, 38, 41, 44, 47, 50, 53, 56, 59, 62, 65, 68, 71, 74, 77, 80, 83, 86, 89, 92, 95, 98, 101, 104, 107, 110, 113, 116, 119, 122, 125, 128, 131, 134, 137, 140, 143, 146, 149, 152, 155, 158, 161, 164, 167, 170, 173, 176, 179


a(n) = (3n+2)^2.
1, 4, 25, 64, 121, 196, 289, 400, 529, 676, 841, 1024, 1225, 1444, 1681, 1936, 2209, 2500, 2809, 3136, 3481, 3844, 4225, 4624, 5041, 5476, 5929, 6400, 6889, 7396, 7921, 8464, 9025, 9604, 10201, 10816, 11449, 12100, 12769, 13456, 14161, 14884, 15625, 16384


a(n) = (3n + 2)^3.
8, 125, 512, 1331, 2744, 4913, 8000, 12167, 17576, 24389, 32768, 42875, 54872, 68921, 85184, 103823, 125000, 148877, 175616, 205379, 238328, 274625, 314432, 357911, 405224, 456533, 512000, 571787, 636056, 704969, 778688, 857375, 941192


a(n) = (3*n+2)^4.
16, 625, 4096, 14641, 38416, 83521, 160000, 279841, 456976, 707281, 1048576, 1500625, 2085136, 2825761, 3748096, 4879681, 6250000, 7890481, 9834496, 12117361, 14776336, 17850625, 21381376, 25411681


(3*n+2)^5.
32, 3125, 32768, 161051, 537824, 1419857, 3200000, 6436343, 11881376, 20511149, 33554432, 52521875, 79235168, 115856201, 164916224, 229345007, 312500000, 418195493, 550731776, 714924299, 916132832


(3n+2)^6.
64, 15625, 262144, 1771561, 7529536, 24137569, 64000000, 148035889, 308915776, 594823321, 1073741824, 1838265625, 3010936384, 4750104241, 7256313856, 10779215329, 15625000000, 22164361129, 30840979456


a(n) = (3n+2)^7.
128, 78125, 2097152, 19487171, 105413504, 410338673, 1280000000, 3404825447, 8031810176, 17249876309, 34359738368, 64339296875, 114415582592, 194754273881, 319277809664, 506623120463, 781250000000


(3n+2)^8.
256, 390625, 16777216, 214358881, 1475789056, 6975757441, 25600000000, 78310985281, 208827064576, 500246412961, 1099511627776, 2251875390625, 4347792138496, 7984925229121, 14048223625216, 23811286661761


(3n+2)^9.
512, 1953125, 134217728, 2357947691, 20661046784, 118587876497, 512000000000, 1801152661463, 5429503678976, 14507145975869, 35184372088832, 78815638671875, 165216101262848, 327381934393961


(3n+2)^10.
1024, 9765625, 1073741824, 25937424601, 289254654976, 2015993900449, 10240000000000, 41426511213649, 141167095653376, 420707233300201, 1125899906842624, 2758547353515625, 6278211847988224, 13422659310152401, 27197360938418176, 52599132235830049


(3n+2)^11.
2048, 48828125, 8589934592, 285311670611, 4049565169664, 34271896307633, 204800000000000, 952809757913927, 3670344486987776, 12200509765705829, 36028797018963968, 96549157373046875, 238572050223552512, 550329031716248441, 1196683881290399744


(3n+2)^12.
4096, 244140625, 68719476736, 3138428376721, 56693912375296, 582622237229761, 4096000000000000, 21914624432020321, 95428956661682176, 353814783205469041, 1152921504606846976, 3379220508056640625


Expansion of 1/((1-3x)(1-4x)(1-7x)).
1, 14, 135, 1120, 8621, 63714, 460195, 3280340, 23204841, 163423414, 1147981055, 8052113160, 56430306661, 395275799114, 2767989986715, 19380181827580, 135678323522081, 949816596710814, 6648989892621175


a(n) = (4n)^2.
0, 16, 64, 144, 256, 400, 576, 784, 1024, 1296, 1600, 1936, 2304, 2704, 3136, 3600, 4096, 4624, 5184, 5776, 6400, 7056, 7744, 8464, 9216, 10000, 10816, 11664, 12544, 13456, 14400, 15376, 16384, 17424, 18496, 19600, 20736, 21904, 23104, 24336, 25600, 26896


(4n)^3.
0, 64, 512, 1728, 4096, 8000, 13824, 21952, 32768, 46656, 64000, 85184, 110592, 140608, 175616, 216000, 262144, 314432, 373248, 438976, 512000, 592704, 681472, 778688, 884736, 1000000, 1124864, 1259712, 1404928, 1560896, 1728000, 1906624, 2097152


(4*n)^4.
0, 256, 4096, 20736, 65536, 160000, 331776, 614656, 1048576, 1679616, 2560000, 3748096, 5308416, 7311616, 9834496, 12960000, 16777216, 21381376, 26873856, 33362176, 40960000, 49787136, 59969536


(4n)^5.
0, 1024, 32768, 248832, 1048576, 3200000, 7962624, 17210368, 33554432, 60466176, 102400000, 164916224, 254803968, 380204032, 550731776, 777600000, 1073741824, 1453933568, 1934917632, 2535525376


(4n)^6.
0, 4096, 262144, 2985984, 16777216, 64000000, 191102976, 481890304, 1073741824, 2176782336, 4096000000, 7256313856, 12230590464, 19770609664, 30840979456, 46656000000, 68719476736, 98867482624


a(n) = (4*n)^7.
0, 16384, 2097152, 35831808, 268435456, 1280000000, 4586471424, 13492928512, 34359738368, 78364164096, 163840000000, 319277809664, 587068342272, 1028071702528, 1727094849536, 2799360000000


a(n) = (4n)^8.
0, 65536, 16777216, 429981696, 4294967296, 25600000000, 110075314176, 377801998336, 1099511627776, 2821109907456, 6553600000000, 14048223625216, 28179280429056, 53459728531456, 96717311574016, 167961600000000, 281474976710656, 457163239653376


(4n)^9.
0, 262144, 134217728, 5159780352, 68719476736, 512000000000, 2641807540224, 10578455953408, 35184372088832, 101559956668416, 262144000000000, 618121839509504, 1352605460594688, 2779905883635712


(4n)^10.
0, 1048576, 1073741824, 61917364224, 1099511627776, 10240000000000, 63403380965376, 296196766695424, 1125899906842624, 3656158440062976, 10485760000000000, 27197360938418176, 64925062108545024, 144555105949057024, 303305489096114176, 604661760000000000


(4n)^11.
0, 4194304, 8589934592, 743008370688, 17592186044416, 204800000000000, 1521681143169024, 8293509467471872, 36028797018963968, 131621703842267136, 419430400000000000, 1196683881290399744, 3116402981210161152, 7516865509350965248, 16985107389382393856


(4n)^12.
0, 16777216, 68719476736, 8916100448256, 281474976710656, 4096000000000000, 36520347436056576, 232218265089212416, 1152921504606846976, 4738381338321616896, 16777216000000000000, 52654090776777588736


a(n) = 4n + 1.
1, 5, 9, 13, 17, 21, 25, 29, 33, 37, 41, 45, 49, 53, 57, 61, 65, 69, 73, 77, 81, 85, 89, 93, 97, 101, 105, 109, 113, 117, 121, 125, 129, 133, 137, 141, 145, 149, 153, 157, 161, 165, 169, 173, 177, 181, 185, 189, 193, 197, 201, 205, 209, 213, 217, 221, 225, 229, 233, 237


a(n) = (4n+1)^2.
1, 25, 81, 169, 289, 441, 625, 841, 1089, 1369, 1681, 2025, 2401, 2809, 3249, 3721, 4225, 4761, 5329, 5929, 6561, 7225, 7921, 8649, 9409, 10201, 11025, 11881, 12769, 13689, 14641, 15625, 16641, 17689, 18769, 19881, 21025, 22201, 23409, 24649, 25921, 27225, 28561, 29929


(4n+1)^3.
1, 125, 729, 2197, 4913, 9261, 15625, 24389, 35937, 50653, 68921, 91125, 117649, 148877, 185193, 226981, 274625, 328509, 389017, 456533, 531441, 614125, 704969, 804357, 912673, 1030301, 1157625


a(n) = (4n+1)^4.
1, 625, 6561, 28561, 83521, 194481, 390625, 707281, 1185921, 1874161, 2825761, 4100625, 5764801, 7890481, 10556001, 13845841, 17850625, 22667121, 28398241, 35153041, 43046721, 52200625, 62742241, 74805201, 88529281, 104060401, 121550625, 141158161, 163047361


a(n) = (4n+1)^5.
1, 3125, 59049, 371293, 1419857, 4084101, 9765625, 20511149, 39135393, 69343957, 115856201, 184528125, 282475249, 418195493, 601692057, 844596301, 1160290625, 1564031349, 2073071593, 2706784157, 3486784401, 4437053125, 5584059449, 6956883693, 8587340257


(4n+1)^6.
1, 15625, 531441, 4826809, 24137569, 85766121, 244140625, 594823321, 1291467969, 2565726409, 4750104241, 8303765625, 13841287201, 22164361129, 34296447249, 51520374361, 75418890625, 107918163081


a(n) = (4n+1)^7.
1, 78125, 4782969, 62748517, 410338673, 1801088541, 6103515625, 17249876309, 42618442977, 94931877133, 194754273881, 373669453125, 678223072849, 1174711139837, 1954897493193, 3142742836021


a(n) = (4*n + 1)^8.
1, 390625, 43046721, 815730721, 6975757441, 37822859361, 152587890625, 500246412961, 1406408618241, 3512479453921, 7984925229121, 16815125390625, 33232930569601, 62259690411361, 111429157112001, 191707312997281, 318644812890625, 513798374428641


a(n) = (4n+1)^9.
1, 1953125, 387420489, 10604499373, 118587876497, 794280046581, 3814697265625, 14507145975869, 46411484401953, 129961739795077, 327381934393961, 756680642578125, 1628413597910449, 3299763591802133


a(n) = (4n+1)^10.
1, 9765625, 3486784401, 137858491849, 2015993900449, 16679880978201, 95367431640625, 420707233300201, 1531578985264449, 4808584372417849, 13422659310152401, 34050628916015625, 79792266297612001, 174887470365513049, 362033331456891249, 713342911662882601


a(n) = (4n+1)^11.
1, 48828125, 31381059609, 1792160394037, 34271896307633, 350277500542221, 2384185791015625, 12200509765705829, 50542106513726817, 177917621779460413, 550329031716248441, 1532278301220703125, 3909821048582988049, 9269035929372191597, 20635899893042801193


(4n+1)^12.
1, 244140625, 282429536481, 23298085122481, 582622237229761, 7355827511386641, 59604644775390625, 353814783205469041, 1667889514952984961, 6582952005840035281, 22563490300366186081


Positive integers congruent to 2 mod 4: a(n) = 4n+2, for n &gt;= 0.
2, 6, 10, 14, 18, 22, 26, 30, 34, 38, 42, 46, 50, 54, 58, 62, 66, 70, 74, 78, 82, 86, 90, 94, 98, 102, 106, 110, 114, 118, 122, 126, 130, 134, 138, 142, 146, 150, 154, 158, 162, 166, 170, 174, 178, 182, 186, 190, 194, 198, 202, 206, 210, 214, 218, 222, 226, 230, 234


a(n) = (4n + 2)^2.
4, 36, 100, 196, 324, 484, 676, 900, 1156, 1444, 1764, 2116, 2500, 2916, 3364, 3844, 4356, 4900, 5476, 6084, 6724, 7396, 8100, 8836, 9604, 10404, 11236, 12100, 12996, 13924, 14884, 15876, 16900, 17956


a(n) = (4n+2)^3.
8, 216, 1000, 2744, 5832, 10648, 17576, 27000, 39304, 54872, 74088, 97336, 125000, 157464, 195112, 238328, 287496, 343000, 405224, 474552, 551368, 636056, 729000, 830584, 941192, 1061208, 1191016


a(n) = (4*n+2)^4.
16, 1296, 10000, 38416, 104976, 234256, 456976, 810000, 1336336, 2085136, 3111696, 4477456, 6250000, 8503056, 11316496, 14776336, 18974736, 24010000, 29986576, 37015056, 45212176, 54700816, 65610000, 78074896, 92236816


(4n+2)^5.
32, 7776, 100000, 537824, 1889568, 5153632, 11881376, 24300000, 45435424, 79235168, 130691232, 205962976, 312500000, 459165024, 656356768, 916132832, 1252332576, 1680700000, 2219006624, 2887174368


(4n+2)^6.
64, 46656, 1000000, 7529536, 34012224, 113379904, 308915776, 729000000, 1544804416, 3010936384, 5489031744, 9474296896, 15625000000, 24794911296, 38068692544, 56800235584, 82653950016


(4n+2)^7.
128, 279936, 10000000, 105413504, 612220032, 2494357888, 8031810176, 21870000000, 52523350144, 114415582592, 230539333248, 435817657216, 781250000000, 1338925209984, 2207984167552, 3521614606208


a(n) = (4*n + 2)^8.
256, 1679616, 100000000, 1475789056, 11019960576, 54875873536, 208827064576, 656100000000, 1785793904896, 4347792138496, 9682651996416, 20047612231936, 39062500000000, 72301961339136


(4n+2)^9.
512, 10077696, 1000000000, 20661046784, 198359290368, 1207269217792, 5429503678976, 19683000000000, 60716992766464, 165216101262848, 406671383849472, 922190162669056, 1953125000000000, 3904305912313344


(4n+2)^10.
1024, 60466176, 10000000000, 289254654976, 3570467226624, 26559922791424, 141167095653376, 590490000000000, 2064377754059776, 6278211847988224, 17080198121677824, 42420747482776576, 97656250000000000, 210832519264920576, 430804206899405824, 839299365868340224


(4n+2)^11.
2048, 362797056, 100000000000, 4049565169664, 64268410079232, 584318301411328, 3670344486987776, 17714700000000000, 70188843638032384, 238572050223552512, 717368321110468608, 1951354384207722496


(4n+2)^12.
4096, 2176782336, 1000000000000, 56693912375296, 1156831381426176, 12855002631049216, 95428956661682176, 531441000000000000, 2386420683693101056, 9065737908494995456, 30129469486639681536


Primes reached after k iterations of sum of n and its prime divisors = t (where t replaces n in each iteration).
23, 11, 23, 17, 11, 23, 23, 23, 17, 47, 19, 41, 23, 23, 47, 53, 41, 59, 29, 31, 47, 71, 47, 47, 41, 71, 71, 89, 71, 167, 83, 47, 53, 47, 71, 113, 59, 71, 71, 269, 83, 131, 59, 167, 71, 167, 59, 149, 167, 71, 167, 191, 83, 71, 167, 79, 89, 179, 251, 227, 167, 149, 149, 83, 269, 239, 89, 167, 251, 263, 251, 251, 113, 239, 149, 167


a(n) = (4n + 3)^2.
9, 49, 121, 225, 361, 529, 729, 961, 1225, 1521, 1849, 2209, 2601, 3025, 3481, 3969, 4489, 5041, 5625, 6241, 6889, 7569, 8281, 9025, 9801, 10609, 11449, 12321, 13225, 14161, 15129, 16129, 17161, 18225


a(n) = (4*n+3)^3.
27, 343, 1331, 3375, 6859, 12167, 19683, 29791, 42875, 59319, 79507, 103823, 132651, 166375, 205379, 250047, 300763, 357911, 421875, 493039, 571787, 658503, 753571, 857375, 970299, 1092727, 1225043


(4n+3)^4.
81, 2401, 14641, 50625, 130321, 279841, 531441, 923521, 1500625, 2313441, 3418801, 4879681, 6765201, 9150625, 12117361, 15752961, 20151121, 25411681, 31640625, 38950081, 47458321, 57289761


(4n+3)^5.
243, 16807, 161051, 759375, 2476099, 6436343, 14348907, 28629151, 52521875, 90224199, 147008443, 229345007, 345025251, 503284375, 714924299, 992436543, 1350125107, 1804229351, 2373046875, 3077056399


(4n+3)^6.
729, 117649, 1771561, 11390625, 47045881, 148035889, 387420489, 887503681, 1838265625, 3518743761, 6321363049, 10779215329, 17596287801, 27680640625, 42180533641, 62523502209, 90458382169


(4n+3)^7.
2187, 823543, 19487171, 170859375, 893871739, 3404825447, 10460353203, 27512614111, 64339296875, 137231006679, 271818611107, 506623120463, 897410677851, 1522435234375, 2488651484819, 3938980639167


(4n+3)^8.
6561, 5764801, 214358881, 2562890625, 16983563041, 78310985281, 282429536481, 852891037441, 2251875390625, 5352009260481, 11688200277601, 23811286661761, 45767944570401, 83733937890625


(4n+3)^9.
19683, 40353607, 2357947691, 38443359375, 322687697779, 1801152661463, 7625597484987, 26439622160671, 78815638671875, 208728361158759, 502592611936843, 1119130473102767, 2334165173090451, 4605366583984375


(4*n+3)^10.
59049, 282475249, 25937424601, 576650390625, 6131066257801, 41426511213649, 205891132094649, 819628286980801, 2758547353515625, 8140406085191601, 21611482313284249, 52599132235830049, 119042423827613001


(4n+3)^11.
177147, 1977326743, 285311670611, 8649755859375, 116490258898219, 952809757913927, 5559060566555523, 25408476896404831, 96549157373046875, 317475837322472439, 929293739471222707, 2472159215084012303, 6071163615208263051, 13931233916552734375


(4n+3)^12.
531441, 13841287201, 3138428376721, 129746337890625, 2213314919066161, 21914624432020321, 150094635296999121, 787662783788549761, 3379220508056640625, 12381557655576425121, 39959630797262576401


Expansion of 1/((1-3x)(1-4x)(1-8x)).
1, 15, 157, 1431, 12229, 101199, 823789, 6649287, 53436757, 428483583, 3431885821, 27471332343, 219836173285, 1758953038767, 14072683703053, 112585721544999, 900702823089013, 7205690916768351, 57645801049792285


a(n) = (5n)^2.
0, 25, 100, 225, 400, 625, 900, 1225, 1600, 2025, 2500, 3025, 3600, 4225, 4900, 5625, 6400, 7225, 8100, 9025, 10000, 11025, 12100, 13225, 14400, 15625, 16900, 18225, 19600, 21025, 22500, 24025, 25600


(5n)^3.
0, 125, 1000, 3375, 8000, 15625, 27000, 42875, 64000, 91125, 125000, 166375, 216000, 274625, 343000, 421875, 512000, 614125, 729000, 857375, 1000000, 1157625, 1331000, 1520875, 1728000, 1953125, 2197000, 2460375, 2744000, 3048625, 3375000, 3723875, 4096000


(5n)^4.
0, 625, 10000, 50625, 160000, 390625, 810000, 1500625, 2560000, 4100625, 6250000, 9150625, 12960000, 17850625, 24010000, 31640625, 40960000, 52200625, 65610000, 81450625, 100000000, 121550625


a(n) = (5*n)^5.
0, 3125, 100000, 759375, 3200000, 9765625, 24300000, 52521875, 102400000, 184528125, 312500000, 503284375, 777600000, 1160290625, 1680700000, 2373046875, 3276800000, 4437053125, 5904900000, 7737809375, 10000000000, 12762815625, 16105100000, 20113571875, 24883200000


(5n)^6.
0, 15625, 1000000, 11390625, 64000000, 244140625, 729000000, 1838265625, 4096000000, 8303765625, 15625000000, 27680640625, 46656000000, 75418890625, 117649000000, 177978515625, 262144000000


a(n) = (5*n)^7.
0, 78125, 10000000, 170859375, 1280000000, 6103515625, 21870000000, 64339296875, 163840000000, 373669453125, 781250000000, 1522435234375, 2799360000000, 4902227890625, 8235430000000, 13348388671875


a(n) = (5*n)^8.
0, 390625, 100000000, 2562890625, 25600000000, 152587890625, 656100000000, 2251875390625, 6553600000000, 16815125390625, 39062500000000, 83733937890625, 167961600000000, 318644812890625, 576480100000000, 1001129150390625, 1677721600000000


a(n) = (5n)^9.
0, 1953125, 1000000000, 38443359375, 512000000000, 3814697265625, 19683000000000, 78815638671875, 262144000000000, 756680642578125, 1953125000000000, 4605366583984375, 10077696000000000, 20711912837890625


(5n)^10.
0, 9765625, 10000000000, 576650390625, 10240000000000, 95367431640625, 590490000000000, 2758547353515625, 10485760000000000, 34050628916015625, 97656250000000000, 253295162119140625, 604661760000000000, 1346274334462890625, 2824752490000000000


(5n)^11.
0, 48828125, 100000000000, 8649755859375, 204800000000000, 2384185791015625, 17714700000000000, 96549157373046875, 419430400000000000, 1532278301220703125, 4882812500000000000, 13931233916552734375


(5n)^12.
0, 244140625, 1000000000000, 129746337890625, 4096000000000000, 59604644775390625, 531441000000000000, 3379220508056640625, 16777216000000000000, 68952523554931640625, 244140625000000000000


a(n) = 5*n + 1.
1, 6, 11, 16, 21, 26, 31, 36, 41, 46, 51, 56, 61, 66, 71, 76, 81, 86, 91, 96, 101, 106, 111, 116, 121, 126, 131, 136, 141, 146, 151, 156, 161, 166, 171, 176, 181, 186, 191, 196, 201, 206, 211, 216, 221, 226, 231, 236, 241, 246, 251, 256, 261, 266, 271, 276, 281


(5n+1)^2.
1, 36, 121, 256, 441, 676, 961, 1296, 1681, 2116, 2601, 3136, 3721, 4356, 5041, 5776, 6561, 7396, 8281, 9216, 10201, 11236, 12321, 13456, 14641, 15876, 17161, 18496, 19881, 21316, 22801, 24336, 25921


(5n+1)^3.
1, 216, 1331, 4096, 9261, 17576, 29791, 46656, 68921, 97336, 132651, 175616, 226981, 287496, 357911, 438976, 531441, 636056, 753571, 884736, 1030301, 1191016, 1367631, 1560896, 1771561, 2000376


(5n+1)^4.
1, 1296, 14641, 65536, 194481, 456976, 923521, 1679616, 2825761, 4477456, 6765201, 9834496, 13845841, 18974736, 25411681, 33362176, 43046721, 54700816, 68574961, 84934656, 104060401, 126247696


(5n+1)^5.
1, 7776, 161051, 1048576, 4084101, 11881376, 28629151, 60466176, 115856201, 205962976, 345025251, 550731776, 844596301, 1252332576, 1804229351, 2535525376, 3486784401, 4704270176, 6240321451


(5n+1)^6.
1, 46656, 1771561, 16777216, 85766121, 308915776, 887503681, 2176782336, 4750104241, 9474296896, 17596287801, 30840979456, 51520374361, 82653950016, 128100283921, 192699928576, 282429536481


(5n+1)^7.
1, 279936, 19487171, 268435456, 1801088541, 8031810176, 27512614111, 78364164096, 194754273881, 435817657216, 897410677851, 1727094849536, 3142742836021, 5455160701056, 9095120158391, 14645194571776


(5n+1)^8.
1, 1679616, 214358881, 4294967296, 37822859361, 208827064576, 852891037441, 2821109907456, 7984925229121, 20047612231936, 45767944570401, 96717311574016, 191707312997281, 360040606269696


(5n+1)^9.
1, 10077696, 2357947691, 68719476736, 794280046581, 5429503678976, 26439622160671, 101559956668416, 327381934393961, 922190162669056, 2334165173090451, 5416169448144896, 11694146092834141, 23762680013799936


(5n+1)^10.
1, 60466176, 25937424601, 1099511627776, 16679880978201, 141167095653376, 819628286980801, 3656158440062976, 13422659310152401, 42420747482776576, 119042423827613001, 303305489096114176, 713342911662882601, 1568336880910795776, 3255243551009881201


(5n+1)^11.
1, 362797056, 285311670611, 17592186044416, 350277500542221, 3670344486987776, 25408476896404831, 131621703842267136, 550329031716248441, 1951354384207722496, 6071163615208263051


(5n+1)^12.
1, 2176782336, 3138428376721, 281474976710656, 7355827511386641, 95428956661682176, 787662783788549761, 4738381338321616896, 22563490300366186081, 89762301673555234816, 309629344375621415601


a(n) = 5n + 2.
2, 7, 12, 17, 22, 27, 32, 37, 42, 47, 52, 57, 62, 67, 72, 77, 82, 87, 92, 97, 102, 107, 112, 117, 122, 127, 132, 137, 142, 147, 152, 157, 162, 167, 172, 177, 182, 187, 192, 197, 202, 207, 212, 217, 222, 227, 232, 237, 242, 247, 252, 257, 262, 267, 272, 277


(5n+2)^2.
4, 49, 144, 289, 484, 729, 1024, 1369, 1764, 2209, 2704, 3249, 3844, 4489, 5184, 5929, 6724, 7569, 8464, 9409, 10404, 11449, 12544, 13689, 14884, 16129, 17424, 18769, 20164, 21609, 23104, 24649, 26244


(5n+2)^3.
8, 343, 1728, 4913, 10648, 19683, 32768, 50653, 74088, 103823, 140608, 185193, 238328, 300763, 373248, 456533, 551368, 658503, 778688, 912673, 1061208, 1225043, 1404928, 1601613, 1815848, 2048383


(5n+2)^4.
16, 2401, 20736, 83521, 234256, 531441, 1048576, 1874161, 3111696, 4879681, 7311616, 10556001, 14776336, 20151121, 26873856, 35153041, 45212176, 57289761, 71639296, 88529281, 108243216, 131079601


(5n+2)^5.
32, 16807, 248832, 1419857, 5153632, 14348907, 33554432, 69343957, 130691232, 229345007, 380204032, 601692057, 916132832, 1350125107, 1934917632, 2706784157, 3707398432, 4984209207, 6590815232


(5n+2)^6.
64, 117649, 2985984, 24137569, 113379904, 387420489, 1073741824, 2565726409, 5489031744, 10779215329, 19770609664, 34296447249, 56800235584, 90458382169, 139314069504, 208422380089, 304006671424


(5n+2)^7.
128, 823543, 35831808, 410338673, 2494357888, 10460353203, 34359738368, 94931877133, 230539333248, 506623120463, 1028071702528, 1954897493193, 3521614606208, 6060711605323, 10030613004288, 16048523266853


a(n) = (5*n+2)^8.
256, 5764801, 429981696, 6975757441, 54875873536, 282429536481, 1099511627776, 3512479453921, 9682651996416, 23811286661761, 53459728531456, 111429157112001, 218340105584896, 406067677556641, 722204136308736, 1235736291547681, 2044140858654976, 3282116715437121


(5n+2)^9.
512, 40353607, 5159780352, 118587876497, 1207269217792, 7625597484987, 35184372088832, 129961739795077, 406671383849472, 1119130473102767, 2779905883635712, 6351461955384057, 13537086546263552, 27206534396294947


(5n+2)^10.
1024, 282475249, 61917364224, 2015993900449, 26559922791424, 205891132094649, 1125899906842624, 4808584372417849, 17080198121677824, 52599132235830049, 144555105949057024, 362033331456891249, 839299365868340224, 1822837804551761449, 3743906242624487424


(5n+2)^11.
2048, 1977326743, 743008370688, 34271896307633, 584318301411328, 5559060566555523, 36028797018963968, 177917621779460413, 717368321110468608, 2472159215084012303, 7516865509350965248


(5n+2)^12.
4096, 13841287201, 8916100448256, 582622237229761, 12855002631049216, 150094635296999121, 1152921504606846976, 6582952005840035281, 30129469486639681536, 116191483108948578241, 390877006486250192896


a(n) = 5*n + 3.
3, 8, 13, 18, 23, 28, 33, 38, 43, 48, 53, 58, 63, 68, 73, 78, 83, 88, 93, 98, 103, 108, 113, 118, 123, 128, 133, 138, 143, 148, 153, 158, 163, 168, 173, 178, 183, 188, 193, 198, 203, 208, 213, 218, 223, 228, 233, 238, 243, 248, 253, 258, 263, 268, 273, 278, 283


a(n) = (5n + 3)^2.
9, 64, 169, 324, 529, 784, 1089, 1444, 1849, 2304, 2809, 3364, 3969, 4624, 5329, 6084, 6889, 7744, 8649, 9604, 10609, 11664, 12769, 13924, 15129, 16384, 17689, 19044, 20449, 21904, 23409, 24964, 26569, 28224, 29929, 31684, 33489, 35344, 37249, 39204, 41209


a(n) = (5*n+3)^3.
27, 512, 2197, 5832, 12167, 21952, 35937, 54872, 79507, 110592, 148877, 195112, 250047, 314432, 389017, 474552, 571787, 681472, 804357, 941192, 1092727, 1259712, 1442897, 1643032, 1860867, 2097152, 2352637, 2628072, 2924207, 3241792, 3581577, 3944312


(5n+3)^4.
81, 4096, 28561, 104976, 279841, 614656, 1185921, 2085136, 3418801, 5308416, 7890481, 11316496, 15752961, 21381376, 28398241, 37015056, 47458321, 59969536, 74805201, 92236816, 112550881, 136048896


(5n+3)^5.
243, 32768, 371293, 1889568, 6436343, 17210368, 39135393, 79235168, 147008443, 254803968, 418195493, 656356768, 992436543, 1453933568, 2073071593, 2887174368, 3939040643, 5277319168, 6956883693


(5n+3)^6.
729, 262144, 4826809, 34012224, 148035889, 481890304, 1291467969, 3010936384, 6321363049, 12230590464, 22164361129, 38068692544, 62523502209, 98867482624, 151334226289, 225199600704, 326940373369


(5n+3)^7.
2187, 2097152, 62748517, 612220032, 3404825447, 13492928512, 42618442977, 114415582592, 271818611107, 587068342272, 1174711139837, 2207984167552, 3938980639167, 6722988818432, 11047398519097


(5n+3)^8.
6561, 16777216, 815730721, 11019960576, 78310985281, 377801998336, 1406408618241, 4347792138496, 11688200277601, 28179280429056, 62259690411361, 128063081718016, 248155780267521, 457163239653376


(5n+3)^9.
19683, 134217728, 10604499373, 198359290368, 1801152661463, 10578455953408, 46411484401953, 165216101262848, 502592611936843, 1352605460594688, 3299763591802133, 7427658739644928, 15633814156853823


(5n+3)^10.
59049, 1073741824, 137858491849, 3570467226624, 41426511213649, 296196766695424, 1531578985264449, 6278211847988224, 21611482313284249, 64925062108545024, 174887470365513049, 430804206899405824, 984930291881790849, 2113922820157210624, 4297625829703557649


(5n+3)^11.
177147, 8589934592, 1792160394037, 64268410079232, 952809757913927, 8293509467471872, 50542106513726817, 238572050223552512, 929293739471222707, 3116402981210161152, 9269035929372191597


(5n+3)^12.
531441, 68719476736, 23298085122481, 1156831381426176, 21914624432020321, 232218265089212416, 1667889514952984961, 9065737908494995456, 39959630797262576401, 149587343098087735296, 491258904256726154641


a(n) = 5n + 4.
4, 9, 14, 19, 24, 29, 34, 39, 44, 49, 54, 59, 64, 69, 74, 79, 84, 89, 94, 99, 104, 109, 114, 119, 124, 129, 134, 139, 144, 149, 154, 159, 164, 169, 174, 179, 184, 189, 194, 199, 204, 209, 214, 219, 224, 229, 234, 239, 244, 249, 254, 259, 264, 269, 274, 279, 284


a(n) = (5n + 4)^2.
16, 81, 196, 361, 576, 841, 1156, 1521, 1936, 2401, 2916, 3481, 4096, 4761, 5476, 6241, 7056, 7921, 8836, 9801, 10816, 11881, 12996, 14161, 15376, 16641, 17956, 19321, 20736, 22201, 23716, 25281, 26896, 28561, 30276, 32041, 33856, 35721, 37636, 39601, 41616


a(n) = (5n + 4)^3.
64, 729, 2744, 6859, 13824, 24389, 39304, 59319, 85184, 117649, 157464, 205379, 262144, 328509, 405224, 493039, 592704, 704969, 830584, 970299, 1124864, 1295029, 1481544, 1685159, 1906624


a(n) = (5*n + 4)^4.
256, 6561, 38416, 130321, 331776, 707281, 1336336, 2313441, 3748096, 5764801, 8503056, 12117361, 16777216, 22667121, 29986576, 38950081, 49787136, 62742241, 78074896, 96059601, 116985856, 141158161


(5n+4)^5.
1024, 59049, 537824, 2476099, 7962624, 20511149, 45435424, 90224199, 164916224, 282475249, 459165024, 714924299, 1073741824, 1564031349, 2219006624, 3077056399, 4182119424, 5584059449, 7339040224


(5n+4)^6.
4096, 531441, 7529536, 47045881, 191102976, 594823321, 1544804416, 3518743761, 7256313856, 13841287201, 24794911296, 42180533641, 68719476736, 107918163081, 164206490176, 243087455521, 351298031616


(5n+4)^7.
16384, 4782969, 105413504, 893871739, 4586471424, 17249876309, 52523350144, 137231006679, 319277809664, 678223072849, 1338925209984, 2488651484819, 4398046511104, 7446353252589, 12151280273024


(5*n+4)^8.
65536, 43046721, 1475789056, 16983563041, 110075314176, 500246412961, 1785793904896, 5352009260481, 14048223625216, 33232930569601, 72301961339136, 146830437604321, 281474976710656, 513798374428641


(5n+4)^9.
262144, 387420489, 20661046784, 322687697779, 2641807540224, 14507145975869, 60716992766464, 208728361158759, 618121839509504, 1628413597910449, 3904305912313344, 8662995818654939, 18014398509481984


(5n+4)^10.
1048576, 3486784401, 289254654976, 6131066257801, 63403380965376, 420707233300201, 2064377754059776, 8140406085191601, 27197360938418176, 79792266297612001, 210832519264920576, 511116753300641401


(5n+4)^11.
4194304, 31381059609, 4049565169664, 116490258898219, 1521681143169024, 12200509765705829, 70188843638032384, 317475837322472439, 1196683881290399744, 3909821048582988049, 11384956040305711104


(5n+4)^12.
16777216, 282429536481, 56693912375296, 2213314919066161, 36520347436056576, 353814783205469041, 2386420683693101056, 12381557655576425121, 52654090776777588736, 191581231380566414401


Expansion of 1/((1-3x)(1-4x)(1-9x)).
1, 16, 181, 1804, 17017, 156520, 1422877, 12864868, 116026273, 1045225984, 9411051013, 84715704892, 762506858569, 6862825379608, 61766487809389, 555902642205076, 5003140830574705, 45028335807228592


a(n) = (6n)^2.
0, 36, 144, 324, 576, 900, 1296, 1764, 2304, 2916, 3600, 4356, 5184, 6084, 7056, 8100, 9216, 10404, 11664, 12996, 14400, 15876, 17424, 19044, 20736, 22500, 24336, 26244, 28224, 30276, 32400, 34596, 36864, 39204, 41616, 44100, 46656, 49284, 51984, 54756, 57600, 60516, 63504, 66564, 69696, 72900


(6n)^3.
0, 216, 1728, 5832, 13824, 27000, 46656, 74088, 110592, 157464, 216000, 287496, 373248, 474552, 592704, 729000, 884736, 1061208, 1259712, 1481544, 1728000, 2000376, 2299968, 2628072, 2985984, 3375000, 3796416, 4251528, 4741632, 5268024, 5832000


(6n)^4.
0, 1296, 20736, 104976, 331776, 810000, 1679616, 3111696, 5308416, 8503056, 12960000, 18974736, 26873856, 37015056, 49787136, 65610000, 84934656, 108243216, 136048896, 168896016, 207360000, 252047376


a(n) = (6*n)^5.
0, 7776, 248832, 1889568, 7962624, 24300000, 60466176, 130691232, 254803968, 459165024, 777600000, 1252332576, 1934917632, 2887174368, 4182119424, 5904900000, 8153726976, 11040808032, 14693280768


(6n)^6.
0, 46656, 2985984, 34012224, 191102976, 729000000, 2176782336, 5489031744, 12230590464, 24794911296, 46656000000, 82653950016, 139314069504, 225199600704, 351298031616, 531441000000, 782757789696


(6n)^7.
0, 279936, 35831808, 612220032, 4586471424, 21870000000, 78364164096, 230539333248, 587068342272, 1338925209984, 2799360000000, 5455160701056, 10030613004288, 17565568854912, 29509034655744


a(n) = (6n)^8.
0, 1679616, 429981696, 11019960576, 110075314176, 656100000000, 2821109907456, 9682651996416, 28179280429056, 72301961339136, 167961600000000, 360040606269696, 722204136308736, 1370114370683136


(6n)^9.
0, 10077696, 5159780352, 198359290368, 2641807540224, 19683000000000, 101559956668416, 406671383849472, 1352605460594688, 3904305912313344, 10077696000000000, 23762680013799936, 51998697814228992


(6n)^10.
0, 60466176, 61917364224, 3570467226624, 63403380965376, 590490000000000, 3656158440062976, 17080198121677824, 64925062108545024, 210832519264920576, 604661760000000000, 1568336880910795776, 3743906242624487424


(6n)^11.
0, 362797056, 743008370688, 64268410079232, 1521681143169024, 17714700000000000, 131621703842267136, 717368321110468608, 3116402981210161152, 11384956040305711104, 36279705600000000000


(6n)^12.
0, 2176782336, 8916100448256, 1156831381426176, 36520347436056576, 531441000000000000, 4738381338321616896, 30129469486639681536, 149587343098087735296, 614787626176508399616, 2176782336000000000000


a(n) = 6n + 1.
1, 7, 13, 19, 25, 31, 37, 43, 49, 55, 61, 67, 73, 79, 85, 91, 97, 103, 109, 115, 121, 127, 133, 139, 145, 151, 157, 163, 169, 175, 181, 187, 193, 199, 205, 211, 217, 223, 229, 235, 241, 247, 253, 259, 265, 271, 277, 283, 289, 295, 301, 307, 313, 319, 325, 331


(6n+1)^2.
1, 49, 169, 361, 625, 961, 1369, 1849, 2401, 3025, 3721, 4489, 5329, 6241, 7225, 8281, 9409, 10609, 11881, 13225, 14641, 16129, 17689, 19321, 21025, 22801, 24649, 26569, 28561, 30625, 32761, 34969, 37249, 39601, 42025, 44521, 47089, 49729, 52441, 55225


(6n+1)^3.
1, 343, 2197, 6859, 15625, 29791, 50653, 79507, 117649, 166375, 226981, 300763, 389017, 493039, 614125, 753571, 912673, 1092727, 1295029, 1520875, 1771561, 2048383, 2352637, 2685619, 3048625


(6n+1)^4.
1, 2401, 28561, 130321, 390625, 923521, 1874161, 3418801, 5764801, 9150625, 13845841, 20151121, 28398241, 38950081, 52200625, 68574961, 88529281, 112550881, 141158161, 174900625, 214358881, 260144641


(6n+1)^5.
1, 16807, 371293, 2476099, 9765625, 28629151, 69343957, 147008443, 282475249, 503284375, 844596301, 1350125107, 2073071593, 3077056399, 4437053125, 6240321451, 8587340257, 11592740743, 15386239549


(6n+1)^6.
1, 117649, 4826809, 47045881, 244140625, 887503681, 2565726409, 6321363049, 13841287201, 27680640625, 51520374361, 90458382169, 151334226289, 243087455521, 377149515625, 567869252041, 832972004929


(6n+1)^7.
1, 823543, 62748517, 893871739, 6103515625, 27512614111, 94931877133, 271818611107, 678223072849, 1522435234375, 3142742836021, 6060711605323, 11047398519097, 19203908986159, 32057708828125


(6n+1)^8.
1, 5764801, 815730721, 16983563041, 152587890625, 852891037441, 3512479453921, 11688200277601, 33232930569601, 83733937890625, 191707312997281, 406067677556641, 806460091894081, 1517108809906561


(6n+1)^9.
1, 40353607, 10604499373, 322687697779, 3814697265625, 26439622160671, 129961739795077, 502592611936843, 1628413597910449, 4605366583984375, 11694146092834141, 27206534396294947, 58871586708267913


(6n+1)^10.
1, 282475249, 137858491849, 6131066257801, 95367431640625, 819628286980801, 4808584372417849, 21611482313284249, 79792266297612001, 253295162119140625, 713342911662882601, 1822837804551761449


(6n+1)^11.
1, 1977326743, 1792160394037, 116490258898219, 2384185791015625, 25408476896404831, 177917621779460413, 929293739471222707, 3909821048582988049, 13931233916552734375, 43513917611435838661


(6n+1)^12.
1, 13841287201, 23298085122481, 2213314919066161, 59604644775390625, 787662783788549761, 6582952005840035281, 39959630797262576401, 191581231380566414401, 766217865410400390625, 2654348974297586158321


a(n) = 6n + 2.
2, 8, 14, 20, 26, 32, 38, 44, 50, 56, 62, 68, 74, 80, 86, 92, 98, 104, 110, 116, 122, 128, 134, 140, 146, 152, 158, 164, 170, 176, 182, 188, 194, 200, 206, 212, 218, 224, 230, 236, 242, 248, 254, 260, 266, 272, 278, 284, 290, 296, 302, 308, 314, 320, 326


(6n+2)^2.
4, 64, 196, 400, 676, 1024, 1444, 1936, 2500, 3136, 3844, 4624, 5476, 6400, 7396, 8464, 9604, 10816, 12100, 13456, 14884, 16384, 17956, 19600, 21316, 23104, 24964, 26896, 28900, 30976, 33124, 35344


(6n+2)^3.
8, 512, 2744, 8000, 17576, 32768, 54872, 85184, 125000, 175616, 238328, 314432, 405224, 512000, 636056, 778688, 941192, 1124864, 1331000, 1560896, 1815848, 2097152, 2406104, 2744000, 3112136


(6n+2)^4.
16, 4096, 38416, 160000, 456976, 1048576, 2085136, 3748096, 6250000, 9834496, 14776336, 21381376, 29986576, 40960000, 54700816, 71639296, 92236816, 116985856, 146410000, 181063936, 221533456, 268435456


(6n+2)^5.
32, 32768, 537824, 3200000, 11881376, 33554432, 79235168, 164916224, 312500000, 550731776, 916132832, 1453933568, 2219006624, 3276800000, 4704270176, 6590815232, 9039207968, 12166529024, 16105100000


(6n+2)^6.
64, 262144, 7529536, 64000000, 308915776, 1073741824, 3010936384, 7256313856, 15625000000, 30840979456, 56800235584, 98867482624, 164206490176, 262144000000, 404567235136, 606355001344, 885842380864


a(n) = (6n+2)^7.
128, 2097152, 105413504, 1280000000, 8031810176, 34359738368, 114415582592, 319277809664, 781250000000, 1727094849536, 3521614606208, 6722988818432, 12151280273024, 20971520000000, 34792782221696


(6n+2)^8.
256, 16777216, 1475789056, 25600000000, 208827064576, 1099511627776, 4347792138496, 14048223625216, 39062500000000, 96717311574016, 218340105584896, 457163239653376, 899194740203776, 1677721600000000


(6n+2)^9.
512, 134217728, 20661046784, 512000000000, 5429503678976, 35184372088832, 165216101262848, 618121839509504, 1953125000000000, 5416169448144896, 13537086546263552, 31087100296429568, 66540410775079424


(6n+2)^10.
1024, 1073741824, 289254654976, 10240000000000, 141167095653376, 1125899906842624, 6278211847988224, 27197360938418176, 97656250000000000, 303305489096114176, 839299365868340224, 2113922820157210624


(6n+2)^11.
2048, 8589934592, 4049565169664, 204800000000000, 3670344486987776, 36028797018963968, 238572050223552512, 1196683881290399744, 4882812500000000000, 16985107389382393856, 52036560683837093888


(6n+2)^12.
4096, 68719476736, 56693912375296, 4096000000000000, 95428956661682176, 1152921504606846976, 9065737908494995456, 52654090776777588736, 244140625000000000000, 951166013805414055936, 3226266762397899821056


a(n) = 6*n+3.
3, 9, 15, 21, 27, 33, 39, 45, 51, 57, 63, 69, 75, 81, 87, 93, 99, 105, 111, 117, 123, 129, 135, 141, 147, 153, 159, 165, 171, 177, 183, 189, 195, 201, 207, 213, 219, 225, 231, 237, 243, 249, 255, 261, 267, 273, 279, 285, 291, 297, 303, 309, 315, 321, 327


(6n+3)^2.
9, 81, 225, 441, 729, 1089, 1521, 2025, 2601, 3249, 3969, 4761, 5625, 6561, 7569, 8649, 9801, 11025, 12321, 13689, 15129, 16641, 18225, 19881, 21609, 23409, 25281, 27225, 29241, 31329, 33489, 35721, 38025, 40401, 42849, 45369, 47961, 50625, 53361, 56169


(6n+3)^3.
27, 729, 3375, 9261, 19683, 35937, 59319, 91125, 132651, 185193, 250047, 328509, 421875, 531441, 658503, 804357, 970299, 1157625, 1367631, 1601613, 1860867, 2146689, 2460375, 2803221, 3176523


(6n+3)^4.
81, 6561, 50625, 194481, 531441, 1185921, 2313441, 4100625, 6765201, 10556001, 15752961, 22667121, 31640625, 43046721, 57289761, 74805201, 96059601, 121550625, 151807041, 187388721, 228886641


(6n+3)^5.
243, 59049, 759375, 4084101, 14348907, 39135393, 90224199, 184528125, 345025251, 601692057, 992436543, 1564031349, 2373046875, 3486784401, 4984209207, 6956883693, 9509900499, 12762815625, 16850581551


(6n+3)^6.
729, 531441, 11390625, 85766121, 387420489, 1291467969, 3518743761, 8303765625, 17596287801, 34296447249, 62523502209, 107918163081, 177978515625, 282429536481, 433626201009, 646990183449, 941480149401


(6n+3)^7.
2187, 4782969, 170859375, 1801088541, 10460353203, 42618442977, 137231006679, 373669453125, 897410677851, 1954897493193, 3938980639167, 7446353252589, 13348388671875, 22876792454961, 37725479487783


(6n+3)^8.
6561, 43046721, 2562890625, 37822859361, 282429536481, 1406408618241, 5352009260481, 16815125390625, 45767944570401, 111429157112001, 248155780267521, 513798374428641, 1001129150390625, 1853020188851841


(6n+3)^9.
19683, 387420489, 38443359375, 794280046581, 7625597484987, 46411484401953, 208728361158759, 756680642578125, 2334165173090451, 6351461955384057, 15633814156853823, 35452087835576229, 75084686279296875


a(n) = (6n+3)^10.
59049, 3486784401, 576650390625, 16679880978201, 205891132094649, 1531578985264449, 8140406085191601, 34050628916015625, 119042423827613001, 362033331456891249, 984930291881790849, 2446194060654759801, 5631351470947265625, 12157665459056928801


(6n+3)^11.
177147, 31381059609, 8649755859375, 350277500542221, 5559060566555523, 50542106513726817, 317475837322472439, 1532278301220703125, 6071163615208263051, 20635899893042801193, 62050608388552823487


(6n+3)^12.
531441, 282429536481, 129746337890625, 7355827511386641, 150094635296999121, 1667889514952984961, 12381557655576425121, 68952523554931640625, 309629344375621415601, 1176246293903439668001, 3909188328478827879681


a(n) = 6*n + 4.
4, 10, 16, 22, 28, 34, 40, 46, 52, 58, 64, 70, 76, 82, 88, 94, 100, 106, 112, 118, 124, 130, 136, 142, 148, 154, 160, 166, 172, 178, 184, 190, 196, 202, 208, 214, 220, 226, 232, 238, 244, 250, 256, 262, 268, 274, 280, 286, 292, 298, 304, 310, 316, 322, 328


a(n) = (6n + 4)^2.
16, 100, 256, 484, 784, 1156, 1600, 2116, 2704, 3364, 4096, 4900, 5776, 6724, 7744, 8836, 10000, 11236, 12544, 13924, 15376, 16900, 18496, 20164, 21904, 23716, 25600, 27556, 29584, 31684, 33856


(6n+4)^3.
64, 1000, 4096, 10648, 21952, 39304, 64000, 97336, 140608, 195112, 262144, 343000, 438976, 551368, 681472, 830584, 1000000, 1191016, 1404928, 1643032, 1906624, 2197000, 2515456, 2863288, 3241792


(6n+4)^4.
256, 10000, 65536, 234256, 614656, 1336336, 2560000, 4477456, 7311616, 11316496, 16777216, 24010000, 33362176, 45212176, 59969536, 78074896, 100000000, 126247696, 157351936, 193877776, 236421376


(6n+4)^5.
1024, 100000, 1048576, 5153632, 17210368, 45435424, 102400000, 205962976, 380204032, 656356768, 1073741824, 1680700000, 2535525376, 3707398432, 5277319168, 7339040224, 10000000000, 13382255776


(6n+4)^6.
4096, 1000000, 16777216, 113379904, 481890304, 1544804416, 4096000000, 9474296896, 19770609664, 38068692544, 68719476736, 117649000000, 192699928576, 304006671424, 464404086784, 689869781056, 1000000000000


(6n+4)^7.
16384, 10000000, 268435456, 2494357888, 13492928512, 52523350144, 163840000000, 435817657216, 1028071702528, 2207984167552, 4398046511104, 8235430000000, 14645194571776, 24928547056768


(6n+4)^8.
65536, 100000000, 4294967296, 54875873536, 377801998336, 1785793904896, 6553600000000, 20047612231936, 53459728531456, 128063081718016, 281474976710656, 576480100000000, 1113034787454976, 2044140858654976


(6n+4)^9.
262144, 1000000000, 68719476736, 1207269217792, 10578455953408, 60716992766464, 262144000000000, 922190162669056, 2779905883635712, 7427658739644928, 18014398509481984, 40353607000000000, 84590643846578176


(6n+4)^10.
1048576, 10000000000, 1099511627776, 26559922791424, 296196766695424, 2064377754059776, 10485760000000000, 42420747482776576, 144555105949057024, 430804206899405824, 1152921504606846976, 2824752490000000000


(6n+4)^11.
4194304, 100000000000, 17592186044416, 584318301411328, 8293509467471872, 70188843638032384, 419430400000000000, 1951354384207722496, 7516865509350965248, 24986644000165537792, 73786976294838206464


(6n+4)^12.
16777216, 1000000000000, 281474976710656, 12855002631049216, 232218265089212416, 2386420683693101056, 16777216000000000000, 89762301673555234816, 390877006486250192896, 1449225352009601191936


a(n) = 6*n + 5.
5, 11, 17, 23, 29, 35, 41, 47, 53, 59, 65, 71, 77, 83, 89, 95, 101, 107, 113, 119, 125, 131, 137, 143, 149, 155, 161, 167, 173, 179, 185, 191, 197, 203, 209, 215, 221, 227, 233, 239, 245, 251, 257, 263, 269, 275, 281, 287, 293, 299, 305, 311, 317, 323, 329, 335


a(n) = (6n+5)^2.
25, 121, 289, 529, 841, 1225, 1681, 2209, 2809, 3481, 4225, 5041, 5929, 6889, 7921, 9025, 10201, 11449, 12769, 14161, 15625, 17161, 18769, 20449, 22201, 24025, 25921, 27889, 29929, 32041, 34225, 36481, 38809, 41209, 43681, 46225, 48841, 51529


(6n+5)^3.
125, 1331, 4913, 12167, 24389, 42875, 68921, 103823, 148877, 205379, 274625, 357911, 456533, 571787, 704969, 857375, 1030301, 1225043, 1442897, 1685159, 1953125, 2248091, 2571353, 2924207, 3307949


(6n+5)^4.
625, 14641, 83521, 279841, 707281, 1500625, 2825761, 4879681, 7890481, 12117361, 17850625, 25411681, 35153041, 47458321, 62742241, 81450625, 104060401, 131079601, 163047361, 200533921, 244140625


(6n+5)^5.
3125, 161051, 1419857, 6436343, 20511149, 52521875, 115856201, 229345007, 418195493, 714924299, 1160290625, 1804229351, 2706784157, 3939040643, 5584059449, 7737809375, 10510100501, 14025517307


(6n+5)^6.
15625, 1771561, 24137569, 148035889, 594823321, 1838265625, 4750104241, 10779215329, 22164361129, 42180533641, 75418890625, 128100283921, 208422380089, 326940373369, 496981290961, 735091890625


(6n+5)^7.
78125, 19487171, 410338673, 3404825447, 17249876309, 64339296875, 194754273881, 506623120463, 1174711139837, 2488651484819, 4902227890625, 9095120158391, 16048523266853, 27136050989627


(6n+5)^8.
390625, 214358881, 6975757441, 78310985281, 500246412961, 2251875390625, 7984925229121, 23811286661761, 62259690411361, 146830437604321, 318644812890625, 645753531245761, 1235736291547681, 2252292232139041


(6n+5)^9.
1953125, 2357947691, 118587876497, 1801152661463, 14507145975869, 78815638671875, 327381934393961, 1119130473102767, 3299763591802133, 8662995818654939, 20711912837890625, 45848500718449031, 95151694449171437


(6*n+5)^10.
9765625, 25937424601, 2015993900449, 41426511213649, 420707233300201, 2758547353515625, 13422659310152401, 52599132235830049, 174887470365513049, 511116753300641401, 1346274334462890625, 3255243551009881201


(6n+5)^11.
48828125, 285311670611, 34271896307633, 952809757913927, 12200509765705829, 96549157373046875, 550329031716248441, 2472159215084012303, 9269035929372191597, 30155888444737842659, 87507831740087890625


(6n+5)^12.
244140625, 3138428376721, 582622237229761, 21914624432020321, 353814783205469041, 3379220508056640625, 22563490300366186081, 116191483108948578241, 491258904256726154641, 1779197418239532716881


Expansion of 1/((1-3x)(1-4x)(1-10x)).
1, 17, 207, 2245, 23231, 235677, 2370967, 23768645, 237928911, 2380278637, 23806803527, 238084281045, 2380908324991, 23809346902397, 238094528416887, 2380949536089445, 23809512411623471, 238095192448290957


(7n)^2.
0, 49, 196, 441, 784, 1225, 1764, 2401, 3136, 3969, 4900, 5929, 7056, 8281, 9604, 11025, 12544, 14161, 15876, 17689, 19600, 21609, 23716, 25921, 28224, 30625, 33124, 35721, 38416, 41209, 44100, 47089


a(n) = (7*n)^3.
0, 343, 2744, 9261, 21952, 42875, 74088, 117649, 175616, 250047, 343000, 456533, 592704, 753571, 941192, 1157625, 1404928, 1685159, 2000376, 2352637, 2744000, 3176523, 3652264, 4173281, 4741632, 5359375, 6028568, 6751269, 7529536, 8365427, 9261000, 10218313


(7*n)^4.
0, 2401, 38416, 194481, 614656, 1500625, 3111696, 5764801, 9834496, 15752961, 24010000, 35153041, 49787136, 68574961, 92236816, 121550625, 157351936, 200533921, 252047376, 312900721, 384160000


a(n) = (7n)^5.
0, 16807, 537824, 4084101, 17210368, 52521875, 130691232, 282475249, 550731776, 992436543, 1680700000, 2706784157, 4182119424, 6240321451, 9039207968, 12762815625, 17623416832, 23863536599, 31757969376, 41615795893, 53782400000, 68641485507, 86617093024


a(n) = (7*n)^6.
0, 117649, 7529536, 85766121, 481890304, 1838265625, 5489031744, 13841287201, 30840979456, 62523502209, 117649000000, 208422380089, 351298031616, 567869252041, 885842380864, 1340095640625, 1973822685184


(7*n)^7.
0, 823543, 105413504, 1801088541, 13492928512, 64339296875, 230539333248, 678223072849, 1727094849536, 3938980639167, 8235430000000, 16048523266853, 29509034655744, 51676101935731


(7*n)^8.
0, 5764801, 1475789056, 37822859361, 377801998336, 2251875390625, 9682651996416, 33232930569601, 96717311574016, 248155780267521, 576480100000000, 1235736291547681, 2478758911082496, 4702525276151521


(7*n)^9.
0, 40353607, 20661046784, 794280046581, 10578455953408, 78815638671875, 406671383849472, 1628413597910449, 5416169448144896, 15633814156853823, 40353607000000000, 95151694449171437, 208215748530929664


(7*n)^10.
0, 282475249, 289254654976, 16679880978201, 296196766695424, 2758547353515625, 17080198121677824, 79792266297612001, 303305489096114176, 984930291881790849, 2824752490000000000, 7326680472586200649


(7*n)^11.
0, 1977326743, 4049565169664, 350277500542221, 8293509467471872, 96549157373046875, 717368321110468608, 3909821048582988049, 16985107389382393856, 62050608388552823487, 197732674300000000000


(7*n)^12.
0, 13841287201, 56693912375296, 7355827511386641, 232218265089212416, 3379220508056640625, 30129469486639681536, 191581231380566414401, 951166013805414055936, 3909188328478827879681, 13841287201000000000000


a(n) = 7*n+1.
1, 8, 15, 22, 29, 36, 43, 50, 57, 64, 71, 78, 85, 92, 99, 106, 113, 120, 127, 134, 141, 148, 155, 162, 169, 176, 183, 190, 197, 204, 211, 218, 225, 232, 239, 246, 253, 260, 267, 274, 281, 288, 295, 302, 309, 316, 323, 330, 337, 344, 351, 358, 365, 372, 379


(7*n+1)^2.
1, 64, 225, 484, 841, 1296, 1849, 2500, 3249, 4096, 5041, 6084, 7225, 8464, 9801, 11236, 12769, 14400, 16129, 17956, 19881, 21904, 24025, 26244, 28561, 30976, 33489, 36100, 38809, 41616, 44521, 47524


(7*n+1)^3.
1, 512, 3375, 10648, 24389, 46656, 79507, 125000, 185193, 262144, 357911, 474552, 614125, 778688, 970299, 1191016, 1442897, 1728000, 2048383, 2406104, 2803221, 3241792, 3723875, 4251528, 4826809


(7*n+1)^4.
1, 4096, 50625, 234256, 707281, 1679616, 3418801, 6250000, 10556001, 16777216, 25411681, 37015056, 52200625, 71639296, 96059601, 126247696, 163047361, 207360000, 260144641, 322417936, 395254161


(7*n+1)^5.
1, 32768, 759375, 5153632, 20511149, 60466176, 147008443, 312500000, 601692057, 1073741824, 1804229351, 2887174368, 4437053125, 6590815232, 9509900499, 13382255776, 18424351793, 24883200000


(7*n+1)^6.
1, 262144, 11390625, 113379904, 594823321, 2176782336, 6321363049, 15625000000, 34296447249, 68719476736, 128100283921, 225199600704, 377149515625, 606355001344, 941480149401, 1418519112256, 2081951752609


(7*n+1)^7.
1, 2097152, 170859375, 2494357888, 17249876309, 78364164096, 271818611107, 781250000000, 1954897493193, 4398046511104, 9095120158391, 17565568854912, 32057708828125, 55784660123648


a(n) = (7*n + 1)^8.
1, 16777216, 2562890625, 54875873536, 500246412961, 2821109907456, 11688200277601, 39062500000000, 111429157112001, 281474976710656, 645753531245761, 1370114370683136, 2724905250390625, 5132188731375616


