(7*n+1)^9.
1, 134217728, 38443359375, 1207269217792, 14507145975869, 101559956668416, 502592611936843, 1953125000000000, 6351461955384057, 18014398509481984, 45848500718449031, 106868920913284608, 231616946283203125


(7*n+1)^10.
1, 1073741824, 576650390625, 26559922791424, 420707233300201, 3656158440062976, 21611482313284249, 97656250000000000, 362033331456891249, 1152921504606846976, 3255243551009881201, 8335775831236199424


(7*n+1)^11.
1, 8589934592, 8649755859375, 584318301411328, 12200509765705829, 131621703842267136, 929293739471222707, 4882812500000000000, 20635899893042801193, 73786976294838206464, 231122292121701565271


(7*n+1)^12.
1, 68719476736, 129746337890625, 12855002631049216, 353814783205469041, 4738381338321616896, 39959630797262576401, 244140625000000000000, 1176246293903439668001, 4722366482869645213696, 16409682740640811134241


a(n) = 7n + 2.
2, 9, 16, 23, 30, 37, 44, 51, 58, 65, 72, 79, 86, 93, 100, 107, 114, 121, 128, 135, 142, 149, 156, 163, 170, 177, 184, 191, 198, 205, 212, 219, 226, 233, 240, 247, 254, 261, 268, 275, 282, 289, 296, 303, 310, 317, 324, 331, 338, 345, 352, 359, 366, 373, 380


a(n) = (7*n+2)^2.
4, 81, 256, 529, 900, 1369, 1936, 2601, 3364, 4225, 5184, 6241, 7396, 8649, 10000, 11449, 12996, 14641, 16384, 18225, 20164, 22201, 24336, 26569, 28900, 31329, 33856, 36481, 39204, 42025, 44944, 47961


(7*n+2)^3.
8, 729, 4096, 12167, 27000, 50653, 85184, 132651, 195112, 274625, 373248, 493039, 636056, 804357, 1000000, 1225043, 1481544, 1771561, 2097152, 2460375, 2863288, 3307949, 3796416, 4330747, 4913000


(7*n+2)^4.
16, 6561, 65536, 279841, 810000, 1874161, 3748096, 6765201, 11316496, 17850625, 26873856, 38950081, 54700816, 74805201, 100000000, 131079601, 168896016, 214358881, 268435456, 332150625, 406586896


(7*n+2)^5.
32, 59049, 1048576, 6436343, 24300000, 69343957, 164916224, 345025251, 656356768, 1160290625, 1934917632, 3077056399, 4704270176, 6956883693, 10000000000, 14025517307, 19254145824, 25937424601


a(n) = (7*n+2)^6.
64, 531441, 16777216, 148035889, 729000000, 2565726409, 7256313856, 17596287801, 38068692544, 75418890625, 139314069504, 243087455521, 404567235136, 646990183449, 1000000000000, 1500730351849, 2194972623936, 3138428376721, 4398046511104, 6053445140625


a(n) = (7*n + 2)^7.
128, 4782969, 268435456, 3404825447, 21870000000, 94931877133, 319277809664, 897410677851, 2207984167552, 4902227890625, 10030613004288, 19203908986159, 34792782221696, 60170087060757, 100000000000000, 160578147647843, 250226879128704, 379749833583241


(7*n+2)^8.
256, 43046721, 4294967296, 78310985281, 656100000000, 3512479453921, 14048223625216, 45767944570401, 128063081718016, 318644812890625, 722204136308736, 1517108809906561, 2992179271065856, 5595818096650401


(7*n+2)^9.
512, 387420489, 68719476736, 1801152661463, 19683000000000, 129961739795077, 618121839509504, 2334165173090451, 7427658739644928, 20711912837890625, 51998697814228992, 119851595982618319


(7*n+2)^10.
1024, 3486784401, 1099511627776, 41426511213649, 590490000000000, 4808584372417849, 27197360938418176, 119042423827613001, 430804206899405824, 1346274334462890625, 3743906242624487424


(7*n+2)^11.
2048, 31381059609, 17592186044416, 952809757913927, 17714700000000000, 177917621779460413, 1196683881290399744, 6071163615208263051, 24986644000165537792, 87507831740087890625, 269561249468963094528


(7*n+2)^12.
4096, 282429536481, 281474976710656, 21914624432020321, 531441000000000000, 6582952005840035281, 52654090776777588736, 309629344375621415601, 1449225352009601191936, 5688009063105712890625, 19408409961765342806016


a(n) = 7n+3.
3, 10, 17, 24, 31, 38, 45, 52, 59, 66, 73, 80, 87, 94, 101, 108, 115, 122, 129, 136, 143, 150, 157, 164, 171, 178, 185, 192, 199, 206, 213, 220, 227, 234, 241, 248, 255, 262, 269, 276, 283, 290, 297, 304, 311, 318, 325, 332, 339, 346, 353, 360, 367, 374, 381


(7*n+3)^2.
9, 100, 289, 576, 961, 1444, 2025, 2704, 3481, 4356, 5329, 6400, 7569, 8836, 10201, 11664, 13225, 14884, 16641, 18496, 20449, 22500, 24649, 26896, 29241, 31684, 34225, 36864, 39601, 42436, 45369, 48400


(7*n+3)^3.
27, 1000, 4913, 13824, 29791, 54872, 91125, 140608, 205379, 287496, 389017, 512000, 658503, 830584, 1030301, 1259712, 1520875, 1815848, 2146689, 2515456, 2924207, 3375000, 3869893, 4410944, 5000211


(7*n+3)^4.
81, 10000, 83521, 331776, 923521, 2085136, 4100625, 7311616, 12117361, 18974736, 28398241, 40960000, 57289761, 78074896, 104060401, 136048896, 174900625, 221533456, 276922881, 342102016, 418161601


(7*n+3)^5.
243, 100000, 1419857, 7962624, 28629151, 79235168, 184528125, 380204032, 714924299, 1252332576, 2073071593, 3276800000, 4984209207, 7339040224, 10510100501, 14693280768, 20113571875, 27027081632, 35723051649, 46525874176


(7*n+3)^6.
729, 1000000, 24137569, 191102976, 887503681, 3010936384, 8303765625, 19770609664, 42180533641, 82653950016, 151334226289, 262144000000, 433626201009, 689869781056, 1061520150601, 1586874322944


(7*n+3)^7.
2187, 10000000, 410338673, 4586471424, 27512614111, 114415582592, 373669453125, 1028071702528, 2488651484819, 5455160701056, 11047398519097, 20971520000000, 37725479487783, 64847759419264


(7*n+3)^8.
6561, 100000000, 6975757441, 110075314176, 852891037441, 4347792138496, 16815125390625, 53459728531456, 146830437604321, 360040606269696, 806460091894081, 1677721600000000, 3282116715437121, 6095689385410816


(7*n+3)^9.
19683, 1000000000, 118587876497, 2641807540224, 26439622160671, 165216101262848, 756680642578125, 2779905883635712, 8662995818654939, 23762680013799936, 58871586708267913, 134217728000000000


(7*n+3)^10.
59049, 10000000000, 2015993900449, 63403380965376, 819628286980801, 6278211847988224, 34050628916015625, 144555105949057024, 511116753300641401, 1568336880910795776, 4297625829703557649


(7*n+3)^11.
177147, 100000000000, 34271896307633, 1521681143169024, 25408476896404831, 238572050223552512, 1532278301220703125, 7516865509350965248, 30155888444737842659, 103510234140112521216, 313726685568359708377


(7*n+3)^12.
531441, 1000000000000, 582622237229761, 36520347436056576, 787662783788549761, 9065737908494995456, 68952523554931640625, 390877006486250192896, 1779197418239532716881, 6831675453247426400256


a(n) = 7*n + 4.
4, 11, 18, 25, 32, 39, 46, 53, 60, 67, 74, 81, 88, 95, 102, 109, 116, 123, 130, 137, 144, 151, 158, 165, 172, 179, 186, 193, 200, 207, 214, 221, 228, 235, 242, 249, 256, 263, 270, 277, 284, 291, 298, 305, 312, 319, 326, 333, 340, 347, 354, 361, 368, 375, 382


(7*n+4)^2.
16, 121, 324, 625, 1024, 1521, 2116, 2809, 3600, 4489, 5476, 6561, 7744, 9025, 10404, 11881, 13456, 15129, 16900, 18769, 20736, 22801, 24964, 27225, 29584, 32041, 34596, 37249, 40000, 42849, 45796


(7*n+4)^3.
64, 1331, 5832, 15625, 32768, 59319, 97336, 148877, 216000, 300763, 405224, 531441, 681472, 857375, 1061208, 1295029, 1560896, 1860867, 2197000, 2571353, 2985984, 3442951, 3944312, 4492125, 5088448


a(n) = (7*n+4)^4.
256, 14641, 104976, 390625, 1048576, 2313441, 4477456, 7890481, 12960000, 20151121, 29986576, 43046721, 59969536, 81450625, 108243216, 141158161, 181063936, 228886641, 285610000, 352275361, 429981696, 519885601, 623201296, 741200625, 875213056, 1026625681


(7*n+4)^5.
1024, 161051, 1889568, 9765625, 33554432, 90224199, 205962976, 418195493, 777600000, 1350125107, 2219006624, 3486784401, 5277319168, 7737809375, 11040808032, 15386239549, 21003416576, 28153056843


(7*n+4)^6.
4096, 1771561, 34012224, 244140625, 1073741824, 3518743761, 9474296896, 22164361129, 46656000000, 90458382169, 164206490176, 282429536481, 464404086784, 735091890625, 1126162419264, 1677100110841


(7*n+4)^7.
16384, 19487171, 612220032, 6103515625, 34359738368, 137231006679, 435817657216, 1174711139837, 2799360000000, 6060711605323, 12151280273024, 22876792454961, 40867559636992, 69833729609375


(7*n+4)^8.
65536, 214358881, 11019960576, 152587890625, 1099511627776, 5352009260481, 20047612231936, 62259690411361, 167961600000000, 406067677556641, 899194740203776, 1853020188851841, 3596345248055296


(7*n+4)^9.
262144, 2357947691, 198359290368, 3814697265625, 35184372088832, 208728361158759, 922190162669056, 3299763591802133, 10077696000000000, 27206534396294947, 66540410775079424, 150094635296999121


(7*n+4)^10.
1048576, 25937424601, 3570467226624, 95367431640625, 1125899906842624, 8140406085191601, 42420747482776576, 174887470365513049, 604661760000000000, 1822837804551761449, 4923990397355877376


(7*n+4)^11.
4194304, 285311670611, 64268410079232, 2384185791015625, 36028797018963968, 317475837322472439, 1951354384207722496, 9269035929372191597, 36279705600000000000, 122130132904968017083, 364375289404334925824


(7*n+4)^12.
16777216, 3138428376721, 1156831381426176, 59604644775390625, 1152921504606846976, 12381557655576425121, 89762301673555234816, 491258904256726154641, 2176782336000000000000, 8182718904632857144561


a(n) = 7*n + 5.
5, 12, 19, 26, 33, 40, 47, 54, 61, 68, 75, 82, 89, 96, 103, 110, 117, 124, 131, 138, 145, 152, 159, 166, 173, 180, 187, 194, 201, 208, 215, 222, 229, 236, 243, 250, 257, 264, 271, 278, 285, 292, 299, 306, 313, 320, 327, 334, 341, 348, 355, 362, 369, 376, 383


(7*n+5)^2.
25, 144, 361, 676, 1089, 1600, 2209, 2916, 3721, 4624, 5625, 6724, 7921, 9216, 10609, 12100, 13689, 15376, 17161, 19044, 21025, 23104, 25281, 27556, 29929, 32400, 34969, 37636, 40401, 43264, 46225


(7*n+5)^3.
125, 1728, 6859, 17576, 35937, 64000, 103823, 157464, 226981, 314432, 421875, 551368, 704969, 884736, 1092727, 1331000, 1601613, 1906624, 2248091, 2628072, 3048625, 3511808, 4019679, 4574296, 5177717


(7*n+5)^4.
625, 20736, 130321, 456976, 1185921, 2560000, 4879681, 8503056, 13845841, 21381376, 31640625, 45212176, 62742241, 84934656, 112550881, 146410000, 187388721, 236421376, 294499921, 362673936


(7*n+5)^5.
3125, 248832, 2476099, 11881376, 39135393, 102400000, 229345007, 459165024, 844596301, 1453933568, 2373046875, 3707398432, 5584059449, 8153726976, 11592740743, 16105100000, 21924480357, 29316250624


(7*n+5)^6.
15625, 2985984, 47045881, 308915776, 1291467969, 4096000000, 10779215329, 24794911296, 51520374361, 98867482624, 177978515625, 304006671424, 496981290961, 782757789696, 1194052296529, 1771561000000


(7*n+5)^7.
78125, 35831808, 893871739, 8031810176, 42618442977, 163840000000, 506623120463, 1338925209984, 3142742836021, 6722988818432, 13348388671875, 24928547056768, 44231334895529, 75144747810816


(7*n+5)^8.
390625, 429981696, 16983563041, 208827064576, 1406408618241, 6553600000000, 23811286661761, 72301961339136, 191707312997281, 457163239653376, 1001129150390625, 2044140858654976, 3936588805702081


(7*n+5)^9.
1953125, 5159780352, 322687697779, 5429503678976, 46411484401953, 262144000000000, 1119130473102767, 3904305912313344, 11694146092834141, 31087100296429568, 75084686279296875, 167619550409708032


(7*n+5)^10.
9765625, 61917364224, 6131066257801, 141167095653376, 1531578985264449, 10485760000000000, 52599132235830049, 210832519264920576, 713342911662882601, 2113922820157210624, 5631351470947265625


(7*n+5)^11.
48828125, 743008370688, 116490258898219, 3670344486987776, 50542106513726817, 419430400000000000, 2472159215084012303, 11384956040305711104, 43513917611435838661, 143746751770690322432


(7*n+5)^12.
244140625, 8916100448256, 2213314919066161, 95428956661682176, 1667889514952984961, 16777216000000000000, 116191483108948578241, 614787626176508399616, 2654348974297586158321, 9774779120406941925376


a(n) = 7*n + 6.
6, 13, 20, 27, 34, 41, 48, 55, 62, 69, 76, 83, 90, 97, 104, 111, 118, 125, 132, 139, 146, 153, 160, 167, 174, 181, 188, 195, 202, 209, 216, 223, 230, 237, 244, 251, 258, 265, 272, 279, 286, 293, 300, 307, 314, 321, 328, 335, 342, 349, 356, 363, 370, 377, 384


(7*n+6)^2.
36, 169, 400, 729, 1156, 1681, 2304, 3025, 3844, 4761, 5776, 6889, 8100, 9409, 10816, 12321, 13924, 15625, 17424, 19321, 21316, 23409, 25600, 27889, 30276, 32761, 35344, 38025, 40804, 43681, 46656


(7*n+6)^3.
216, 2197, 8000, 19683, 39304, 68921, 110592, 166375, 238328, 328509, 438976, 571787, 729000, 912673, 1124864, 1367631, 1643032, 1953125, 2299968, 2685619, 3112136, 3581577, 4096000, 4657463, 5268024


(7*n+6)^4.
1296, 28561, 160000, 531441, 1336336, 2825761, 5308416, 9150625, 14776336, 22667121, 33362176, 47458321, 65610000, 88529281, 116985856, 151807041, 193877776, 244140625, 303595776, 373301041


(7*n+6)^5.
7776, 371293, 3200000, 14348907, 45435424, 115856201, 254803968, 503284375, 916132832, 1564031349, 2535525376, 3939040643, 5904900000, 8587340257, 12166529024, 16850581551, 22877577568, 30517578125


(7*n+6)^6.
46656, 4826809, 64000000, 387420489, 1544804416, 4750104241, 12230590464, 27680640625, 56800235584, 107918163081, 192699928576, 326940373369, 531441000000, 832972004929, 1265319018496, 1870414552161


(7*n+6)^7.
279936, 62748517, 1280000000, 10460353203, 52523350144, 194754273881, 587068342272, 1522435234375, 3521614606208, 7446353252589, 14645194571776, 27136050989627, 47829690000000, 80798284478113


a(n) = (7*n + 6)^8.
1679616, 815730721, 25600000000, 282429536481, 1785793904896, 7984925229121, 28179280429056, 83733937890625, 218340105584896, 513798374428641, 1113034787454976, 2252292232139041, 4304672100000000


(7*n+6)^9.
10077696, 10604499373, 512000000000, 7625597484987, 60716992766464, 327381934393961, 1352605460594688, 4605366583984375, 13537086546263552, 35452087835576229, 84590643846578176, 186940255267540403


(7*n+6)^10.
60466176, 137858491849, 10240000000000, 205891132094649, 2064377754059776, 13422659310152401, 64925062108545024, 253295162119140625, 839299365868340224, 2446194060654759801, 6428888932339941376


(7*n+6)^11.
362797056, 1792160394037, 204800000000000, 5559060566555523, 70188843638032384, 550329031716248441, 3116402981210161152, 13931233916552734375, 52036560683837093888, 168787390185178426269


(7*n+6)^12.
2176782336, 23298085122481, 4096000000000000, 150094635296999121, 2386420683693101056, 22563490300366186081, 149587343098087735296, 766217865410400390625, 3226266762397899821056, 11646329922777311412561


Expansion of 1/((1-3x)(1-4x)(1-11x)).
1, 18, 235, 2760, 31141, 345918, 3819295, 42071220, 463025881, 5094274218, 56041033555, 616467614880, 6781209278221, 74593565712918, 820530282235015, 9025837356505740, 99284227972292161, 1092126576027270018


(8n)^2.
0, 64, 256, 576, 1024, 1600, 2304, 3136, 4096, 5184, 6400, 7744, 9216, 10816, 12544, 14400, 16384, 18496, 20736, 23104, 25600, 28224, 30976, 33856, 36864, 40000, 43264, 46656, 50176, 53824, 57600, 61504, 65536, 69696, 73984, 78400


(8*n)^3.
0, 512, 4096, 13824, 32768, 64000, 110592, 175616, 262144, 373248, 512000, 681472, 884736, 1124864, 1404928, 1728000, 2097152, 2515456, 2985984, 3511808, 4096000, 4741632, 5451776, 6229504, 7077888


(8*n)^4.
0, 4096, 65536, 331776, 1048576, 2560000, 5308416, 9834496, 16777216, 26873856, 40960000, 59969536, 84934656, 116985856, 157351936, 207360000, 268435456, 342102016, 429981696, 533794816, 655360000


(8*n)^5.
0, 32768, 1048576, 7962624, 33554432, 102400000, 254803968, 550731776, 1073741824, 1934917632, 3276800000, 5277319168, 8153726976, 12166529024, 17623416832, 24883200000, 34359738368, 46525874176


(8*n)^6.
0, 262144, 16777216, 191102976, 1073741824, 4096000000, 12230590464, 30840979456, 68719476736, 139314069504, 262144000000, 464404086784, 782757789696, 1265319018496, 1973822685184, 2985984000000


(8*n)^7.
0, 2097152, 268435456, 4586471424, 34359738368, 163840000000, 587068342272, 1727094849536, 4398046511104, 10030613004288, 20971520000000, 40867559636992, 75144747810816, 131593177923584


(8*n)^8.
0, 16777216, 4294967296, 110075314176, 1099511627776, 6553600000000, 28179280429056, 96717311574016, 281474976710656, 722204136308736, 1677721600000000, 3596345248055296, 7213895789838336, 13685690504052736


(8*n)^9.
0, 134217728, 68719476736, 2641807540224, 35184372088832, 262144000000000, 1352605460594688, 5416169448144896, 18014398509481984, 51998697814228992, 134217728000000000, 316478381828866048, 692533995824480256


(8*n)^10.
0, 1073741824, 1099511627776, 63403380965376, 1125899906842624, 10485760000000000, 64925062108545024, 303305489096114176, 1152921504606846976, 3743906242624487424, 10737418240000000000


(8*n)^11.
0, 8589934592, 17592186044416, 1521681143169024, 36028797018963968, 419430400000000000, 3116402981210161152, 16985107389382393856, 73786976294838206464, 269561249468963094528, 858993459200000000000


(8*n)^12.
0, 68719476736, 281474976710656, 36520347436056576, 1152921504606846976, 16777216000000000000, 149587343098087735296, 951166013805414055936, 4722366482869645213696, 19408409961765342806016, 68719476736000000000000


a(n) = 8*n + 1.
1, 9, 17, 25, 33, 41, 49, 57, 65, 73, 81, 89, 97, 105, 113, 121, 129, 137, 145, 153, 161, 169, 177, 185, 193, 201, 209, 217, 225, 233, 241, 249, 257, 265, 273, 281, 289, 297, 305, 313, 321, 329, 337, 345, 353, 361, 369, 377, 385, 393, 401, 409, 417, 425, 433


(8*n+1)^2.
1, 81, 289, 625, 1089, 1681, 2401, 3249, 4225, 5329, 6561, 7921, 9409, 11025, 12769, 14641, 16641, 18769, 21025, 23409, 25921, 28561, 31329, 34225, 37249, 40401, 43681, 47089, 50625, 54289, 58081


(8*n+1)^3.
1, 729, 4913, 15625, 35937, 68921, 117649, 185193, 274625, 389017, 531441, 704969, 912673, 1157625, 1442897, 1771561, 2146689, 2571353, 3048625, 3581577, 4173281, 4826809, 5545233, 6331625, 7189057


(8*n+1)^4.
1, 6561, 83521, 390625, 1185921, 2825761, 5764801, 10556001, 17850625, 28398241, 43046721, 62742241, 88529281, 121550625, 163047361, 214358881, 276922881, 352275361, 442050625, 547981281, 671898241


(8*n+1)^5.
1, 59049, 1419857, 9765625, 39135393, 115856201, 282475249, 601692057, 1160290625, 2073071593, 3486784401, 5584059449, 8587340257, 12762815625, 18424351793, 25937424601, 35723051649, 48261724457


(8*n+1)^6.
1, 531441, 24137569, 244140625, 1291467969, 4750104241, 13841287201, 34296447249, 75418890625, 151334226289, 282429536481, 496981290961, 832972004929, 1340095640625, 2081951752609, 3138428376721


(8*n+1)^7.
1, 4782969, 410338673, 6103515625, 42618442977, 194754273881, 678223072849, 1954897493193, 4902227890625, 11047398519097, 22876792454961, 44231334895529, 80798284478113, 140710042265625


a(n) = (8*n + 1)^8.
1, 43046721, 6975757441, 152587890625, 1406408618241, 7984925229121, 33232930569601, 111429157112001, 318644812890625, 806460091894081, 1853020188851841, 3936588805702081, 7837433594376961, 14774554437890625


(8*n+1)^9.
1, 387420489, 118587876497, 3814697265625, 46411484401953, 327381934393961, 1628413597910449, 6351461955384057, 20711912837890625, 58871586708267913, 150094635296999121, 350356403707485209


(8*n+1)^10.
1, 3486784401, 2015993900449, 95367431640625, 1531578985264449, 13422659310152401, 79792266297612001, 362033331456891249, 1346274334462890625, 4297625829703557649, 12157665459056928801


(8*n+1)^11.
1, 31381059609, 34271896307633, 2384185791015625, 50542106513726817, 550329031716248441, 3909821048582988049, 20635899893042801193, 87507831740087890625, 313726685568359708377, 984770902183611232881


(8*n+1)^12.
1, 282429536481, 582622237229761, 59604644775390625, 1667889514952984961, 22563490300366186081, 191581231380566414401, 1176246293903439668001, 5688009063105712890625, 22902048046490258711521, 79766443076872509863361


a(n) = 8*n+2.
2, 10, 18, 26, 34, 42, 50, 58, 66, 74, 82, 90, 98, 106, 114, 122, 130, 138, 146, 154, 162, 170, 178, 186, 194, 202, 210, 218, 226, 234, 242, 250, 258, 266, 274, 282, 290, 298, 306, 314, 322, 330, 338, 346, 354, 362, 370, 378, 386, 394, 402, 410, 418, 426


(8*n+2)^2.
4, 100, 324, 676, 1156, 1764, 2500, 3364, 4356, 5476, 6724, 8100, 9604, 11236, 12996, 14884, 16900, 19044, 21316, 23716, 26244, 28900, 31684, 34596, 37636, 40804, 44100, 47524, 51076, 54756, 58564


(8*n+2)^3.
8, 1000, 5832, 17576, 39304, 74088, 125000, 195112, 287496, 405224, 551368, 729000, 941192, 1191016, 1481544, 1815848, 2197000, 2628072, 3112136, 3652264, 4251528, 4913000, 5639752, 6434856, 7301384


(8*n+2)^4.
16, 10000, 104976, 456976, 1336336, 3111696, 6250000, 11316496, 18974736, 29986576, 45212176, 65610000, 92236816, 126247696, 168896016, 221533456, 285610000, 362673936, 454371856, 562448656


(8*n+2)^5.
32, 100000, 1889568, 11881376, 45435424, 130691232, 312500000, 656356768, 1252332576, 2219006624, 3707398432, 5904900000, 9039207968, 13382255776, 19254145824, 27027081632, 37129300000


(8*n+2)^6.
64, 1000000, 34012224, 308915776, 1544804416, 5489031744, 15625000000, 38068692544, 82653950016, 164206490176, 304006671424, 531441000000, 885842380864, 1418519112256, 2194972623936, 3297303959104


(8*n+2)^7.
128, 10000000, 612220032, 8031810176, 52523350144, 230539333248, 781250000000, 2207984167552, 5455160701056, 12151280273024, 24928547056768, 47829690000000, 86812553324672, 150363025899136


(8*n+2)^8.
256, 100000000, 11019960576, 208827064576, 1785793904896, 9682651996416, 39062500000000, 128063081718016, 360040606269696, 899194740203776, 2044140858654976, 4304672100000000, 8507630225817856, 15938480745308416


a(n) = (8*n + 2)^9.
512, 1000000000, 198359290368, 5429503678976, 60716992766464, 406671383849472, 1953125000000000, 7427658739644928, 23762680013799936, 66540410775079424, 167619550409708032, 387420489000000000


(8*n+2)^10.
1024, 10000000000, 3570467226624, 141167095653376, 2064377754059776, 17080198121677824, 97656250000000000, 430804206899405824, 1568336880910795776, 4923990397355877376, 13744803133596058624


(8*n+2)^11.
2048, 100000000000, 64268410079232, 3670344486987776, 70188843638032384, 717368321110468608, 4882812500000000000, 24986644000165537792, 103510234140112521216, 364375289404334925824, 1127073856954876807168


(8*n+2)^12.
4096, 1000000000000, 1156831381426176, 95428956661682176, 2386420683693101056, 30129469486639681536, 244140625000000000000, 1449225352009601191936, 6831675453247426400256, 26963771415920784510976


a(n) = 8n + 3.
3, 11, 19, 27, 35, 43, 51, 59, 67, 75, 83, 91, 99, 107, 115, 123, 131, 139, 147, 155, 163, 171, 179, 187, 195, 203, 211, 219, 227, 235, 243, 251, 259, 267, 275, 283, 291, 299, 307, 315, 323, 331, 339, 347, 355, 363, 371, 379, 387, 395, 403, 411, 419, 427


a(n) = (8n + 3)^2.
9, 121, 361, 729, 1225, 1849, 2601, 3481, 4489, 5625, 6889, 8281, 9801, 11449, 13225, 15129, 17161, 19321, 21609, 24025, 26569, 29241, 32041, 34969, 38025, 41209, 44521, 47961, 51529, 55225, 59049, 63001, 67081, 71289, 75625, 80089, 84681


a(n) = (8*n+3)^3.
27, 1331, 6859, 19683, 42875, 79507, 132651, 205379, 300763, 421875, 571787, 753571, 970299, 1225043, 1520875, 1860867, 2248091, 2685619, 3176523, 3723875, 4330747, 5000211, 5735339, 6539203, 7414875


a(n) = (8*n+3)^4.
81, 14641, 130321, 531441, 1500625, 3418801, 6765201, 12117361, 20151121, 31640625, 47458321, 68574961, 96059601, 131079601, 174900625, 228886641, 294499921, 373301041, 466948881, 577200625


a(n) = (8*n+3)^5.
243, 161051, 2476099, 14348907, 52521875, 147008443, 345025251, 714924299, 1350125107, 2373046875, 3939040643, 6240321451, 9509900499, 14025517307, 20113571875, 28153056843, 38579489651, 51888844699, 68641485507, 89466096875


a(n) = (8*n+3)^6.
729, 1771561, 47045881, 387420489, 1838265625, 6321363049, 17596287801, 42180533641, 90458382169, 177978515625, 326940373369, 567869252041, 941480149401, 1500730351849, 2313060765625, 3462825991689


a(n) = (8*n+3)^7.
2187, 19487171, 893871739, 10460353203, 64339296875, 271818611107, 897410677851, 2488651484819, 6060711605323, 13348388671875, 27136050989627, 51676101935731, 93206534790699, 160578147647843


a(n) = (8*n+3)^8.
6561, 214358881, 16983563041, 282429536481, 2251875390625, 11688200277601, 45767944570401, 146830437604321, 406067677556641, 1001129150390625, 2252292232139041, 4702525276151521, 9227446944279201


a(n) = (8*n+3)^9.
19683, 2357947691, 322687697779, 7625597484987, 78815638671875, 502592611936843, 2334165173090451, 8662995818654939, 27206534396294947, 75084686279296875, 186940255267540403, 427929800129788411


a(n) = (8*n+3)^10.
59049, 25937424601, 6131066257801, 205891132094649, 2758547353515625, 21611482313284249, 119042423827613001, 511116753300641401, 1822837804551761449, 5631351470947265625, 15516041187205853449


a(n) = (8*n+3)^11.
177147, 285311670611, 116490258898219, 5559060566555523, 96549157373046875, 929293739471222707, 6071163615208263051, 30155888444737842659, 122130132904968017083, 422351360321044921875, 1287831418538085836267


a(n) = (8*n+3)^12.
531441, 3138428376721, 2213314919066161, 150094635296999121, 3379220508056640625, 39959630797262576401, 309629344375621415601, 1779197418239532716881, 8182718904632857144561, 31676352024078369140625


a(n) = 8*n + 4.
4, 12, 20, 28, 36, 44, 52, 60, 68, 76, 84, 92, 100, 108, 116, 124, 132, 140, 148, 156, 164, 172, 180, 188, 196, 204, 212, 220, 228, 236, 244, 252, 260, 268, 276, 284, 292, 300, 308, 316, 324, 332, 340, 348, 356, 364, 372, 380, 388, 396, 404, 412, 420, 428, 436, 444, 452, 460, 468


(8*n+4)^2.
16, 144, 400, 784, 1296, 1936, 2704, 3600, 4624, 5776, 7056, 8464, 10000, 11664, 13456, 15376, 17424, 19600, 21904, 24336, 26896, 29584, 32400, 35344, 38416, 41616, 44944, 48400, 51984, 55696


(8*n+4)^3.
64, 1728, 8000, 21952, 46656, 85184, 140608, 216000, 314432, 438976, 592704, 778688, 1000000, 1259712, 1560896, 1906624, 2299968, 2744000, 3241792, 3796416, 4410944, 5088448, 5832000, 6644672


(8*n+4)^4.
256, 20736, 160000, 614656, 1679616, 3748096, 7311616, 12960000, 21381376, 33362176, 49787136, 71639296, 100000000, 136048896, 181063936, 236421376, 303595776, 384160000, 479785216, 592240896


(8*n+4)^5.
1024, 248832, 3200000, 17210368, 60466176, 164916224, 380204032, 777600000, 1453933568, 2535525376, 4182119424, 6590815232, 10000000000, 14693280768, 21003416576, 29316250624, 40074642432


(8*n+4)^6.
4096, 2985984, 64000000, 481890304, 2176782336, 7256313856, 19770609664, 46656000000, 98867482624, 192699928576, 351298031616, 606355001344, 1000000000000, 1586874322944, 2436396322816


a(n) = (8*n+4)^7 = 4^7*(2*n+1)^7.
16384, 35831808, 1280000000, 13492928512, 78364164096, 319277809664, 1028071702528, 2799360000000, 6722988818432, 14645194571776, 29509034655744, 55784660123648, 100000000000000, 171382426877952, 282621973446656, 450766669594624, 698260569735168, 1054135040000000, 1555363874947072, 2248392813428736


(8*n+4)^8.
65536, 429981696, 25600000000, 377801998336, 2821109907456, 14048223625216, 53459728531456, 167961600000000, 457163239653376, 1113034787454976, 2478758911082496, 5132188731375616, 10000000000000000


(8*n+4)^9.
262144, 5159780352, 512000000000, 10578455953408, 101559956668416, 618121839509504, 2779905883635712, 10077696000000000, 31087100296429568, 84590643846578176, 208215748530929664, 472161363286556672


(8*n+4)^10.
1048576, 61917364224, 10240000000000, 296196766695424, 3656158440062976, 27197360938418176, 144555105949057024, 604661760000000000, 2113922820157210624, 6428888932339941376, 17490122876598091776


(8*n+4)^11.
4194304, 743008370688, 204800000000000, 8293509467471872, 131621703842267136, 1196683881290399744, 7516865509350965248, 36279705600000000000, 143746751770690322432, 488595558857835544576


a(n) = (8*n+4)^12.
16777216, 8916100448256, 4096000000000000, 232218265089212416, 4738381338321616896, 52654090776777588736, 390877006486250192896, 2176782336000000000000, 9774779120406941925376, 37133262473195501387776


Table read by antidiagonals of Fibonacci-type sequences.
0, 1, 1, 1, 1, 2, 2, 2, 1, 3, 3, 3, 3, 1, 4, 5, 5, 4, 4, 1, 5, 8, 8, 7, 5, 5, 1, 6, 13, 13, 11, 9, 6, 6, 1, 7, 21, 21, 18, 14, 11, 7, 7, 1, 8, 34, 34, 29, 23, 17, 13, 8, 8, 1, 9, 55, 55, 47, 37, 28, 20, 15, 9, 9, 1, 10, 89, 89, 76, 60, 45, 33, 23, 17, 10, 10, 1, 11, 144, 144, 123, 97, 73


(8*n+5)^2.
25, 169, 441, 841, 1369, 2025, 2809, 3721, 4761, 5929, 7225, 8649, 10201, 11881, 13689, 15625, 17689, 19881, 22201, 24649, 27225, 29929, 32761, 35721, 38809, 42025, 45369, 48841, 52441, 56169


(8*n+5)^3.
125, 2197, 9261, 24389, 50653, 91125, 148877, 226981, 328509, 456533, 614125, 804357, 1030301, 1295029, 1601613, 1953125, 2352637, 2803221, 3307949, 3869893, 4492125, 5177717, 5929741, 6751269


(8*n+5)^4.
625, 28561, 194481, 707281, 1874161, 4100625, 7890481, 13845841, 22667121, 35153041, 52200625, 74805201, 104060401, 141158161, 187388721, 244140625, 312900721, 395254161, 492884401, 607573201


(8*n+5)^5.
3125, 371293, 4084101, 20511149, 69343957, 184528125, 418195493, 844596301, 1564031349, 2706784157, 4437053125, 6956883693, 10510100501, 15386239549, 21924480357, 30517578125, 41615795893


(8*n+5)^6.
15625, 4826809, 85766121, 594823321, 2565726409, 8303765625, 22164361129, 51520374361, 107918163081, 208422380089, 377149515625, 646990183449, 1061520150601, 1677100110841, 2565164201769


(8*n+5)^7.
78125, 62748517, 1801088541, 17249876309, 94931877133, 373669453125, 1174711139837, 3142742836021, 7446353252589, 16048523266853, 32057708828125, 60170087060757, 107213535210701, 182803912081669


(8*n+5)^8.
390625, 815730721, 37822859361, 500246412961, 3512479453921, 16815125390625, 62259690411361, 191707312997281, 513798374428641, 1235736291547681, 2724905250390625, 5595818096650401, 10828567056280801


(8*n+5)^9.
1953125, 10604499373, 794280046581, 14507145975869, 129961739795077, 756680642578125, 3299763591802133, 11694146092834141, 35452087835576229, 95151694449171437, 231616946283203125, 520411082988487293


(8*n+5)^10.
9765625, 137858491849, 16679880978201, 420707233300201, 4808584372417849, 34050628916015625, 174887470365513049, 713342911662882601, 2446194060654759801, 7326680472586200649, 19687440434072265625


(8*n+5)^11.
48828125, 1792160394037, 350277500542221, 12200509765705829, 177917621779460413, 1532278301220703125, 9269035929372191597, 43513917611435838661, 168787390185178426269, 564154396389137449973


(8*n+5)^12.
244140625, 23298085122481, 7355827511386641, 353814783205469041, 6582952005840035281, 68952523554931640625, 491258904256726154641, 2654348974297586158321, 11646329922777311412561, 43439888521963583647921


a(n) = 8*n+6.
6, 14, 22, 30, 38, 46, 54, 62, 70, 78, 86, 94, 102, 110, 118, 126, 134, 142, 150, 158, 166, 174, 182, 190, 198, 206, 214, 222, 230, 238, 246, 254, 262, 270, 278, 286, 294, 302, 310, 318, 326, 334, 342, 350, 358, 366, 374, 382, 390, 398, 406, 414, 422, 430


a(n) = (8*n+6)^2.
36, 196, 484, 900, 1444, 2116, 2916, 3844, 4900, 6084, 7396, 8836, 10404, 12100, 13924, 15876, 17956, 20164, 22500, 24964, 27556, 30276, 33124, 36100, 39204, 42436, 45796, 49284, 52900, 56644


a(n) = (8*n + 6)^3.
216, 2744, 10648, 27000, 54872, 97336, 157464, 238328, 343000, 474552, 636056, 830584, 1061208, 1331000, 1643032, 2000376, 2406104, 2863288, 3375000, 3944312, 4574296, 5268024, 6028568, 6859000, 7762392, 8741816, 9800344, 10941048


a(n) = (8*n+6)^4.
1296, 38416, 234256, 810000, 2085136, 4477456, 8503056, 14776336, 24010000, 37015056, 54700816, 78074896, 108243216, 146410000, 193877776, 252047376, 322417936, 406586896, 506250000, 623201296


a(n) = (8*n+6)^5.
7776, 537824, 5153632, 24300000, 79235168, 205962976, 459165024, 916132832, 1680700000, 2887174368, 4704270176, 7339040224, 11040808032, 16105100000, 22877577568, 31757969376, 43204003424


a(n) = (8*n+6)^6.
46656, 7529536, 113379904, 729000000, 3010936384, 9474296896, 24794911296, 56800235584, 117649000000, 225199600704, 404567235136, 689869781056, 1126162419264, 1771561000000, 2699554153024


a(n) = (8*n+6)^7.
279936, 105413504, 2494357888, 21870000000, 114415582592, 435817657216, 1338925209984, 3521614606208, 8235430000000, 17565568854912, 34792782221696, 64847759419264, 114868566764928, 194871710000000


a(n) = (8*n+6)^8.
1679616, 1475789056, 54875873536, 656100000000, 4347792138496, 20047612231936, 72301961339136, 218340105584896, 576480100000000, 1370114370683136, 2992179271065856, 6095689385410816, 11716593810022656


a(n) = (8*n+6)^9.
10077696, 20661046784, 1207269217792, 19683000000000, 165216101262848, 922190162669056, 3904305912313344, 13537086546263552, 40353607000000000, 106868920913284608, 257327417311663616, 572994802228616704


a(n) = (8*n+6)^10.
60466176, 289254654976, 26559922791424, 590490000000000, 6278211847988224, 42420747482776576, 210832519264920576, 839299365868340224, 2824752490000000000, 8335775831236199424, 22130157888803070976


a(n) = (8*n+6)^11.
362797056, 4049565169664, 584318301411328, 17714700000000000, 238572050223552512, 1951354384207722496, 11384956040305711104, 52036560683837093888, 197732674300000000000, 650190514836423555072


a(n) = (8*n+6)^12.
2176782336, 56693912375296, 12855002631049216, 531441000000000000, 9065737908494995456, 89762301673555234816, 614787626176508399616, 3226266762397899821056, 13841287201000000000000, 50714860157241037295616


Duplicate of <a href="/A004771" title="a(n) = 8*n+7. Or, numbers n such that binary expansion ends 111.">A004771</a>.
7, 15, 23, 31, 39, 47, 55, 63, 71, 79, 87, 95, 103, 111, 119, 127, 135, 143, 151, 159


(8*n+7)^2.
49, 225, 529, 961, 1521, 2209, 3025, 3969, 5041, 6241, 7569, 9025, 10609, 12321, 14161, 16129, 18225, 20449, 22801, 25281, 27889, 30625, 33489, 36481, 39601, 42849, 46225, 49729, 53361, 57121


(8*n+7)^3.
343, 3375, 12167, 29791, 59319, 103823, 166375, 250047, 357911, 493039, 658503, 857375, 1092727, 1367631, 1685159, 2048383, 2460375, 2924207, 3442951, 4019679, 4657463, 5359375, 6128487, 6967871


(8*n+7)^4.
2401, 50625, 279841, 923521, 2313441, 4879681, 9150625, 15752961, 25411681, 38950081, 57289761, 81450625, 112550881, 151807041, 200533921, 260144641, 332150625, 418161601, 519885601, 639128961


(8*n+7)^5.
16807, 759375, 6436343, 28629151, 90224199, 229345007, 503284375, 992436543, 1804229351, 3077056399, 4984209207, 7737809375, 11592740743, 16850581551, 23863536599, 33038369407, 44840334375


(8*n+7)^6.
117649, 11390625, 148035889, 887503681, 3518743761, 10779215329, 27680640625, 62523502209, 128100283921, 243087455521, 433626201009, 735091890625, 1194052296529, 1870414552161, 2839760855281


(8*n+7)^7.
823543, 170859375, 3404825447, 27512614111, 137231006679, 506623120463, 1522435234375, 3938980639167, 9095120158391, 19203908986159, 37725479487783, 69833729609375, 122987386542487, 207616015289871


(8*n+7)^8.
5764801, 2562890625, 78310985281, 852891037441, 5352009260481, 23811286661761, 83733937890625, 248155780267521, 645753531245761, 1517108809906561, 3282116715437121, 6634204312890625, 12667700813876161


(8*n+7)^9.
40353607, 38443359375, 1801152661463, 26439622160671, 208728361158759, 1119130473102767, 4605366583984375, 15633814156853823, 45848500718449031, 119851595982618319, 285544154243029527, 630249409724609375


(8*n+7)^10.
282475249, 576650390625, 41426511213649, 819628286980801, 8140406085191601, 52599132235830049, 253295162119140625, 984930291881790849, 3255243551009881201, 9468276082626847201


(8*n+7)^11.
1977326743, 8649755859375, 952809757913927, 25408476896404831, 317475837322472439, 2472159215084012303, 13931233916552734375, 62050608388552823487, 231122292121701565271, 747993810527520928879


(8*n+7)^12.
13841287201, 129746337890625, 21914624432020321, 787662783788549761, 12381557655576425121, 116191483108948578241, 766217865410400390625, 3909188328478827879681, 16409682740640811134241, 59091511031674153381441


Expansion of 1/((1-3x)(1-4x)(1-12x)).
1, 19, 265, 3355, 41041, 495859, 5964505, 71633035, 859838881, 10319056099, 123832690345, 1486008529915, 17832167873521, 213986278134739, 2567836397009785, 30814041016037995, 369768509243184961


(9*n)^2.
0, 81, 324, 729, 1296, 2025, 2916, 3969, 5184, 6561, 8100, 9801, 11664, 13689, 15876, 18225, 20736, 23409, 26244, 29241, 32400, 35721, 39204, 42849, 46656, 50625, 54756, 59049, 63504, 68121, 72900


(9*n)^3.
0, 729, 5832, 19683, 46656, 91125, 157464, 250047, 373248, 531441, 729000, 970299, 1259712, 1601613, 2000376, 2460375, 2985984, 3581577, 4251528, 5000211, 5832000, 6751269, 7762392, 8869743


(9*n)^4.
0, 6561, 104976, 531441, 1679616, 4100625, 8503056, 15752961, 26873856, 43046721, 65610000, 96059601, 136048896, 187388721, 252047376, 332150625, 429981696, 547981281, 688747536, 855036081


(9*n)^5.
0, 59049, 1889568, 14348907, 60466176, 184528125, 459165024, 992436543, 1934917632, 3486784401, 5904900000, 9509900499, 14693280768, 21924480357, 31757969376, 44840334375, 61917364224


(9*n)^6.
0, 531441, 34012224, 387420489, 2176782336, 8303765625, 24794911296, 62523502209, 139314069504, 282429536481, 531441000000, 941480149401, 1586874322944, 2565164201769, 4001504141376, 6053445140625


(9*n)^7.
0, 4782969, 612220032, 10460353203, 78364164096, 373669453125, 1338925209984, 3938980639167, 10030613004288, 22876792454961, 47829690000000, 93206534790699, 171382426877952, 300124211606973


(9*n)^8.
0, 43046721, 11019960576, 282429536481, 2821109907456, 16815125390625, 72301961339136, 248155780267521, 722204136308736, 1853020188851841, 4304672100000000, 9227446944279201, 18509302102818816, 35114532758015841


(9*n)^9.
0, 387420489, 198359290368, 7625597484987, 101559956668416, 756680642578125, 3904305912313344, 15633814156853823, 51998697814228992, 150094635296999121, 387420489000000000, 913517247483640899


(9*n)^10.
0, 3486784401, 3570467226624, 205891132094649, 3656158440062976, 34050628916015625, 210832519264920576, 984930291881790849, 3743906242624487424, 12157665459056928801, 34867844010000000000


(9*n)^11.
0, 31381059609, 64268410079232, 5559060566555523, 131621703842267136, 1532278301220703125, 11384956040305711104, 62050608388552823487, 269561249468963094528, 984770902183611232881, 3138105960900000000000


(9*n)^12.
0, 282429536481, 1156831381426176, 150094635296999121, 4738381338321616896, 68952523554931640625, 614787626176508399616, 3909188328478827879681, 19408409961765342806016, 79766443076872509863361, 282429536481000000000000


a(n) = 9n + 1.
1, 10, 19, 28, 37, 46, 55, 64, 73, 82, 91, 100, 109, 118, 127, 136, 145, 154, 163, 172, 181, 190, 199, 208, 217, 226, 235, 244, 253, 262, 271, 280, 289, 298, 307, 316, 325, 334, 343, 352, 361, 370, 379, 388, 397, 406, 415, 424, 433, 442, 451, 460, 469, 478


(9*n+1)^2.
1, 100, 361, 784, 1369, 2116, 3025, 4096, 5329, 6724, 8281, 10000, 11881, 13924, 16129, 18496, 21025, 23716, 26569, 29584, 32761, 36100, 39601, 43264, 47089, 51076, 55225, 59536, 64009, 68644


(9*n+1)^3.
1, 1000, 6859, 21952, 50653, 97336, 166375, 262144, 389017, 551368, 753571, 1000000, 1295029, 1643032, 2048383, 2515456, 3048625, 3652264, 4330747, 5088448, 5929741, 6859000, 7880599, 8998912


(9n+1)^4.
1, 10000, 130321, 614656, 1874161, 4477456, 9150625, 16777216, 28398241, 45212176, 68574961, 100000000, 141158161, 193877776, 260144641, 342102016, 442050625, 562448656, 705911761, 875213056


(9n+1)^5.
1, 100000, 2476099, 17210368, 69343957, 205962976, 503284375, 1073741824, 2073071593, 3707398432, 6240321451, 10000000000, 15386239549, 22877577568, 33038369407, 46525874176, 64097340625


(9n+1)^6.
1, 1000000, 47045881, 481890304, 2565726409, 9474296896, 27680640625, 68719476736, 151334226289, 304006671424, 567869252041, 1000000000000, 1677100110841, 2699554153024, 4195872914689, 6327518887936


(9n+1)^7.
1, 10000000, 893871739, 13492928512, 94931877133, 435817657216, 1522435234375, 4398046511104, 11047398519097, 24928547056768, 51676101935731, 100000000000000, 182803912081669, 318547390056832


(9n+1)^8.
1, 100000000, 16983563041, 377801998336, 3512479453921, 20047612231936, 83733937890625, 281474976710656, 806460091894081, 2044140858654976, 4702525276151521, 10000000000000000, 19925626416901921, 37588592026706176


(9n+1)^9.
1, 1000000000, 322687697779, 10578455953408, 129961739795077, 922190162669056, 4605366583984375, 18014398509481984, 58871586708267913, 167619550409708032, 427929800129788411, 1000000000000000000


(9n+1)^10.
1, 10000000000, 6131066257801, 296196766695424, 4808584372417849, 42420747482776576, 253295162119140625, 1152921504606846976, 4297625829703557649, 13744803133596058624, 38941611811810745401


(9n+1)^11.
1, 100000000000, 116490258898219, 8293509467471872, 177917621779460413, 1951354384207722496, 13931233916552734375, 73786976294838206464, 313726685568359708377, 1127073856954876807168, 3543686674874777831491


(9n+1)^12.
1, 1000000000000, 2213314919066161, 232218265089212416, 6582952005840035281, 89762301673555234816, 766217865410400390625, 4722366482869645213696, 22902048046490258711521, 92420056270299898187776, 322475487413604782665681


9*n+2.
2, 11, 20, 29, 38, 47, 56, 65, 74, 83, 92, 101, 110, 119, 128, 137, 146, 155, 164, 173, 182, 191, 200, 209, 218, 227, 236, 245, 254, 263, 272, 281, 290, 299, 308, 317, 326, 335, 344, 353, 362, 371, 380, 389, 398, 407, 416, 425, 434, 443, 452, 461, 470, 479


(9*n+2)^2.
4, 121, 400, 841, 1444, 2209, 3136, 4225, 5476, 6889, 8464, 10201, 12100, 14161, 16384, 18769, 21316, 24025, 26896, 29929, 33124, 36481, 40000, 43681, 47524, 51529, 55696, 60025, 64516, 69169


(9*n+2)^3.
8, 1331, 8000, 24389, 54872, 103823, 175616, 274625, 405224, 571787, 778688, 1030301, 1331000, 1685159, 2097152, 2571353, 3112136, 3723875, 4410944, 5177717, 6028568, 6967871, 8000000, 9129329


(9*n+2)^4.
16, 14641, 160000, 707281, 2085136, 4879681, 9834496, 17850625, 29986576, 47458321, 71639296, 104060401, 146410000, 200533921, 268435456, 352275361, 454371856, 577200625, 723394816, 895745041


(9*n+2)^5.
32, 161051, 3200000, 20511149, 79235168, 229345007, 550731776, 1160290625, 2219006624, 3939040643, 6590815232, 10510100501, 16105100000, 23863536599, 34359738368, 48261724457, 66338290976


(9*n+2)^6.
64, 1771561, 64000000, 594823321, 3010936384, 10779215329, 30840979456, 75418890625, 164206490176, 326940373369, 606355001344, 1061520150601, 1771561000000, 2839760855281, 4398046511104, 6611856250609


(9*n+2)^7.
128, 19487171, 1280000000, 17249876309, 114415582592, 506623120463, 1727094849536, 4902227890625, 12151280273024, 27136050989627, 55784660123648, 107213535210701, 194871710000000, 337931541778439


(9*n+2)^8.
256, 214358881, 25600000000, 500246412961, 4347792138496, 23811286661761, 96717311574016, 318644812890625, 899194740203776, 2252292232139041, 5132188731375616, 10828567056280801, 21435888100000000, 40213853471634241


(9*n+2)^9.
512, 2357947691, 512000000000, 14507145975869, 165216101262848, 1119130473102767, 5416169448144896, 20711912837890625, 66540410775079424, 186940255267540403, 472161363286556672, 1093685272684360901


(9*n+2)^10.
1024, 25937424601, 10240000000000, 420707233300201, 6278211847988224, 52599132235830049, 303305489096114176, 1346274334462890625, 4923990397355877376, 15516041187205853449, 43438845422363213824


(9*n+2)^11.
2048, 285311670611, 204800000000000, 12200509765705829, 238572050223552512, 2472159215084012303, 16985107389382393856, 87507831740087890625, 364375289404334925824, 1287831418538085836267, 3996373778857415671808


(9*n+2)^12.
4096, 3138428376721, 4096000000000000, 353814783205469041, 9065737908494995456, 116191483108948578241, 951166013805414055936, 5688009063105712890625, 26963771415920784510976, 106890007738661124410161


a(n) = 9*n + 3.
3, 12, 21, 30, 39, 48, 57, 66, 75, 84, 93, 102, 111, 120, 129, 138, 147, 156, 165, 174, 183, 192, 201, 210, 219, 228, 237, 246, 255, 264, 273, 282, 291, 300, 309, 318, 327, 336, 345, 354, 363, 372, 381, 390, 399, 408, 417, 426, 435, 444, 453, 462, 471, 480


a(n) = (9*n + 3)^2.
9, 144, 441, 900, 1521, 2304, 3249, 4356, 5625, 7056, 8649, 10404, 12321, 14400, 16641, 19044, 21609, 24336, 27225, 30276, 33489, 36864, 40401, 44100, 47961, 51984, 56169, 60516, 65025, 69696


(9*n+3)^3.
27, 1728, 9261, 27000, 59319, 110592, 185193, 287496, 421875, 592704, 804357, 1061208, 1367631, 1728000, 2146689, 2628072, 3176523, 3796416, 4492125, 5268024, 6128487, 7077888, 8120601, 9261000


