a(n) = (9*n+7)^7.
823543, 268435456, 6103515625, 52523350144, 271818611107, 1028071702528, 3142742836021, 8235430000000, 19203908986159, 40867559636992, 80798284478113, 150363025899136, 266001988046875, 450766669594624


(9*n+7)^8.
5764801, 4294967296, 152587890625, 1785793904896, 11688200277601, 53459728531456, 191707312997281, 576480100000000, 1517108809906561, 3596345248055296, 7837433594376961, 15938480745308416, 30590228625390625


(9*n+7)^9.
40353607, 68719476736, 3814697265625, 60716992766464, 502592611936843, 2779905883635712, 11694146092834141, 40353607000000000, 119851595982618319, 316478381828866048, 760231058654565217, 1689478959002692096


(9*n+7)^10.
282475249, 1099511627776, 95367431640625, 2064377754059776, 21611482313284249, 144555105949057024, 713342911662882601, 2824752490000000000, 9468276082626847201, 27850097600940212224


(9*n+7)^11.
1977326743, 17592186044416, 2384185791015625, 70188843638032384, 929293739471222707, 7516865509350965248, 43513917611435838661, 197732674300000000000, 747993810527520928879, 2450808588882738675712


(9*n+7)^12.
13841287201, 281474976710656, 59604644775390625, 2386420683693101056, 39959630797262576401, 390877006486250192896, 2654348974297586158321, 13841287201000000000000, 59091511031674153381441, 215671155821681003462656


a(n) = 9n+8.
8, 17, 26, 35, 44, 53, 62, 71, 80, 89, 98, 107, 116, 125, 134, 143, 152, 161, 170, 179, 188, 197, 206, 215, 224, 233, 242, 251, 260, 269, 278, 287, 296, 305, 314, 323, 332, 341, 350, 359, 368, 377, 386, 395, 404, 413, 422, 431, 440, 449, 458, 467, 476, 485


(9*n+8)^2.
64, 289, 676, 1225, 1936, 2809, 3844, 5041, 6400, 7921, 9604, 11449, 13456, 15625, 17956, 20449, 23104, 25921, 28900, 32041, 35344, 38809, 42436, 46225, 50176, 54289, 58564, 63001, 67600, 72361


(9*n+8)^3.
512, 4913, 17576, 42875, 85184, 148877, 238328, 357911, 512000, 704969, 941192, 1225043, 1560896, 1953125, 2406104, 2924207, 3511808, 4173281, 4913000, 5735339, 6644672, 7645373, 8741816


(9*n+8)^4.
4096, 83521, 456976, 1500625, 3748096, 7890481, 14776336, 25411681, 40960000, 62742241, 92236816, 131079601, 181063936, 244140625, 322417936, 418161601, 533794816, 671898241, 835210000, 1026625681


(9*n+8)^5.
32768, 1419857, 11881376, 52521875, 164916224, 418195493, 916132832, 1804229351, 3276800000, 5584059449, 9039207968, 14025517307, 21003416576, 30517578125, 43204003424, 59797108943, 81136812032


(9*n+8)^6.
262144, 24137569, 308915776, 1838265625, 7256313856, 22164361129, 56800235584, 128100283921, 262144000000, 496981290961, 885842380864, 1500730351849, 2436396322816, 3814697265625, 5789336458816


(9*n+8)^7.
2097152, 410338673, 8031810176, 64339296875, 319277809664, 1174711139837, 3521614606208, 9095120158391, 20971520000000, 44231334895529, 86812553324672, 160578147647843, 282621973446656, 476837158203125, 775771085481344, 1222791080775407, 1874584905187328


(9*n+8)^8.
16777216, 6975757441, 208827064576, 2251875390625, 14048223625216, 62259690411361, 218340105584896, 645753531245761, 1677721600000000, 3936588805702081, 8507630225817856, 17181861798319201, 32784148919812096


(9*n+8)^9.
134217728, 118587876497, 5429503678976, 78815638671875, 618121839509504, 3299763591802133, 13537086546263552, 45848500718449031, 134217728000000000, 350356403707485209, 833747762130149888, 1838459212420154507


(9*n+8)^10.
1073741824, 2015993900449, 141167095653376, 2758547353515625, 27197360938418176, 174887470365513049, 839299365868340224, 3255243551009881201, 10737418240000000000, 31181719929966183601


(9*n+8)^11.
8589934592, 34271896307633, 3670344486987776, 96549157373046875, 1196683881290399744, 9269035929372191597, 52036560683837093888, 231122292121701565271, 858993459200000000000, 2775173073766990340489


(9*n+8)^12.
68719476736, 582622237229761, 95428956661682176, 3379220508056640625, 52654090776777588736, 491258904256726154641, 3226266762397899821056, 16409682740640811134241, 68719476736000000000000, 246990403565262140303521


Expansion of 1/((1-3x)(1-5x)(1-6x)).
1, 14, 133, 1070, 7861, 54614, 365653, 2385950, 15282421, 96547814, 603612373, 3743478830, 23070427381, 141471930614, 864083198293, 5260771611710, 31946034826741, 193583363883014, 1171036345331413


a(n) = (10*n)^2.
0, 100, 400, 900, 1600, 2500, 3600, 4900, 6400, 8100, 10000, 12100, 14400, 16900, 19600, 22500, 25600, 28900, 32400, 36100, 40000, 44100, 48400, 52900, 57600, 62500, 67600, 72900, 78400, 84100


(10*n)^3.
0, 1000, 8000, 27000, 64000, 125000, 216000, 343000, 512000, 729000, 1000000, 1331000, 1728000, 2197000, 2744000, 3375000, 4096000, 4913000, 5832000, 6859000, 8000000, 9261000, 10648000, 12167000


(10*n)^4.
0, 10000, 160000, 810000, 2560000, 6250000, 12960000, 24010000, 40960000, 65610000, 100000000, 146410000, 207360000, 285610000, 384160000, 506250000, 655360000, 835210000, 1049760000, 1303210000


(10*n)^5.
0, 100000, 3200000, 24300000, 102400000, 312500000, 777600000, 1680700000, 3276800000, 5904900000, 10000000000, 16105100000, 24883200000, 37129300000, 53782400000, 75937500000, 104857600000


(10*n)^6.
0, 1000000, 64000000, 729000000, 4096000000, 15625000000, 46656000000, 117649000000, 262144000000, 531441000000, 1000000000000, 1771561000000, 2985984000000, 4826809000000, 7529536000000, 11390625000000


(10*n)^7.
0, 10000000, 1280000000, 21870000000, 163840000000, 781250000000, 2799360000000, 8235430000000, 20971520000000, 47829690000000, 100000000000000, 194871710000000, 358318080000000, 627485170000000


(10*n)^8.
0, 100000000, 25600000000, 656100000000, 6553600000000, 39062500000000, 167961600000000, 576480100000000, 1677721600000000, 4304672100000000, 10000000000000000, 21435888100000000, 42998169600000000


(10*n)^9.
0, 1000000000, 512000000000, 19683000000000, 262144000000000, 1953125000000000, 10077696000000000, 40353607000000000, 134217728000000000, 387420489000000000, 1000000000000000000, 2357947691000000000


(10*n)^10.
0, 10000000000, 10240000000000, 590490000000000, 10485760000000000, 97656250000000000, 604661760000000000, 2824752490000000000, 10737418240000000000, 34867844010000000000, 100000000000000000000


(10*n)^11.
0, 100000000000, 204800000000000, 17714700000000000, 419430400000000000, 4882812500000000000, 36279705600000000000, 197732674300000000000, 858993459200000000000, 3138105960900000000000, 10000000000000000000000


(10*n)^12.
0, 1000000000000, 4096000000000000, 531441000000000000, 16777216000000000000, 244140625000000000000, 2176782336000000000000, 13841287201000000000000, 68719476736000000000000, 282429536481000000000000, 1000000000000000000000000


a(n) = 10*n + 1.
1, 11, 21, 31, 41, 51, 61, 71, 81, 91, 101, 111, 121, 131, 141, 151, 161, 171, 181, 191, 201, 211, 221, 231, 241, 251, 261, 271, 281, 291, 301, 311, 321, 331, 341, 351, 361, 371, 381, 391, 401, 411, 421, 431, 441, 451, 461, 471, 481, 491, 501, 511, 521, 531


a(n) = (10*n + 1)^2.
1, 121, 441, 961, 1681, 2601, 3721, 5041, 6561, 8281, 10201, 12321, 14641, 17161, 19881, 22801, 25921, 29241, 32761, 36481, 40401, 44521, 48841, 53361, 58081, 63001, 68121, 73441, 78961, 84681, 90601, 96721, 103041, 109561, 116281, 123201


(10*n+1)^3.
1, 1331, 9261, 29791, 68921, 132651, 226981, 357911, 531441, 753571, 1030301, 1367631, 1771561, 2248091, 2803221, 3442951, 4173281, 5000211, 5929741, 6967871, 8120601, 9393931, 10793861, 12326391, 13997521, 15813251, 17779581, 19902511


(10*n+1)^4.
1, 14641, 194481, 923521, 2825761, 6765201, 13845841, 25411681, 43046721, 68574961, 104060401, 151807041, 214358881, 294499921, 395254161, 519885601, 671898241, 855036081, 1073283121, 1330863361, 1632240801, 1982119441, 2385443281


(10*n+1)^5.
1, 161051, 4084101, 28629151, 115856201, 345025251, 844596301, 1804229351, 3486784401, 6240321451, 10510100501, 16850581551, 25937424601, 38579489651, 55730836701, 78502725751, 108175616801, 146211169851, 194264244901, 254194901951


(10*n+1)^6.
1, 1771561, 85766121, 887503681, 4750104241, 17596287801, 51520374361, 128100283921, 282429536481, 567869252041, 1061520150601, 1870414552161, 3138428376721, 5053913144281, 7858047974841, 11853911588401, 17416274304961


(10*n+1)^7.
1, 19487171, 1801088541, 27512614111, 194754273881, 897410677851, 3142742836021, 9095120158391, 22876792454961, 51676101935731, 107213535210701, 207616015289871, 379749833583241, 662062621900811, 1107984764452581, 1789940649848551


(10*n+1)^8.
1, 214358881, 37822859361, 852891037441, 7984925229121, 45767944570401, 191707312997281, 645753531245761, 1853020188851841, 4702525276151521, 10828567056280801, 23045377697175681, 45949729863572161


(10*n+1)^9.
1, 2357947691, 794280046581, 26439622160671, 327381934393961, 2334165173090451, 11694146092834141, 45848500718449031, 150094635296999121, 427929800129788411, 1093685272684360901, 2558036924386500591


(10*n+1)^10.
1, 25937424601, 16679880978201, 819628286980801, 13422659310152401, 119042423827613001, 713342911662882601, 3255243551009881201, 12157665459056928801, 38941611811810745401, 110462212541120451001


(10n+1)^11.
1, 285311670611, 350277500542221, 25408476896404831, 550329031716248441, 6071163615208263051, 43513917611435838661, 231122292121701565271, 984770902183611232881, 3543686674874777831491, 11156683466653165551101


(10*n+1)^12.
1, 3138428376721, 7355827511386641, 787662783788549761, 22563490300366186081, 309629344375621415601, 2654348974297586158321, 16409682740640811134241, 79766443076872509863361, 322475487413604782665681, 1126825030131969720661201


a(n) = 10n+2.
2, 12, 22, 32, 42, 52, 62, 72, 82, 92, 102, 112, 122, 132, 142, 152, 162, 172, 182, 192, 202, 212, 222, 232, 242, 252, 262, 272, 282, 292, 302, 312, 322, 332, 342, 352, 362, 372, 382, 392, 402, 412, 422, 432, 442, 452, 462, 472, 482, 492, 502, 512, 522, 532


a(n) = (10*n+2)^2.
4, 144, 484, 1024, 1764, 2704, 3844, 5184, 6724, 8464, 10404, 12544, 14884, 17424, 20164, 23104, 26244, 29584, 33124, 36864, 40804, 44944, 49284, 53824, 58564, 63504, 68644, 73984, 79524, 85264


(10*n+2)^3.
8, 1728, 10648, 32768, 74088, 140608, 238328, 373248, 551368, 778688, 1061208, 1404928, 1815848, 2299968, 2863288, 3511808, 4251528, 5088448, 6028568, 7077888, 8242408, 9528128, 10941048, 12487168


(10*n+2)^4.
16, 20736, 234256, 1048576, 3111696, 7311616, 14776336, 26873856, 45212176, 71639296, 108243216, 157351936, 221533456, 303595776, 406586896, 533794816, 688747536, 875213056, 1097199376, 1358954496


(10*n+2)^5.
32, 248832, 5153632, 33554432, 130691232, 380204032, 916132832, 1934917632, 3707398432, 6590815232, 11040808032, 17623416832, 27027081632, 40074642432, 57735339232, 81136812032, 111577100832


(10*n+2)^6.
64, 2985984, 113379904, 1073741824, 5489031744, 19770609664, 56800235584, 139314069504, 304006671424, 606355001344, 1126162419264, 1973822685184, 3297303959104, 5289852801024, 8198418170944


(10*n+2)^7.
128, 35831808, 2494357888, 34359738368, 230539333248, 1028071702528, 3521614606208, 10030613004288, 24928547056768, 55784660123648, 114868566764928, 221068140740608, 402271083010688, 698260569735168


(10*n+2)^8.
256, 429981696, 54875873536, 1099511627776, 9682651996416, 53459728531456, 218340105584896, 722204136308736, 2044140858654976, 5132188731375616, 11716593810022656, 24759631762948096, 49077072127303936


(10*n+2)^9.
512, 5159780352, 1207269217792, 35184372088832, 406671383849472, 2779905883635712, 13537086546263552, 51998697814228992, 167619550409708032, 472161363286556672, 1195092568622310912, 2773078757450186752


(10*n+2)^10.
1024, 61917364224, 26559922791424, 1125899906842624, 17080198121677824, 144555105949057024, 839299365868340224, 3743906242624487424, 13744803133596058624, 43438845422363213824, 121899441999475713024


(10*n+2)^11.
2048, 743008370688, 584318301411328, 36028797018963968, 717368321110468608, 7516865509350965248, 52036560683837093888, 269561249468963094528, 1127073856954876807168, 3996373778857415671808, 12433743083946522728448


(10*n+2)^12.
4096, 8916100448256, 12855002631049216, 1152921504606846976, 30129469486639681536, 390877006486250192896, 3226266762397899821056, 19408409961765342806016, 92420056270299898187776, 367666387654882241806336


a(n) = 10n + 3.
3, 13, 23, 33, 43, 53, 63, 73, 83, 93, 103, 113, 123, 133, 143, 153, 163, 173, 183, 193, 203, 213, 223, 233, 243, 253, 263, 273, 283, 293, 303, 313, 323, 333, 343, 353, 363, 373, 383, 393, 403, 413, 423, 433, 443, 453, 463, 473, 483, 493, 503, 513, 523, 533


(10*n+3)^2.
9, 169, 529, 1089, 1849, 2809, 3969, 5329, 6889, 8649, 10609, 12769, 15129, 17689, 20449, 23409, 26569, 29929, 33489, 37249, 41209, 45369, 49729, 54289, 59049, 64009, 69169, 74529, 80089, 85849


(10*n+3)^3.
27, 2197, 12167, 35937, 79507, 148877, 250047, 389017, 571787, 804357, 1092727, 1442897, 1860867, 2352637, 2924207, 3581577, 4330747, 5177717, 6128487, 7189057, 8365427, 9663597, 11089567


(10*n+3)^4.
81, 28561, 279841, 1185921, 3418801, 7890481, 15752961, 28398241, 47458321, 74805201, 112550881, 163047361, 228886641, 312900721, 418161601, 547981281, 705911761, 895745041, 1121513121, 1387488001


(10*n+3)^5.
243, 371293, 6436343, 39135393, 147008443, 418195493, 992436543, 2073071593, 3939040643, 6956883693, 11592740743, 18424351793, 28153056843, 41615795893, 59797108943, 83841135993, 115063617043


(10*n+3)^6.
729, 4826809, 148035889, 1291467969, 6321363049, 22164361129, 62523502209, 151334226289, 326940373369, 646990183449, 1194052296529, 2081951752609, 3462825991689, 5534900853769, 8550986578849


a(n) = (10*n + 3)^7.
2187, 62748517, 3404825447, 42618442977, 271818611107, 1174711139837, 3938980639167, 11047398519097, 27136050989627, 60170087060757, 122987386542487, 235260548044817, 425927596977747, 736141813551277


(10*n + 3)^8.
6561, 815730721, 78310985281, 1406408618241, 11688200277601, 62259690411361, 248155780267521, 806460091894081, 2252292232139041, 5595818096650401, 12667700813876161, 26584441929064321, 52389094428262881


(10*n+3)^9.
19683, 10604499373, 1801152661463, 46411484401953, 502592611936843, 3299763591802133, 15633814156853823, 58871586708267913, 186940255267540403, 520411082988487293, 1304773183829244583, 3004041937984268273


(10*n+3)^10.
59049, 137858491849, 41426511213649, 1531578985264449, 21611482313284249, 174887470365513049, 984930291881790849, 4297625829703557649, 15516041187205853449, 48398230717929318249, 134391637934412192049


(10*n+3)^11.
177147, 1792160394037, 952809757913927, 50542106513726817, 929293739471222707, 9269035929372191597, 62050608388552823487, 313726685568359708377, 1287831418538085836267, 4501035456767426597157


(10*n+3)^12.
531441, 23298085122481, 21914624432020321, 1667889514952984961, 39959630797262576401, 491258904256726154641, 3909188328478827879681, 22902048046490258711521, 106890007738661124410161, 418596297479370673535601


a(n) = 10n + 4.
4, 14, 24, 34, 44, 54, 64, 74, 84, 94, 104, 114, 124, 134, 144, 154, 164, 174, 184, 194, 204, 214, 224, 234, 244, 254, 264, 274, 284, 294, 304, 314, 324, 334, 344, 354, 364, 374, 384, 394, 404, 414, 424, 434, 444, 454, 464, 474, 484, 494, 504, 514, 524, 534


(10*n+4)^2.
16, 196, 576, 1156, 1936, 2916, 4096, 5476, 7056, 8836, 10816, 12996, 15376, 17956, 20736, 23716, 26896, 30276, 33856, 37636, 41616, 45796, 50176, 54756, 59536, 64516, 69696, 75076, 80656, 86436


(10*n+4)^3.
64, 2744, 13824, 39304, 85184, 157464, 262144, 405224, 592704, 830584, 1124864, 1481544, 1906624, 2406104, 2985984, 3652264, 4410944, 5268024, 6229504, 7301384, 8489664, 9800344, 11239424


(10*n+4)^4.
256, 38416, 331776, 1336336, 3748096, 8503056, 16777216, 29986576, 49787136, 78074896, 116985856, 168896016, 236421376, 322417936, 429981696, 562448656, 723394816, 916636176, 1146228736, 1416468496


(10*n+4)^5.
1024, 537824, 7962624, 45435424, 164916224, 459165024, 1073741824, 2219006624, 4182119424, 7339040224, 12166529024, 19254145824, 29316250624, 43204003424, 61917364224, 86617093024, 118636749824


a(n) = (10*n + 4)^6.
4096, 7529536, 191102976, 1544804416, 7256313856, 24794911296, 68719476736, 164206490176, 351298031616, 689869781056, 1265319018496, 2194972623936, 3635215077376, 5789336458816, 8916100448256


a(n) = (10*n + 4)^7.
16384, 105413504, 4586471424, 52523350144, 319277809664, 1338925209984, 4398046511104, 12151280273024, 29509034655744, 64847759419264, 131593177923584, 250226879128704, 450766669594624, 775771085481344


(10*n+4)^8.
65536, 1475789056, 110075314176, 1785793904896, 14048223625216, 72301961339136, 281474976710656, 899194740203776, 2478758911082496, 6095689385410816, 13685690504052736, 28525864220672256, 55895067029733376


(10*n+4)^9.
262144, 20661046784, 2641807540224, 60716992766464, 618121839509504, 3904305912313344, 18014398509481984, 66540410775079424, 208215748530929664, 572994802228616704, 1423311812421484544, 3251948521156637184


(10*n+4)^10.
1048576, 289254654976, 63403380965376, 2064377754059776, 27197360938418176, 210832519264920576, 1152921504606846976, 4923990397355877376, 17490122876598091776, 53861511409489970176, 148024428491834392576


(10*n+4)^11.
4194304, 4049565169664, 1521681143169024, 70188843638032384, 1196683881290399744, 11384956040305711104, 73786976294838206464, 364375289404334925824, 1469170321634239709184, 5062982072492057196544


(10*n+4)^12.
16777216, 56693912375296, 36520347436056576, 2386420683693101056, 52654090776777588736, 614787626176508399616, 4722366482869645213696, 26963771415920784510976, 123410307017276135571456, 475920314814253376475136


a(n) = 10n + 5.
5, 15, 25, 35, 45, 55, 65, 75, 85, 95, 105, 115, 125, 135, 145, 155, 165, 175, 185, 195, 205, 215, 225, 235, 245, 255, 265, 275, 285, 295, 305, 315, 325, 335, 345, 355, 365, 375, 385, 395, 405, 415, 425, 435, 445, 455, 465, 475, 485, 495, 505, 515, 525, 535


a(n) = (10*n+5)^2.
25, 225, 625, 1225, 2025, 3025, 4225, 5625, 7225, 9025, 11025, 13225, 15625, 18225, 21025, 24025, 27225, 30625, 34225, 38025, 42025, 46225, 50625, 55225, 60025, 65025, 70225, 75625, 81225, 87025, 93025, 99225, 105625, 112225, 119025, 126025, 133225, 140625


(10*n+5)^3.
125, 3375, 15625, 42875, 91125, 166375, 274625, 421875, 614125, 857375, 1157625, 1520875, 1953125, 2460375, 3048625, 3723875, 4492125, 5359375, 6331625, 7414875, 8615125, 9938375, 11390625


(10*n+5)^4.
625, 50625, 390625, 1500625, 4100625, 9150625, 17850625, 31640625, 52200625, 81450625, 121550625, 174900625, 244140625, 332150625, 442050625, 577200625, 741200625, 937890625, 1171350625, 1445900625


a(n) = (10*n + 5)^5.
3125, 759375, 9765625, 52521875, 184528125, 503284375, 1160290625, 2373046875, 4437053125, 7737809375, 12762815625, 20113571875, 30517578125, 44840334375, 64097340625, 89466096875, 122298103125


(10*n+5)^6.
15625, 11390625, 244140625, 1838265625, 8303765625, 27680640625, 75418890625, 177978515625, 377149515625, 735091890625, 1340095640625, 2313060765625, 3814697265625, 6053445140625, 9294114390625


(10*n+5)^7.
78125, 170859375, 6103515625, 64339296875, 373669453125, 1522435234375, 4902227890625, 13348388671875, 32057708828125, 69833729609375, 140710042265625, 266001988046875, 476837158203125, 817215093984375


(10*n+5)^8.
390625, 2562890625, 152587890625, 2251875390625, 16815125390625, 83733937890625, 318644812890625, 1001129150390625, 2724905250390625, 6634204312890625, 14774554437890625, 30590228625390625, 59604644775390625


(10*n+5)^9.
1953125, 38443359375, 3814697265625, 78815638671875, 756680642578125, 4605366583984375, 20711912837890625, 75084686279296875, 231616946283203125, 630249409724609375, 1551328215978515625, 3517876291919921875


(10*n+5)^10.
9765625, 576650390625, 95367431640625, 2758547353515625, 34050628916015625, 253295162119140625, 1346274334462890625, 5631351470947265625, 19687440434072265625, 59873693923837890625, 162889462677744140625


(10*n+5)^11.
48828125, 8649755859375, 2384185791015625, 96549157373046875, 1532278301220703125, 13931233916552734375, 87507831740087890625, 422351360321044921875, 1673432436896142578125, 5688000922764599609375


(10*n+5)^12.
244140625, 129746337890625, 59604644775390625, 3379220508056640625, 68952523554931640625, 766217865410400390625, 5688009063105712890625, 31676352024078369140625, 142241757136172119140625, 540360087662636962890625


10n+6.
6, 16, 26, 36, 46, 56, 66, 76, 86, 96, 106, 116, 126, 136, 146, 156, 166, 176, 186, 196, 206, 216, 226, 236, 246, 256, 266, 276, 286, 296, 306, 316, 326, 336, 346, 356, 366, 376, 386, 396, 406, 416, 426, 436, 446, 456, 466, 476, 486, 496, 506, 516, 526, 536


(10*n+6)^2.
36, 256, 676, 1296, 2116, 3136, 4356, 5776, 7396, 9216, 11236, 13456, 15876, 18496, 21316, 24336, 27556, 30976, 34596, 38416, 42436, 46656, 51076, 55696, 60516, 65536, 70756, 76176, 81796, 87616, 93636, 99856, 106276, 112896, 119716, 126736


(10*n+6)^3.
216, 4096, 17576, 46656, 97336, 175616, 287496, 438976, 636056, 884736, 1191016, 1560896, 2000376, 2515456, 3112136, 3796416, 4574296, 5451776, 6434856, 7529536, 8741816, 10077696, 11543176


(10*n+6)^4.
1296, 65536, 456976, 1679616, 4477456, 9834496, 18974736, 33362176, 54700816, 84934656, 126247696, 181063936, 252047376, 342102016, 454371856, 592240896, 759333136, 959512576, 1196883216, 1475789056


(10*n+6)^5.
7776, 1048576, 11881376, 60466176, 205962976, 550731776, 1252332576, 2535525376, 4704270176, 8153726976, 13382255776, 21003416576, 31757969376, 46525874176, 66338290976, 92389579776, 126049300576


a(n) = (10*n + 6)^6.
46656, 16777216, 308915776, 2176782336, 9474296896, 30840979456, 82653950016, 192699928576, 404567235136, 782757789696, 1418519112256, 2436396322816, 4001504141376, 6327518887936, 9685390482496


(10*n+6)^7.
279936, 268435456, 8031810176, 78364164096, 435817657216, 1727094849536, 5455160701056, 14645194571776, 34792782221696, 75144747810816, 150363025899136, 282621973446656, 504189521813376, 860542568759296


(10*n+6)^8.
1679616, 4294967296, 208827064576, 2821109907456, 20047612231936, 96717311574016, 360040606269696, 1113034787454976, 2992179271065856, 7213895789838336, 15938480745308416, 32784148919812096, 63527879748485376


(10*n+6)^9.
10077696, 68719476736, 5429503678976, 101559956668416, 922190162669056, 5416169448144896, 23762680013799936, 84590643846578176, 257327417311663616, 692533995824480256, 1689478959002692096, 3802961274698203136


(10*n+6)^10.
60466176, 1099511627776, 141167095653376, 3656158440062976, 42420747482776576, 303305489096114176, 1568336880910795776, 6428888932339941376, 22130157888803070976, 66483263599150104576


(10*n+6)^11.
362797056, 17592186044416, 3670344486987776, 131621703842267136, 1951354384207722496, 16985107389382393856, 103510234140112521216, 488595558857835544576, 1903193578437064103936, 6382393305518410039296


(10*n+6)^12.
2176782336, 281474976710656, 95428956661682176, 4738381338321616896, 89762301673555234816, 951166013805414055936, 6831675453247426400256, 37133262473195501387776, 163674647745587512938496, 612709757329767363772416


a(n) = 10n + 7.
7, 17, 27, 37, 47, 57, 67, 77, 87, 97, 107, 117, 127, 137, 147, 157, 167, 177, 187, 197, 207, 217, 227, 237, 247, 257, 267, 277, 287, 297, 307, 317, 327, 337, 347, 357, 367, 377, 387, 397, 407, 417, 427, 437, 447, 457, 467, 477, 487, 497, 507, 517, 527, 537


(10*n+7)^2.
49, 289, 729, 1369, 2209, 3249, 4489, 5929, 7569, 9409, 11449, 13689, 16129, 18769, 21609, 24649, 27889, 31329, 34969, 38809, 42849, 47089, 51529, 56169, 61009, 66049, 71289, 76729, 82369, 88209


a(n) = (10*n + 7)^3.
343, 4913, 19683, 50653, 103823, 185193, 300763, 456533, 658503, 912673, 1225043, 1601613, 2048383, 2571353, 3176523, 3869893, 4657463, 5545233, 6539203, 7645373, 8869743, 10218313, 11697083


a(n) = (10*n+7)^4.
2401, 83521, 531441, 1874161, 4879681, 10556001, 20151121, 35153041, 57289761, 88529281, 131079601, 187388721, 260144641, 352275361, 466948881, 607573201, 777796321, 981506241, 1222830961, 1506138481


(10*n+7)^5.
16807, 1419857, 14348907, 69343957, 229345007, 601692057, 1350125107, 2706784157, 4984209207, 8587340257, 14025517307, 21924480357, 33038369407, 48261724457, 68641485507, 95388992557, 129891985607


