Up once, down twice, up three times, down four times, ...
0, 1, 0, -1, 0, 1, 2, 1, 0, -1, -2, -1, 0, 1, 2, 3, 2, 1, 0, -1, -2, -3, -2, -1, 0, 1, 2, 3, 4, 3, 2, 1, 0, -1, -2, -3, -4, -3, -2, -1, 0, 1, 2, 3, 4, 5, 4, 3, 2, 1, 0, -1, -2, -3, -4, -5, -4, -3, -2, -1, 0, 1, 2, 3, 4, 5, 6, 5, 4, 3, 2, 1, 0, -1, -2, -3, -4, -5, -6, -5, -4


Sum along upward diagonal of Pascal triangle to center.
1, 1, 1, 3, 4, 5, 12, 17, 23, 50, 73, 103, 211, 314, 455, 895, 1350, 1993, 3805, 5798, 8679, 16193, 24872, 37633, 68940, 106573, 162643, 293526, 456169, 701075, 1249622, 1950697, 3015563, 5318976, 8334539, 12948083, 22634700, 35582783, 55513327, 96296410


Sum along upward diagonal of Pascal triangle up to (but not including) center.
0, 1, 1, 1, 4, 5, 6, 17, 23, 30, 73, 103, 141, 314, 455, 643, 1350, 1993, 2881, 5798, 8679, 12761, 24872, 37633, 56070, 106573, 162643, 244906, 456169, 701075, 1064866, 1950697, 3015563, 4613544, 8334539, 12948083, 19930544, 35582783, 55513327


Sum along upward diagonal of Pascal triangle to halfway point.
1, 1, 1, 1, 4, 5, 6, 7, 23, 30, 38, 47, 141, 188, 245, 313, 888, 1201, 1594, 2080, 5676, 7756, 10429, 13817, 36622, 50439, 68497, 91804, 237821, 329625, 451166, 610247, 1551727, 2161974, 2978230, 4058629, 10161409, 14220038, 19694622, 27007760, 66732392


Sum along upward diagonal of Pascal triangle up to (but not including) halfway point.
0, 0, 1, 1, 1, 1, 6, 7, 8, 9, 38, 47, 57, 68, 245, 313, 393, 486, 1594, 2080, 2673, 3388, 10429, 13817, 18058, 23307, 68497, 91804, 121541, 159081, 451166, 610247, 816256, 1080399, 2978230, 4058629, 5474584, 7313138, 19694622, 27007760, 36687377


Sum along upward diagonal of Pascal triangle from (but not including) center.
0, 0, 1, 0, 1, 3, 1, 4, 11, 5, 16, 41, 22, 63, 155, 92, 247, 591, 376, 967, 2267, 1518, 3785, 8735, 6085, 14820, 33775, 24285, 58060, 130965, 96647, 227612, 509015, 383911, 892926, 1982269, 1523117, 3505386, 7732659, 6037745, 13770404, 30208749


Sum along upward diagonal of Pascal triangle from center.
1, 0, 1, 2, 1, 3, 7, 4, 11, 25, 16, 41, 92, 63, 155, 344, 247, 591, 1300, 967, 2267, 4950, 3785, 8735, 18955, 14820, 33775, 72905, 58060, 130965, 281403, 227612, 509015, 1089343, 892926, 1982269, 4227273, 3505386, 7732659, 16438345, 13770404


Sum along upward diagonal of Pascal triangle from (but not including) halfway point.
0, 0, 1, 2, 1, 3, 7, 14, 11, 25, 51, 97, 92, 189, 365, 674, 709, 1383, 2587, 4685, 5270, 9955, 18228, 32551, 38403, 70954, 127921, 226007, 276408, 502415, 895103, 1568062, 1972851, 3540913, 6249235, 10871723, 13996408, 24868131, 43551364, 75326395


Sum along upward diagonal of Pascal triangle from halfway point.
1, 1, 1, 2, 4, 7, 7, 14, 26, 46, 51, 97, 176, 309, 365, 674, 1204, 2098, 2587, 4685, 8273, 14323, 18228, 32551, 56967, 98086, 127921, 226007, 392688, 672959, 895103, 1568062, 2708322, 4622488, 6249235, 10871723, 18683233, 31775031, 43551364


Maximal cycle length for a ring of n binary cellular automata.
1, 1, 1, 1, 3, 2, 7, 1, 7, 6, 31, 4, 63, 14, 15, 1, 15, 14, 511, 12


a(n) = floor(n/2) + floor(n/3).
0, 1, 2, 3, 3, 5, 5, 6, 7, 8, 8, 10, 10, 11, 12, 13, 13, 15, 15, 16, 17, 18, 18, 20, 20, 21, 22, 23, 23, 25, 25, 26, 27, 28, 28, 30, 30, 31, 32, 33, 33, 35, 35, 36, 37, 38, 38, 40, 40, 41, 42, 43, 43, 45, 45, 46, 47, 48, 48, 50, 50, 51, 52, 53, 53, 55, 55, 56, 57, 58, 58, 60, 60


a(n) = floor( n/2 ) * floor( n/3 ).
0, 0, 1, 2, 2, 6, 6, 8, 12, 15, 15, 24, 24, 28, 35, 40, 40, 54, 54, 60, 70, 77, 77, 96, 96, 104, 117, 126, 126, 150, 150, 160, 176, 187, 187, 216, 216, 228, 247, 260, 260, 294, 294, 308, 330, 345, 345, 384, 384, 400, 425, 442, 442, 486, 486, 504, 532, 551


a(n) = C(2n+1,n+1) - 1.
0, 2, 9, 34, 125, 461, 1715, 6434, 24309, 92377, 352715, 1352077, 5200299, 20058299, 77558759, 300540194, 1166803109, 4537567649, 17672631899, 68923264409, 269128937219, 1052049481859, 4116715363799, 16123801841549, 63205303218875, 247959266474051


a(n) = floor(n/2) mod floor(n/3).
0, 0, 0, 1, 1, 0, 1, 2, 2, 2, 2, 3, 2, 3, 3, 3, 3, 4, 3, 4, 4, 4, 4, 5, 4, 5, 5, 5, 5, 6, 5, 6, 6, 6, 6, 7, 6, 7, 7, 7, 7, 8, 7, 8, 8, 8, 8, 9, 8, 9, 9, 9, 9, 10, 9, 10, 10, 10, 10, 11, 10, 11, 11, 11, 11, 12, 11, 12, 12, 12, 12, 13, 12, 13, 13, 13, 13, 14, 13, 14, 14, 14, 14, 15, 14, 15, 15


[ n/2 ]^[ n/3 ].
1, 1, 2, 2, 9, 9, 16, 64, 125, 125, 1296, 1296, 2401, 16807, 32768, 32768, 531441, 531441, 1000000, 10000000, 19487171, 19487171, 429981696, 429981696, 815730721, 10604499373, 20661046784, 20661046784


Triangle read by rows: row n gives the numbers floor(n/k), k=1..n.
1, 2, 1, 3, 1, 1, 4, 2, 1, 1, 5, 2, 1, 1, 1, 6, 3, 2, 1, 1, 1, 7, 3, 2, 1, 1, 1, 1, 8, 4, 2, 2, 1, 1, 1, 1, 9, 4, 3, 2, 1, 1, 1, 1, 1, 10, 5, 3, 2, 2, 1, 1, 1, 1, 1, 11, 5, 3, 2, 2, 1, 1, 1, 1, 1, 1, 12, 6, 4, 3, 2, 2, 1, 1, 1, 1, 1, 1, 13, 6, 4, 3, 2, 2, 1, 1, 1, 1, 1, 1, 1


Decimal expansion of 4th root of 2.
1, 1, 8, 9, 2, 0, 7, 1, 1, 5, 0, 0, 2, 7, 2, 1, 0, 6, 6, 7, 1, 7, 4, 9, 9, 9, 7, 0, 5, 6, 0, 4, 7, 5, 9, 1, 5, 2, 9, 2, 9, 7, 2, 0, 9, 2, 4, 6, 3, 8, 1, 7, 4, 1, 3, 0, 1, 9, 0, 0, 2, 2, 2, 4, 7, 1, 9, 4, 6, 6, 6, 6, 8, 2, 2, 6, 9, 1, 7, 1, 5, 9, 8, 7, 0, 7, 8, 1, 3, 4, 4, 5, 3, 8, 1, 3, 7, 6, 7


Decimal expansion of 6th root of 2.
1, 1, 2, 2, 4, 6, 2, 0, 4, 8, 3, 0, 9, 3, 7, 2, 9, 8, 1, 4, 3, 3, 5, 3, 3, 0, 4, 9, 6, 7, 9, 1, 7, 9, 5, 1, 6, 2, 3, 2, 4, 1, 1, 1, 1, 0, 6, 1, 3, 9, 8, 6, 7, 5, 3, 4, 4, 0, 4, 0, 9, 5, 4, 5, 8, 8, 2, 9, 0, 4, 0, 0, 5, 5, 6, 5, 8, 6, 1, 2, 4, 7, 0, 8, 7, 9, 2, 3, 2, 2, 7, 1, 1, 2, 5, 0, 9, 0, 8


Decimal expansion of 7th root of 2.
1, 1, 0, 4, 0, 8, 9, 5, 1, 3, 6, 7, 3, 8, 1, 2, 3, 3, 7, 6, 4, 9, 5, 0, 5, 3, 8, 7, 6, 2, 3, 3, 4, 4, 7, 2, 1, 3, 2, 5, 3, 2, 6, 6, 0, 0, 7, 8, 0, 1, 2, 4, 1, 6, 5, 5, 1, 4, 5, 3, 2, 4, 6, 4, 1, 4, 2, 1, 0, 6, 3, 2, 2, 8, 8, 0, 3, 8, 0, 9, 8, 0, 7, 1, 6, 5, 9, 8, 2, 8, 9, 8, 8, 6, 3, 0, 2, 0, 0


Decimal expansion of 8th root of 2.
1, 0, 9, 0, 5, 0, 7, 7, 3, 2, 6, 6, 5, 2, 5, 7, 6, 5, 9, 2, 0, 7, 0, 1, 0, 6, 5, 5, 7, 6, 0, 7, 0, 7, 9, 7, 8, 9, 9, 2, 7, 0, 2, 7, 1, 8, 5, 4, 0, 0, 6, 7, 1, 2, 1, 7, 8, 5, 6, 6, 7, 6, 4, 7, 6, 8, 3, 3, 0, 0, 5, 3, 0, 8, 4, 8, 8, 4, 1, 8, 4, 0, 3, 3, 8, 2, 1, 1, 1, 4, 0, 4, 9, 4, 2, 0, 3, 1, 1


Decimal expansion of 9th root of 2.
1, 0, 8, 0, 0, 5, 9, 7, 3, 8, 8, 9, 2, 3, 0, 6, 1, 6, 9, 8, 7, 2, 9, 3, 0, 8, 3, 1, 2, 8, 8, 5, 9, 6, 9, 1, 2, 7, 3, 7, 4, 6, 6, 7, 6, 2, 4, 6, 5, 6, 4, 4, 7, 3, 3, 1, 3, 6, 4, 9, 7, 1, 2, 2, 2, 8, 3, 5, 3, 4, 8, 7, 6, 5, 7, 8, 2, 5, 8, 9, 2, 7, 8, 8, 5, 3, 2, 5, 4, 6, 9, 5, 3, 3, 2, 1, 6, 0, 9


Decimal expansion of 10th root of 2.
1, 0, 7, 1, 7, 7, 3, 4, 6, 2, 5, 3, 6, 2, 9, 3, 1, 6, 4, 2, 1, 3, 0, 0, 6, 3, 2, 5, 0, 2, 3, 3, 4, 2, 0, 2, 2, 9, 0, 6, 3, 8, 4, 6, 0, 4, 9, 7, 7, 5, 5, 6, 7, 8, 3, 4, 8, 2, 7, 8, 0, 6, 6, 8, 1, 4, 4, 2, 4, 5, 4, 3, 8, 8, 3, 7, 4, 6, 8, 9, 5, 4, 5, 1, 6, 9, 0, 7, 4, 4, 3, 9, 8, 3, 6, 8, 7, 7, 6


Decimal expansion of 11th root of 2.
1, 0, 6, 5, 0, 4, 1, 0, 8, 9, 4, 3, 9, 9, 6, 2, 6, 7, 8, 1, 9, 0, 5, 9, 2, 5, 9, 5, 3, 9, 8, 2, 0, 4, 4, 9, 0, 0, 9, 2, 3, 2, 8, 8, 8, 6, 5, 1, 0, 5, 8, 4, 8, 1, 1, 0, 1, 9, 9, 1, 4, 7, 4, 7, 4, 5, 6, 6, 0, 1, 9, 0, 0, 1, 7, 0, 4, 2, 2, 8, 8, 9, 1, 3, 2, 8, 2, 8, 0, 4, 8, 7, 4, 2, 6, 2, 4, 9, 0


Decimal expansion of 12th root of 2.
1, 0, 5, 9, 4, 6, 3, 0, 9, 4, 3, 5, 9, 2, 9, 5, 2, 6, 4, 5, 6, 1, 8, 2, 5, 2, 9, 4, 9, 4, 6, 3, 4, 1, 7, 0, 0, 7, 7, 9, 2, 0, 4, 3, 1, 7, 4, 9, 4, 1, 8, 5, 6, 2, 8, 5, 5, 9, 2, 0, 8, 4, 3, 1, 4, 5, 8, 7, 6, 1, 6, 4, 6, 0, 6, 3, 2, 5, 5, 7, 2, 2, 3, 8, 3, 7, 6, 8, 3, 7, 6, 8, 6, 3, 9, 4, 5, 5, 6


Decimal expansion of 13th root of 2.
1, 0, 5, 4, 7, 6, 6, 0, 7, 6, 4, 8, 1, 6, 4, 6, 6, 7, 3, 6, 7, 9, 1, 9, 0, 9, 5, 7, 8, 2, 6, 7, 2, 9, 6, 7, 4, 8, 2, 0, 2, 8, 5, 6, 9, 9, 2, 0, 1, 6, 9, 0, 4, 0, 8, 5, 6, 8, 5, 6, 2, 8, 8, 9, 6, 8, 6, 4, 3, 4, 3, 2, 7, 6, 4, 6, 9, 2, 0, 8, 1, 9, 1, 6, 4, 7, 6, 9, 8, 8, 5, 4, 7, 8, 7, 2, 4, 2, 3


Decimal expansion of 14th root of 2.
1, 0, 5, 0, 7, 5, 6, 6, 3, 8, 6, 5, 3, 2, 1, 9, 4, 2, 4, 7, 3, 5, 5, 3, 5, 0, 8, 5, 3, 2, 3, 6, 8, 7, 1, 6, 5, 3, 4, 8, 3, 9, 3, 0, 5, 5, 6, 0, 8, 6, 8, 6, 1, 7, 8, 4, 0, 3, 7, 8, 9, 6, 7, 5, 5, 5, 1, 1, 0, 0, 1, 0, 3, 6, 8, 7, 9, 9, 1, 6, 9, 6, 2, 0, 0, 8, 3, 1, 0, 8, 2, 9, 9, 4, 6, 7, 0, 7, 4


Decimal expansion of 15th root of 2.
1, 0, 4, 7, 2, 9, 4, 1, 2, 2, 8, 2, 0, 6, 2, 6, 7, 1, 7, 8, 9, 1, 5, 9, 7, 0, 1, 2, 0, 9, 0, 9, 6, 8, 5, 7, 7, 1, 1, 3, 0, 7, 7, 8, 8, 2, 8, 0, 7, 3, 4, 1, 2, 5, 1, 1, 1, 7, 4, 8, 1, 8, 1, 2, 2, 4, 6, 1, 0, 2, 2, 9, 2, 8, 5, 4, 3, 5, 4, 7, 9, 7, 6, 7, 6, 4, 9, 3, 2, 9, 2, 1, 9, 6, 0, 1, 8, 0, 7


Decimal expansion of 16th root of 2.
1, 0, 4, 4, 2, 7, 3, 7, 8, 2, 4, 2, 7, 4, 1, 3, 8, 4, 0, 3, 2, 1, 9, 6, 6, 4, 7, 8, 7, 3, 9, 9, 2, 9, 0, 0, 8, 7, 8, 4, 6, 0, 3, 1, 2, 9, 6, 6, 2, 7, 1, 3, 3, 2, 2, 0, 1, 7, 9, 9, 7, 7, 8, 4, 7, 5, 4, 3, 2, 1, 7, 3, 5, 1, 4, 4, 7, 7, 8, 6, 6, 3, 8, 9, 5, 2, 8, 6, 5, 8, 6, 2, 4, 6, 7, 5, 8, 4, 3


Decimal expansion of 17th root of 2.
1, 0, 4, 1, 6, 1, 6, 0, 1, 0, 6, 5, 0, 5, 8, 3, 8, 1, 2, 1, 8, 8, 0, 5, 2, 9, 7, 8, 9, 4, 4, 8, 5, 8, 5, 0, 6, 8, 1, 9, 8, 5, 9, 1, 1, 3, 0, 7, 7, 8, 7, 5, 7, 4, 2, 4, 1, 2, 4, 1, 2, 1, 9, 4, 1, 4, 9, 6, 5, 5, 0, 9, 8, 1, 2, 4, 5, 8, 5, 4, 8, 1, 3, 6, 8, 9, 5, 4, 7, 2, 6, 1, 4, 1, 0, 0, 1, 4, 6


Decimal expansion of 18th root of 2.
1, 0, 3, 9, 2, 5, 9, 2, 2, 6, 0, 3, 1, 8, 4, 3, 3, 9, 9, 7, 1, 0, 1, 3, 0, 0, 8, 3, 1, 6, 7, 2, 8, 5, 6, 3, 7, 3, 9, 1, 4, 8, 5, 5, 7, 0, 9, 2, 0, 3, 0, 8, 5, 4, 3, 1, 6, 5, 3, 1, 6, 6, 6, 2, 5, 7, 1, 5, 0, 6, 1, 4, 6, 0, 6, 4, 8, 3, 0, 0, 8, 1, 5, 6, 6, 2, 2, 2, 6, 8, 7, 9, 7, 3, 1, 8, 1, 7, 7


Decimal expansion of 19th root of 2.
1, 0, 3, 7, 1, 5, 5, 0, 4, 4, 4, 4, 6, 1, 9, 1, 9, 8, 6, 1, 3, 8, 7, 2, 5, 0, 2, 5, 5, 5, 6, 3, 8, 7, 2, 8, 0, 9, 9, 0, 1, 2, 4, 0, 1, 7, 9, 7, 6, 5, 1, 2, 3, 5, 7, 9, 9, 5, 2, 8, 7, 3, 9, 8, 0, 0, 7, 6, 8, 7, 3, 5, 3, 8, 1, 5, 1, 8, 7, 4, 2, 0, 0, 9, 3, 6, 0, 0, 6, 0, 1, 3, 8, 8, 6, 2, 0, 2, 0


Decimal expansion of 20th root of 2.
1, 0, 3, 5, 2, 6, 4, 9, 2, 3, 8, 4, 1, 3, 7, 7, 5, 0, 4, 3, 4, 7, 7, 8, 8, 1, 9, 4, 2, 1, 1, 2, 4, 6, 1, 9, 7, 7, 2, 9, 6, 1, 0, 9, 1, 0, 3, 2, 4, 6, 3, 0, 1, 5, 7, 9, 7, 6, 6, 9, 8, 3, 2, 3, 0, 2, 2, 8, 2, 5, 5, 1, 4, 0, 1, 5, 9, 9, 1, 6, 4, 4, 7, 4, 4, 2, 2, 1, 7, 2, 5, 3, 3, 4, 1, 5, 2, 0, 2


Triangle of numbers [ n/(n-k) ].
1, 1, 2, 1, 1, 3, 1, 1, 2, 4, 1, 1, 1, 2, 5, 1, 1, 1, 2, 3, 6, 1, 1, 1, 1, 2, 3, 7, 1, 1, 1, 1, 2, 2, 4, 8, 1, 1, 1, 1, 1, 2, 3, 4, 9, 1, 1, 1, 1, 1, 2, 2, 3, 5, 10, 1, 1, 1, 1, 1, 1, 2, 2, 3, 5, 11, 1, 1, 1, 1, 1, 1, 2, 2, 3, 4, 6, 12


Numbers with distinct decimal digits.
0, 1, 2, 3, 4, 5, 6, 7, 8, 9, 10, 12, 13, 14, 15, 16, 17, 18, 19, 20, 21, 23, 24, 25, 26, 27, 28, 29, 30, 31, 32, 34, 35, 36, 37, 38, 39, 40, 41, 42, 43, 45, 46, 47, 48, 49, 50, 51, 52, 53, 54, 56, 57, 58, 59, 60, 61, 62, 63, 64, 65, 67, 68, 69, 70, 71, 72, 73, 74, 75, 76, 78, 79, 80, 81, 82, 83, 84, 85, 86, 87, 89, 90, 91, 92, 93, 94, 95, 96, 97, 98, 102, 103, 104, 105, 106, 107, 108, 109, 120


Repdigit numbers, or numbers with repeated digits.
0, 1, 2, 3, 4, 5, 6, 7, 8, 9, 11, 22, 33, 44, 55, 66, 77, 88, 99, 111, 222, 333, 444, 555, 666, 777, 888, 999, 1111, 2222, 3333, 4444, 5555, 6666, 7777, 8888, 9999, 11111, 22222, 33333, 44444, 55555, 66666, 77777, 88888, 99999, 111111, 222222, 333333, 444444, 555555, 666666


Floor-factorial numbers: Product( floor( n/k ), k=1..n ).
1, 2, 3, 8, 10, 36, 42, 128, 216, 600, 660, 3456, 3744, 9408, 18900, 61440, 65280, 279936, 295488, 1152000, 2116800, 4878720, 5100480, 31850496, 41472000, 93450240, 163762560, 568995840, 589317120, 3265920000, 3374784000


Duplicate of <a href="/A008933" title="Number of strictly increasing addition chains of length n.">A008933</a>.
1, 1, 2, 6, 25, 135, 913, 7499, 73191, 833597, 10917343, 162402263


sin(log(cos(x)))=-1/2!*x^2-2/4!*x^4-1/6!*x^6+148/8!*x^8+...
0, -1, -2, -1, 148, 7499, 435898, 32241299, 3034190248, 357512009399, 51798976006198, 9074564088169799, 1893681694795266748, 464586802573524130499, 132469958743645663494898, 43458963744363238693849499, 16258850448552441418587853648, 6882131151536073693976060834799, 3272832457519325432770128200645998


arcsin(log(cos(x))) = -(1/2!)*x^2 - (2/4!)*x^4 - (31/6!)*x^6 - (692/8!)*x^8 + ...
0, 1, 2, 31, 692, 32821, 2182982, 220761451, 29587628072, 5271224958121, 1181874030353162, 329170919623534231, 110868894348113861852, 44548277847630426340381, 21016319125189602127144142, 11511508896932068502821046371, 7241614305987283988489059076432


a(n) = n!*(n+1)!.
1, 2, 12, 144, 2880, 86400, 3628800, 203212800, 14631321600, 1316818944000, 144850083840000, 19120211066880000, 2982752926433280000, 542861032610856960000, 114000816848279961600000, 27360196043587190784000000, 7441973323855715893248000000


a(n) = n!*(n+2)!/2.
1, 3, 24, 360, 8640, 302400, 14515200, 914457600, 73156608000, 7242504192000, 869100503040000, 124281371934720000, 20879270485032960000, 4071457744581427200000, 912006534786239692800000


a(n) = n!*(n+3)! / 3!.
1, 4, 40, 720, 20160, 806400, 43545600, 3048192000, 268240896000, 28970016768000, 3766102179840000, 579979735695360000, 104396352425164800000, 21714441304434278400000, 5168037030455358259200000, 1395369998222946729984000000, 424192479459775805915136000000


a(n) = n! (n+4)! / 4!.
1, 5, 60, 1260, 40320, 1814400, 108864000, 8382528000, 804722688000, 94152554496000, 13181357629440000, 2174924008857600000, 417585409700659200000, 92286375543845683200000


n! (n+5)! / 5!.
1, 6, 84, 2016, 72576, 3628800, 239500800, 20118067200, 2092278988800, 263627152588800, 39544072888320000, 6959756828344320000, 1419790392982241280000, 332230951957844459520000, 88373433220786626232320000, 26512029966235987869696000000


n! (n+6)! / 6!.
1, 7, 112, 3024, 120960, 6652800, 479001600, 43589145600, 4881984307200, 659067881472000, 105450861035520000, 19719311013642240000, 4259371178946723840000, 1052064681199840788480000


a(n) = n!*(n+1)!/2.
1, 6, 72, 1440, 43200, 1814400, 101606400, 7315660800, 658409472000, 72425041920000, 9560105533440000, 1491376463216640000, 271430516305428480000, 57000408424139980800000, 13680098021793595392000000, 3720986661927857946624000000


n!.(n+1)!.(n+2)! / 2!.3!.
1, 24, 1440, 172800, 36288000, 12192768000, 6145155072000, 4424511651840000, 4380266535321600000, 5781951826624512000000, 9921829334487662592000000, 21669275266521055100928000000


n!.(n+1)!.(n+2)!.(n+3)! / 2!.3!.4!.
1, 120, 43200, 36288000, 60963840000, 184354652160000, 929147446886400000, 7358847779340288000000, 87423111618562621440000000, 1500180595374534583910400000000, 36040338623277818843863449600000000


n!*(n+1)!*(n+2)!*(n+3)!*(n+4)! / ( 2!*3!*4!*5! ).
1, 720, 1814400, 12192768000, 184354652160000, 5574884681318400000, 309071606732292096000000, 29374165503837040803840000000, 4536546120412592581745049600000000


n!*(n+1)!*(n+2)!*(n+3)!*(n+4)!*(n+5)! / 2!*3!*4!*5!*6!.
1, 5040, 101606400, 6145155072000, 929147446886400000, 309071606732292096000000, 205619158526859285626880000000, 254046582743105184577722777600000000, 549289359343832305886569080815616000000000, 1979419135331434097492840339627153817600000000000


13th powers: a(n) = n^13.
0, 1, 8192, 1594323, 67108864, 1220703125, 13060694016, 96889010407, 549755813888, 2541865828329, 10000000000000, 34522712143931, 106993205379072, 302875106592253, 793714773254144, 1946195068359375, 4503599627370496, 9904578032905937, 20822964865671168


14th powers: a(n) = n^14.
0, 1, 16384, 4782969, 268435456, 6103515625, 78364164096, 678223072849, 4398046511104, 22876792454961, 100000000000000, 379749833583241, 1283918464548864, 3937376385699289, 11112006825558016, 29192926025390625, 72057594037927936, 168377826559400929, 374813367582081024


15th powers: a(n) = n^15.
0, 1, 32768, 14348907, 1073741824, 30517578125, 470184984576, 4747561509943, 35184372088832, 205891132094649, 1000000000000000, 4177248169415651, 15407021574586368, 51185893014090757, 155568095557812224


16th powers: a(n) = n^16.
0, 1, 65536, 43046721, 4294967296, 152587890625, 2821109907456, 33232930569601, 281474976710656, 1853020188851841, 10000000000000000, 45949729863572161, 184884258895036416, 665416609183179841, 2177953337809371136, 6568408355712890625, 18446744073709551616, 48661191875666868481


17th powers: a(n) = n^17.
0, 1, 131072, 129140163, 17179869184, 762939453125, 16926659444736, 232630513987207, 2251799813685248, 16677181699666569, 100000000000000000, 505447028499293771, 2218611106740436992, 8650415919381337933


18th powers: a(n) = n^18.
0, 1, 262144, 387420489, 68719476736, 3814697265625, 101559956668416, 1628413597910449, 18014398509481984, 150094635296999121, 1000000000000000000, 5559917313492231481, 26623333280885243904


19th powers: a(n) = n^19.
0, 1, 524288, 1162261467, 274877906944, 19073486328125, 609359740010496, 11398895185373143, 144115188075855872, 1350851717672992089, 10000000000000000000, 61159090448414546291, 319479999370622926848, 1461920290375446110677, 5976303958948914397184


20th powers: a(n) = n^20.
0, 1, 1048576, 3486784401, 1099511627776, 95367431640625, 3656158440062976, 79792266297612001, 1152921504606846976, 12157665459056928801, 100000000000000000000, 672749994932560009201, 3833759992447475122176


21st powers: a(n) = n^21.
0, 1, 2097152, 10460353203, 4398046511104, 476837158203125, 21936950640377856, 558545864083284007, 9223372036854775808, 109418989131512359209, 1000000000000000000000, 7400249944258160101211


22nd powers: a(n) = n^22.
0, 1, 4194304, 31381059609, 17592186044416, 2384185791015625, 131621703842267136, 3909821048582988049, 73786976294838206464, 984770902183611232881, 10000000000000000000000, 81402749386839761113321


23rd powers: a(n) = n^23.
0, 1, 8388608, 94143178827, 70368744177664, 11920928955078125, 789730223053602816, 27368747340080916343, 590295810358705651712, 8862938119652501095929, 100000000000000000000000


24th powers: a(n) = n^24.
0, 1, 16777216, 282429536481, 281474976710656, 59604644775390625, 4738381338321616896, 191581231380566414401, 4722366482869645213696, 79766443076872509863361, 1000000000000000000000000


25th powers: a(n) = n^25.
0, 1, 33554432, 847288609443, 1125899906842624, 298023223876953125, 28430288029929701376, 1341068619663964900807, 37778931862957161709568, 717897987691852588770249, 10000000000000000000000000


Perimeters of integer-sided right triangles.
12, 24, 30, 36, 40, 48, 56, 60, 70, 72, 80, 84, 90, 96, 108, 112, 120, 126, 132, 140, 144, 150, 154, 156, 160, 168, 176, 180, 182, 192, 198, 200, 204, 208, 210, 216, 220, 224, 228, 234, 240, 252, 260, 264, 270, 276, 280, 286, 288, 300, 306, 308, 312, 320, 324


From Euler's Pentagonal Theorem: coefficient of q^n in Product_{m&gt;=1} (1 - q^m).
1, -1, -1, 0, 0, 1, 0, 1, 0, 0, 0, 0, -1, 0, 0, -1, 0, 0, 0, 0, 0, 0, 1, 0, 0, 0, 1, 0, 0, 0, 0, 0, 0, 0, 0, -1, 0, 0, 0, 0, -1, 0, 0, 0, 0, 0, 0, 0, 0, 0, 0, 1, 0, 0, 0, 0, 0, 1, 0, 0, 0, 0, 0, 0, 0, 0, 0, 0, 0, 0, -1, 0, 0, 0, 0, 0, 0, -1, 0, 0, 0, 0, 0, 0, 0, 0, 0, 0, 0, 0, 0, 0, 1


Expansion of Product_{k&gt;=1} (1 - x^k)^3.
1, -3, 0, 5, 0, 0, -7, 0, 0, 0, 9, 0, 0, 0, 0, -11, 0, 0, 0, 0, 0, 13, 0, 0, 0, 0, 0, 0, -15, 0, 0, 0, 0, 0, 0, 0, 17, 0, 0, 0, 0, 0, 0, 0, 0, -19, 0, 0, 0, 0, 0, 0, 0, 0, 0, 21, 0, 0, 0, 0, 0, 0, 0, 0, 0, 0, -23, 0, 0, 0, 0, 0, 0, 0, 0, 0, 0, 0, 25, 0, 0, 0, 0, 0, 0, 0, 0, 0, 0, 0, 0, -27, 0, 0, 0, 0, 0, 0, 0


Expansion of Product_{k&gt;=1} (1 - x^k)^9.
1, -9, 27, -12, -90, 135, 54, -99, -189, -85, 657, -162, -135, -171, -810, 702, 495, 837, -673, -900, 243, -1053, -297, 1566, 2700, -1764, 81, -1188, -1377, 270, -2043, 3321, -756, 3726, 3015, -4563, -3348, 504, -351, -1350, -468


Expansion of Product (1 - x^k)^10 in powers of x.
1, -10, 35, -30, -105, 238, 0, -260, -165, 140, 1054, -770, -595, 0, -715, 2162, 455, 0, -2380, -1820, 2401, -680, 1495, 3080, 1615, -6958, -1925, 0, 0, 5100, -1442, 8330, -5355, 1330, 0, -16790, 0, 8190, 8265, 0, 1918, 0, 8415, -10230, -7140, -9362


Expansion of Product_{k&gt;=1} (1 - x^k)^11.
1, -11, 44, -55, -110, 374, -143, -462, 55, 495, 1287, -2069, -902, 1210, -275, 3795, -1507, -2431, -3575, -385, 8690, -1661, 1143, 1265, -4290, -12716, 2299, 11440, 3905, 8635, -10472, 6105, -20548, -1540, 8690, -24904, 29634, 25003, 8470, -23320, -18183


Expansion of Product_{k&gt;=1} (1 - x^k)^13.
1, -13, 65, -130, -65, 728, -871, -715, 1560, 845, 78, -6513, 2730, 8605, -4355, 2483, -13299, -2275, 11440, 10010, 19734, -41834, -11375, 12870, -2730, 14911, 33201, 25155, -70070, -36595, -28925, 64389, 13650, 52780


Expansion of Product_{k&gt;=1} (1 - x^k)^14.
1, -14, 77, -182, 0, 924, -1547, -506, 3003, 0, -1729, -8372, 9177, 13090, -15625, 0, -17017, 10556, 30107, 0, 7084, -89206, 11571, 69160, 0, 27132, 0, -19096, -153502, 0, 93093, 165242, 0, -38962, 0, -420838, 257439


Expansion of Product_{k&gt;=1} (1 - x^k)^15.
1, -15, 90, -245, 105, 1107, -2485, 195, 4860, -2420, -3990, -8190, 19695, 13755, -38475, 3990, -9750, 34020, 43015, -46605, -13860, -127385, 106485, 165240, -79275, -16380, -92340, -35840, -151995, 188550, 315783, 90090


Expansion of Product_{k&gt;=1} (1 - x^k)^17.
1, -17, 119, -408, 476, 1309, -5236, 4233, 8602, -15470, -4250, 5236, 45815, -21182, -117776, 101065, 46767, 36685, -36771, -267036, 143514, -18241, 486285, 81753, -1007250, 104006, 165767, 579292, 78829, 187510


Expansion of Product_{k&gt;=1} (1 - x^k)^18.
1, -18, 135, -510, 765, 1242, -7038, 8280, 9180, -27710, 3519, 20196, 50370, -68850, -153765, 244782, 52785, -71010, -130525, -343620, 517293, 54978, 498780, -390150, -1835865, 1161270, 896751, 793730, -633420


Expansion of Product_{k&gt;=1} (1 - x^k)^19.
1, -19, 152, -627, 1140, 988, -9063, 14212, 7410, -44270, 22781, 38114, 36176, -137256, -154850, 480605, -46493, -316065, -153406, -254525, 1156948, -184927, 88483, -1051042, -2381650, 3838874, 1417039, -542146


Expansion of Product_{k&gt;=1} (1 - x^k)^20.
1, -20, 170, -760, 1615, 476, -11210, 22440, 1615, -64600, 60002, 51680, -9520, -213180, -83980, 803528, -379525, -692360, 119700, 80920, 1899830, -1235360, -755990, -1200040, -1981435, 8388956, -361760, -5068440


Expansion of Product_{k&gt;=1} (1 - x^k)^21.
1, -21, 189, -910, 2205, -378, -13321, 33345, -10395, -86870, 122703, 46683, -98287, -264915, 96390, 1163064, -1113588, -1066527, 1042055, 536025, 2287467, -3603805, -1391733, 478170, -562555, 13742379, -7889805


Expansion of Product_{k&gt;=1} (1 - x^k)^22.
1, -22, 209, -1078, 2926, -1672, -15169, 47234, -31350, -107426, 218680, -266, -234707, -237006, 405878, 1444806, -2415413, -1091398, 3018169, 523050, 1618309, -7344304, -134905, 5365866, 5852, 17297588, -24278276


Expansion of Product_{k&gt;=1} (1 - x^k)^23.
1, -23, 230, -1265, 3795, -3519, -16445, 64285, -64515, -120175, 354706, -123763, -407560, -48530, 817190, 1464341, -4376693, -135355, 6303955, -1282710, -682088, -11372603, 5678585, 13479425, -5451115, 16579596


Expansion of Product_{k&gt;=1} (1-x^k )^25.
1, -25, 275, -1700, 6050, -9405, -15550, 107525, -182875, -81675, 756655, -801550, -662975, 1220175, 1361350, -209440, -9601900, 8608900, 14889050, -19948500, -6262465, -7057550, 38788925, 19716425, -69119875, 23579969, -82427400, 98068850, 191984400


Expansion of Product (1-x^k )^26.
1, -26, 299, -1950, 7475, -13754, -12220, 132756, -276575, 0, 1010100, -1486030, -519961, 2486300, 829725, -2215486, -11643060, 18523050, 16317925, -42861650, 0, 11010090, 59644221, -5743400, -138219900


