(11n+9)^5.
59049, 3200000, 28629151, 130691232, 418195493, 1073741824, 2373046875, 4704270176, 8587340257, 14693280768, 23863536599, 37129300000, 55730836701, 81136812032, 115063617043, 159494694624


(11n+9)^6.
531441, 64000000, 887503681, 5489031744, 22164361129, 68719476736, 177978515625, 404567235136, 832972004929, 1586874322944, 2839760855281, 4826809000000, 7858047974841, 12332795428864, 18755369578009


(11*n + 9)^7.
4782969, 1280000000, 27512614111, 230539333248, 1174711139837, 4398046511104, 13348388671875, 34792782221696, 80798284478113, 171382426877952, 337931541778439, 627485170000000, 1107984764452581, 1874584905187328, 3057125241215467, 4828861374436224


(11n+9)^8.
43046721, 25600000000, 852891037441, 9682651996416, 62259690411361, 281474976710656, 1001129150390625, 2992179271065856, 7837433594376961, 18509302102818816, 40213853471634241, 81573072100000000


(11n+9)^9.
387420489, 512000000000, 26439622160671, 406671383849472, 3299763591802133, 18014398509481984, 75084686279296875, 257327417311663616, 760231058654565217, 1999004627104432128, 4785448563124474679


(11n+9)^10.
3486784401, 10240000000000, 819628286980801, 17080198121677824, 174887470365513049, 1152921504606846976, 5631351470947265625, 22130157888803070976, 73742412689492826049, 215892499727278669824


(11n+9)^11.
31381059609, 204800000000000, 25408476896404831, 717368321110468608, 9269035929372191597, 73786976294838206464, 422351360321044921875, 1903193578437064103936, 7153014030880804126753, 23316389970546096340992


(11n+9)^12.
282429536481, 4096000000000000, 787662783788549761, 30129469486639681536, 491258904256726154641, 4722366482869645213696, 31676352024078369140625, 163674647745587512938496, 693842360995438000295041, 2518170116818978404827136


a(n) = 11*n + 10.
10, 21, 32, 43, 54, 65, 76, 87, 98, 109, 120, 131, 142, 153, 164, 175, 186, 197, 208, 219, 230, 241, 252, 263, 274, 285, 296, 307, 318, 329, 340, 351, 362, 373, 384, 395, 406, 417, 428, 439, 450, 461, 472, 483, 494, 505, 516, 527, 538, 549, 560, 571, 582


(11n+10)^2.
100, 441, 1024, 1849, 2916, 4225, 5776, 7569, 9604, 11881, 14400, 17161, 20164, 23409, 26896, 30625, 34596, 38809, 43264, 47961, 52900, 58081, 63504, 69169, 75076, 81225, 87616, 94249, 101124


a(n) = (11*n + 10)^3.
1000, 9261, 32768, 79507, 157464, 274625, 438976, 658503, 941192, 1295029, 1728000, 2248091, 2863288, 3581577, 4410944, 5359375, 6434856, 7645373, 8998912, 10503459, 12167000, 13997521, 16003008, 18191447, 20570824, 23149125, 25934336, 28934443, 32157432


a(n) = (11n+10)^4.
10000, 194481, 1048576, 3418801, 8503056, 17850625, 33362176, 57289761, 92236816, 141158161, 207360000, 294499921, 406586896, 547981281, 723394816, 937890625, 1196883216, 1506138481, 1871773696, 2300257521, 2798410000, 3373402561, 4032758016, 4784350561


a(n) = (11*n+10)^5.
100000, 4084101, 33554432, 147008443, 459165024, 1160290625, 2535525376, 4984209207, 9039207968, 15386239549, 24883200000, 38579489651, 57735339232, 83841135993, 118636749824, 164130859375, 222620278176, 296709280757, 389328928768, 503756397099


(11n+10)^6.
1000000, 85766121, 1073741824, 6321363049, 24794911296, 75418890625, 192699928576, 433626201009, 885842380864, 1677100110841, 2985984000000, 5053913144281, 8198418170944, 12827693806929, 19456426971136


(11n+10)^7.
10000000, 1801088541, 34359738368, 271818611107, 1338925209984, 4902227890625, 14645194571776, 37725479487783, 86812553324672, 182803912081669, 358318080000000, 662062621900811, 1164175380274048


(11n+10)^8.
100000000, 37822859361, 1099511627776, 11688200277601, 72301961339136, 318644812890625, 1113034787454976, 3282116715437121, 8507630225817856, 19925626416901921, 42998169600000000, 86730203469006241


(11n+10)^9.
1000000000, 794280046581, 35184372088832, 502592611936843, 3904305912313344, 20711912837890625, 84590643846578176, 285544154243029527, 833747762130149888, 2171893279442309389, 5159780352000000000


(11n+10)^10.
10000000000, 16679880978201, 1125899906842624, 21611482313284249, 210832519264920576, 1346274334462890625, 6428888932339941376, 24842341419143568849, 81707280688754689024, 236736367459211723401


(11n+10)^11.
100000000000, 350277500542221, 36028797018963968, 929293739471222707, 11384956040305711104, 87507831740087890625, 488595558857835544576, 2161283703465490489863, 8007313507497959524352, 25804264053054077850709


(11n+10)^12.
1000000000000, 7355827511386641, 1152921504606846976, 39959630797262576401, 614787626176508399616, 5688009063105712890625, 37133262473195501387776, 188031682201497672618081, 784716723734800033386496, 2812664781782894485727281


Expansion of 1/((1-3x)(1-5x)(1-8x)).
1, 16, 177, 1688, 14945, 127008, 1054033, 8624296, 69961089, 564542000, 4540661489, 36447096504, 292186326433, 2340539977792, 18739571436945, 149992843917512, 1200324156496577, 9604500406895184, 76845539417194801


(12n)^2.
0, 144, 576, 1296, 2304, 3600, 5184, 7056, 9216, 11664, 14400, 17424, 20736, 24336, 28224, 32400, 36864, 41616, 46656, 51984, 57600, 63504, 69696, 76176, 82944, 90000, 97344, 104976, 112896, 121104


(12n)^3.
0, 1728, 13824, 46656, 110592, 216000, 373248, 592704, 884736, 1259712, 1728000, 2299968, 2985984, 3796416, 4741632, 5832000, 7077888, 8489664, 10077696, 11852352, 13824000, 16003008, 18399744, 21024576, 23887872, 27000000, 30371328, 34012224


(12n)^4.
0, 20736, 331776, 1679616, 5308416, 12960000, 26873856, 49787136, 84934656, 136048896, 207360000, 303595776, 429981696, 592240896, 796594176, 1049760000, 1358954496, 1731891456, 2176782336


(12n)^5.
0, 248832, 7962624, 60466176, 254803968, 777600000, 1934917632, 4182119424, 8153726976, 14693280768, 24883200000, 40074642432, 61917364224, 92389579776, 133827821568, 188956800000, 260919263232


(12n)^6.
0, 2985984, 191102976, 2176782336, 12230590464, 46656000000, 139314069504, 351298031616, 782757789696, 1586874322944, 2985984000000, 5289852801024, 8916100448256, 14412774445056, 22483074023424


a(n) = (12n)^7.
0, 35831808, 4586471424, 78364164096, 587068342272, 2799360000000, 10030613004288, 29509034655744, 75144747810816, 171382426877952, 358318080000000, 698260569735168, 1283918464548864, 2248392813428736


(12n)^8.
0, 429981696, 110075314176, 2821109907456, 28179280429056, 167961600000000, 722204136308736, 2478758911082496, 7213895789838336, 18509302102818816, 42998169600000000, 92170395205042176


(12n)^9.
0, 5159780352, 2641807540224, 101559956668416, 1352605460594688, 10077696000000000, 51998697814228992, 208215748530929664, 692533995824480256, 1999004627104432128, 5159780352000000000


(12n)^10.
0, 61917364224, 63403380965376, 3656158440062976, 64925062108545024, 604661760000000000, 3743906242624487424, 17490122876598091776, 66483263599150104576, 215892499727278669824, 619173642240000000000


(12n)^11.
0, 743008370688, 1521681143169024, 131621703842267136, 3116402981210161152, 36279705600000000000, 269561249468963094528, 1469170321634239709184, 6382393305518410039296, 23316389970546096340992, 74300837068800000000000


(12*n)^12.
0, 8916100448256, 36520347436056576, 4738381338321616896, 149587343098087735296, 2176782336000000000000, 19408409961765342806016, 123410307017276135571456, 612709757329767363772416, 2518170116818978404827136


a(n) = 12n + 1.
1, 13, 25, 37, 49, 61, 73, 85, 97, 109, 121, 133, 145, 157, 169, 181, 193, 205, 217, 229, 241, 253, 265, 277, 289, 301, 313, 325, 337, 349, 361, 373, 385, 397, 409, 421, 433, 445, 457, 469, 481, 493, 505, 517, 529, 541, 553, 565, 577, 589, 601, 613, 625, 637


(12n+1)^2.
1, 169, 625, 1369, 2401, 3721, 5329, 7225, 9409, 11881, 14641, 17689, 21025, 24649, 28561, 32761, 37249, 42025, 47089, 52441, 58081, 64009, 70225, 76729, 83521, 90601, 97969, 105625, 113569, 121801


a(n) = (12*n+1)^3.
1, 2197, 15625, 50653, 117649, 226981, 389017, 614125, 912673, 1295029, 1771561, 2352637, 3048625, 3869893, 4826809, 5929741, 7189057, 8615125, 10218313, 12008989, 13997521, 16194277, 18609625, 21253933, 24137569, 27270901, 30664297, 34328125, 38272753


(12n+1)^4.
1, 28561, 390625, 1874161, 5764801, 13845841, 28398241, 52200625, 88529281, 141158161, 214358881, 312900721, 442050625, 607573201, 815730721, 1073283121, 1387488001, 1766100625, 2217373921


(12n+1)^5.
1, 371293, 9765625, 69343957, 282475249, 844596301, 2073071593, 4437053125, 8587340257, 15386239549, 25937424601, 41615795893, 64097340625, 95388992557, 137858491849, 194264244901, 267785184193


(12n+1)^6.
1, 4826809, 244140625, 2565726409, 13841287201, 51520374361, 151334226289, 377149515625, 832972004929, 1677100110841, 3138428376721, 5534900853769, 9294114390625, 14976071831449, 23298085122481


(12n+1)^7.
1, 62748517, 6103515625, 94931877133, 678223072849, 3142742836021, 11047398519097, 32057708828125, 80798284478113, 182803912081669, 379749833583241, 736141813551277, 1347646586640625, 2351243277537493


(12n+1)^8.
1, 815730721, 152587890625, 3512479453921, 33232930569601, 191707312997281, 806460091894081, 2724905250390625, 7837433594376961, 19925626416901921, 45949729863572161, 97906861202319841


(12n+1)^9.
1, 10604499373, 3814697265625, 129961739795077, 1628413597910449, 11694146092834141, 58871586708267913, 231616946283203125, 760231058654565217, 2171893279442309389, 5559917313492231481


(12n+1)^10.
1, 137858491849, 95367431640625, 4808584372417849, 79792266297612001, 713342911662882601, 4297625829703557649, 19687440434072265625, 73742412689492826049, 236736367459211723401, 672749994932560009201


a(n) = (12*n + 1)^11.
1, 1792160394037, 2384185791015625, 177917621779460413, 3909821048582988049, 43513917611435838661, 313726685568359708377, 1673432436896142578125, 7153014030880804126753, 25804264053054077850709, 81402749386839761113321, 230339304218442143770717


(12n+1)^12.
1, 23298085122481, 59604644775390625, 6582952005840035281, 191581231380566414401, 2654348974297586158321, 22902048046490258711521, 142241757136172119140625, 693842360995438000295041, 2812664781782894485727281


a(n) = 12n + 2.
2, 14, 26, 38, 50, 62, 74, 86, 98, 110, 122, 134, 146, 158, 170, 182, 194, 206, 218, 230, 242, 254, 266, 278, 290, 302, 314, 326, 338, 350, 362, 374, 386, 398, 410, 422, 434, 446, 458, 470, 482, 494, 506, 518, 530, 542, 554, 566, 578, 590, 602, 614, 626, 638


(12n+2)^2.
4, 196, 676, 1444, 2500, 3844, 5476, 7396, 9604, 12100, 14884, 17956, 21316, 24964, 28900, 33124, 37636, 42436, 47524, 52900, 58564, 64516, 70756, 77284, 84100, 91204, 98596, 106276, 114244, 122500


a(n) = (12n + 2)^3.
8, 2744, 17576, 54872, 125000, 238328, 405224, 636056, 941192, 1331000, 1815848, 2406104, 3112136, 3944312, 4913000, 6028568, 7301384, 8741816, 10360232, 12167000, 14172488, 16387064, 18821096, 21484952, 24389000, 27543608


(12n+2)^4.
16, 38416, 456976, 2085136, 6250000, 14776336, 29986576, 54700816, 92236816, 146410000, 221533456, 322417936, 454371856, 623201296, 835210000, 1097199376, 1416468496, 1800814096, 2258530576


(12n+2)^5.
32, 537824, 11881376, 79235168, 312500000, 916132832, 2219006624, 4704270176, 9039207968, 16105100000, 27027081632, 43204003424, 66338290976, 98465804768, 141985700000, 199690286432, 274794888224


(12n+2)^6.
64, 7529536, 308915776, 3010936384, 15625000000, 56800235584, 164206490176, 404567235136, 885842380864, 1771561000000, 3297303959104, 5789336458816, 9685390482496, 15557597153344, 24137569000000


(12n+2)^7.
128, 105413504, 8031810176, 114415582592, 781250000000, 3521614606208, 12151280273024, 34792782221696, 86812553324672, 194871710000000, 402271083010688, 775771085481344, 1414067010444416, 2458100350228352


(12n+2)^8.
256, 1475789056, 208827064576, 4347792138496, 39062500000000, 218340105584896, 899194740203776, 2992179271065856, 8507630225817856, 21435888100000000, 49077072127303936, 103953325454500096


(12n+2)^9.
512, 20661046784, 5429503678976, 165216101262848, 1953125000000000, 13537086546263552, 66540410775079424, 257327417311663616, 833747762130149888, 2357947691000000000, 5987402799531080192


(12n+2)^10.
1024, 289254654976, 141167095653376, 6278211847988224, 97656250000000000, 839299365868340224, 4923990397355877376, 22130157888803070976, 81707280688754689024, 259374246010000000000, 730463141542791783424


(12n+2)^11.
2048, 4049565169664, 3670344486987776, 238572050223552512, 4882812500000000000, 52036560683837093888, 364375289404334925824, 1903193578437064103936, 8007313507497959524352, 28531167061100000000000


(12n+2)^12.
4096, 56693912375296, 95428956661682176, 9065737908494995456, 244140625000000000000, 3226266762397899821056, 26963771415920784510976, 163674647745587512938496, 784716723734800033386496, 3138428376721000000000000


a(n) = 12*n + 3.
3, 15, 27, 39, 51, 63, 75, 87, 99, 111, 123, 135, 147, 159, 171, 183, 195, 207, 219, 231, 243, 255, 267, 279, 291, 303, 315, 327, 339, 351, 363, 375, 387, 399, 411, 423, 435, 447, 459, 471, 483, 495, 507, 519, 531, 543, 555, 567, 579, 591, 603, 615, 627, 639


(12n+3)^2.
9, 225, 729, 1521, 2601, 3969, 5625, 7569, 9801, 12321, 15129, 18225, 21609, 25281, 29241, 33489, 38025, 42849, 47961, 53361, 59049, 65025, 71289, 77841, 84681, 91809, 99225, 106929, 114921, 123201


(12n+3)^3.
27, 3375, 19683, 59319, 132651, 250047, 421875, 658503, 970299, 1367631, 1860867, 2460375, 3176523, 4019679, 5000211, 6128487, 7414875, 8869743, 10503459, 12326391, 14348907, 16581375, 19034163


(12n+3)^4.
81, 50625, 531441, 2313441, 6765201, 15752961, 31640625, 57289761, 96059601, 151807041, 228886641, 332150625, 466948881, 639128961, 855036081, 1121513121, 1445900625, 1836036801, 2300257521


(12n+3)^5.
243, 759375, 14348907, 90224199, 345025251, 992436543, 2373046875, 4984209207, 9509900499, 16850581551, 28153056843, 44840334375, 68641485507, 101621504799, 146211169851, 205236901143, 281950621875


(12n+3)^6.
729, 11390625, 387420489, 3518743761, 17596287801, 62523502209, 177978515625, 433626201009, 941480149401, 1870414552161, 3462825991689, 6053445140625, 10090298369529, 16157819263041, 25002110044521


(12n+3)^7.
2187, 170859375, 10460353203, 137231006679, 897410677851, 3938980639167, 13348388671875, 37725479487783, 93206534790699, 207616015289871, 425927596977747, 817215093984375, 1483273860320763, 2569093262823519


(12n+3)^8.
6561, 2562890625, 282429536481, 5352009260481, 45767944570401, 248155780267521, 1001129150390625, 3282116715437121, 9227446944279201, 23045377697175681, 52389094428262881, 110324037687890625


(12n+3)^9.
19683, 38443359375, 7625597484987, 208728361158759, 2334165173090451, 15633814156853823, 75084686279296875, 285544154243029527, 913517247483640899, 2558036924386500591, 6443858614676334363


a(n) = (12*n+3)^10.
59049, 576650390625, 205891132094649, 8140406085191601, 119042423827613001, 984930291881790849, 5631351470947265625, 24842341419143568849, 90438207500880449001, 283942098606901565601, 792594609605189126649


(12n+3)^11.
177147, 8649755859375, 5559060566555523, 317475837322472439, 6071163615208263051, 62050608388552823487, 422351360321044921875, 2161283703465490489863, 8953382542587164451099, 31517572945366073781711


(12n+3)^12.
531441, 129746337890625, 150094635296999121, 12381557655576425121, 309629344375621415601, 3909188328478827879681, 31676352024078369140625, 188031682201497672618081, 886384871716129280658801, 3498450596935634189769921


a(n) = 12*n + 4.
4, 16, 28, 40, 52, 64, 76, 88, 100, 112, 124, 136, 148, 160, 172, 184, 196, 208, 220, 232, 244, 256, 268, 280, 292, 304, 316, 328, 340, 352, 364, 376, 388, 400, 412, 424, 436, 448, 460, 472, 484, 496, 508, 520, 532, 544, 556, 568, 580, 592, 604, 616, 628


(12n+4)^2.
16, 256, 784, 1600, 2704, 4096, 5776, 7744, 10000, 12544, 15376, 18496, 21904, 25600, 29584, 33856, 38416, 43264, 48400, 53824, 59536, 65536, 71824, 78400, 85264, 92416, 99856, 107584, 115600


(12n+4)^3.
64, 4096, 21952, 64000, 140608, 262144, 438976, 681472, 1000000, 1404928, 1906624, 2515456, 3241792, 4096000, 5088448, 6229504, 7529536, 8998912, 10648000, 12487168, 14526784, 16777216, 19248832


(12n+4)^4.
256, 65536, 614656, 2560000, 7311616, 16777216, 33362176, 59969536, 100000000, 157351936, 236421376, 342102016, 479785216, 655360000, 875213056, 1146228736, 1475789056, 1871773696, 2342560000


(12n+4)^5.
1024, 1048576, 17210368, 102400000, 380204032, 1073741824, 2535525376, 5277319168, 10000000000, 17623416832, 29316250624, 46525874176, 71008211968, 104857600000, 150536645632, 210906087424, 289254654976


(12n+4)^6.
4096, 16777216, 481890304, 4096000000, 19770609664, 68719476736, 192699928576, 464404086784, 1000000000000, 1973822685184, 3635215077376, 6327518887936, 10509215371264, 16777216000000


(12n+4)^7.
16384, 268435456, 13492928512, 163840000000, 1028071702528, 4398046511104, 14645194571776, 40867559636992, 100000000000000, 221068140740608, 450766669594624, 860542568759296, 1555363874947072


(12n+4)^8.
65536, 4294967296, 377801998336, 6553600000000, 53459728531456, 281474976710656, 1113034787454976, 3596345248055296, 10000000000000000, 24759631762948096, 55895067029733376, 117033789351264256


(12n+4)^9.
262144, 68719476736, 10578455953408, 262144000000000, 2779905883635712, 18014398509481984, 84590643846578176, 316478381828866048, 1000000000000000000, 2773078757450186752, 6930988311686938624


(12n+4)^10.
1048576, 1099511627776, 296196766695424, 10485760000000000, 144555105949057024, 1152921504606846976, 6428888932339941376, 27850097600940212224, 100000000000000000000, 310584820834420916224


(12n+4)^11.
4194304, 17592186044416, 8293509467471872, 419430400000000000, 7516865509350965248, 73786976294838206464, 488595558857835544576, 2450808588882738675712, 10000000000000000000000, 34785499933455142617088


(12n+4)^12.
16777216, 281474976710656, 232218265089212416, 16777216000000000000, 390877006486250192896, 4722366482869645213696, 37133262473195501387776, 215671155821681003462656, 1000000000000000000000000, 3895975992546975973113856


a(n) = 12*n + 5.
5, 17, 29, 41, 53, 65, 77, 89, 101, 113, 125, 137, 149, 161, 173, 185, 197, 209, 221, 233, 245, 257, 269, 281, 293, 305, 317, 329, 341, 353, 365, 377, 389, 401, 413, 425, 437, 449, 461, 473, 485, 497, 509, 521, 533, 545, 557, 569, 581, 593, 605, 617, 629


a(n) = (12n + 5)^2.
25, 289, 841, 1681, 2809, 4225, 5929, 7921, 10201, 12769, 15625, 18769, 22201, 25921, 29929, 34225, 38809, 43681, 48841, 54289, 60025, 66049, 72361, 78961, 85849, 93025, 100489, 108241, 116281


(12n+5)^3.
125, 4913, 24389, 68921, 148877, 274625, 456533, 704969, 1030301, 1442897, 1953125, 2571353, 3307949, 4173281, 5177717, 6331625, 7645373, 9129329, 10793861, 12649337, 14706125, 16974593, 19465109


(12n+5)^4.
625, 83521, 707281, 2825761, 7890481, 17850625, 35153041, 62742241, 104060401, 163047361, 244140625, 352275361, 492884401, 671898241, 895745041, 1171350625, 1506138481, 1908029761, 2385443281


(12n+5)^5.
3125, 1419857, 20511149, 115856201, 418195493, 1160290625, 2706784157, 5584059449, 10510100501, 18424351793, 30517578125, 48261724457, 73439775749, 108175616801, 154963892093, 216699865625, 296709280757


(12n+5)^6.
15625, 24137569, 594823321, 4750104241, 22164361129, 75418890625, 208422380089, 496981290961, 1061520150601, 2081951752609, 3814697265625, 6611856250609, 10942526586601, 17416274304961


(12n+5)^7.
78125, 410338673, 17249876309, 194754273881, 1174711139837, 4902227890625, 16048523266853, 44231334895529, 107213535210701, 235260548044817, 476837158203125, 905824306333433, 1630436461403549


(12n+5)^8.
390625, 6975757441, 500246412961, 7984925229121, 62259690411361, 318644812890625, 1235736291547681, 3936588805702081, 10828567056280801, 26584441929064321, 59604644775390625, 124097929967680321


(12n+5)^9.
1953125, 118587876497, 14507145975869, 327381934393961, 3299763591802133, 20711912837890625, 95151694449171437, 350356403707485209, 1093685272684360901, 3004041937984268273, 7450580596923828125


a(n) = (12*n+5)^10.
9765625, 2015993900449, 420707233300201, 13422659310152401, 174887470365513049, 1346274334462890625, 7326680472586200649, 31181719929966183601, 110462212541120451001, 339456738992222314849


(12n+5)^11.
48828125, 34271896307633, 12200509765705829, 550329031716248441, 9269035929372191597, 87507831740087890625, 564154396389137449973, 2775173073766990340489, 11156683466653165551101, 38358611506121121577937


(12n+5)^12.
244140625, 582622237229761, 353814783205469041, 22563490300366186081, 491258904256726154641, 5688009063105712890625, 43439888521963583647921, 246990403565262140303521, 1126825030131969720661201, 4334523100191686738306881


a(n) = 12*n + 6.
6, 18, 30, 42, 54, 66, 78, 90, 102, 114, 126, 138, 150, 162, 174, 186, 198, 210, 222, 234, 246, 258, 270, 282, 294, 306, 318, 330, 342, 354, 366, 378, 390, 402, 414, 426, 438, 450, 462, 474, 486, 498, 510, 522, 534, 546, 558, 570, 582, 594, 606, 618, 630, 642


(12n+6)^2.
36, 324, 900, 1764, 2916, 4356, 6084, 8100, 10404, 12996, 15876, 19044, 22500, 26244, 30276, 34596, 39204, 44100, 49284, 54756, 60516, 66564, 72900, 79524, 86436, 93636, 101124, 108900, 116964


(12n+6)^3.
216, 5832, 27000, 74088, 157464, 287496, 474552, 729000, 1061208, 1481544, 2000376, 2628072, 3375000, 4251528, 5268024, 6434856, 7762392, 9261000, 10941048, 12812904, 14886936, 17173512, 19683000


(12n+6)^4.
1296, 104976, 810000, 3111696, 8503056, 18974736, 37015056, 65610000, 108243216, 168896016, 252047376, 362673936, 506250000, 688747536, 916636176, 1196883216, 1536953616, 1944810000, 2428912656


(12n+6)^5.
7776, 1889568, 24300000, 130691232, 459165024, 1252332576, 2887174368, 5904900000, 11040808032, 19254145824, 31757969376, 50049003168, 75937500000, 111577100832, 159494694624, 222620278176, 304316815968


(12n+6)^6.
46656, 34012224, 729000000, 5489031744, 24794911296, 82653950016, 225199600704, 531441000000, 1126162419264, 2194972623936, 4001504141376, 6906762437184, 11390625000000, 18075490334784


(12n+6)^7.
279936, 612220032, 21870000000, 230539333248, 1338925209984, 5455160701056, 17565568854912, 47829690000000, 114868566764928, 250226879128704, 504189521813376, 953133216331392, 1708593750000000


(12n+6)^8.
1679616, 11019960576, 656100000000, 9682651996416, 72301961339136, 360040606269696, 1370114370683136, 4304672100000000, 11716593810022656, 28525864220672256, 63527879748485376, 131532383853732096


(12n+6)^9.
10077696, 198359290368, 19683000000000, 406671383849472, 3904305912313344, 23762680013799936, 106868920913284608, 387420489000000000, 1195092568622310912, 3251948521156637184, 8004512848309157376


(12n+6)^10.
60466176, 3570467226624, 590490000000000, 17080198121677824, 210832519264920576, 1568336880910795776, 8335775831236199424, 34867844010000000000, 121899441999475713024, 370722131411856638976


(12n+6)^11.
362797056, 64268410079232, 17714700000000000, 717368321110468608, 11384956040305711104, 103510234140112521216, 650190514836423555072, 3138105960900000000000, 12433743083946522728448, 42262322980951656843264


a(n) = (12n+6)^12.
2176782336, 1156831381426176, 531441000000000000, 30129469486639681536, 614787626176508399616, 6831675453247426400256, 50714860157241037295616, 282429536481000000000000, 1268241794562545318301696, 4817904819828488880132096


a(n) = 12*n + 7.
7, 19, 31, 43, 55, 67, 79, 91, 103, 115, 127, 139, 151, 163, 175, 187, 199, 211, 223, 235, 247, 259, 271, 283, 295, 307, 319, 331, 343, 355, 367, 379, 391, 403, 415, 427, 439, 451, 463, 475, 487, 499, 511, 523, 535, 547, 559, 571, 583, 595, 607, 619, 631


(12n+7)^2.
49, 361, 961, 1849, 3025, 4489, 6241, 8281, 10609, 13225, 16129, 19321, 22801, 26569, 30625, 34969, 39601, 44521, 49729, 55225, 61009, 67081, 73441, 80089, 87025, 94249, 101761, 109561, 117649


(12n+7)^3.
343, 6859, 29791, 79507, 166375, 300763, 493039, 753571, 1092727, 1520875, 2048383, 2685619, 3442951, 4330747, 5359375, 6539203, 7880599, 9393931, 11089567, 12977875, 15069223, 17373979, 19902511


(12n+7)^4.
2401, 130321, 923521, 3418801, 9150625, 20151121, 38950081, 68574961, 112550881, 174900625, 260144641, 373301041, 519885601, 705911761, 937890625, 1222830961, 1568239201, 1982119441, 2472973441


(12n+7)^5.
16807, 2476099, 28629151, 147008443, 503284375, 1350125107, 3077056399, 6240321451, 11592740743, 20113571875, 33038369407, 51888844699, 78502725751, 115063617043, 164130859375, 228669389707


(12n+7)^6.
117649, 47045881, 887503681, 6321363049, 27680640625, 90458382169, 243087455521, 567869252041, 1194052296529, 2313060765625, 4195872914689, 7212549413161, 11853911588401, 18755369578009


(12n+7)^7.
823543, 893871739, 27512614111, 271818611107, 1522435234375, 6060711605323, 19203908986159, 51676101935731, 122987386542487, 266001988046875, 532875860165503, 1002544368429379, 1789940649848551


(12n+7)^8.
5764801, 16983563041, 852891037441, 11688200277601, 83733937890625, 406067677556641, 1517108809906561, 4702525276151521, 12667700813876161, 30590228625390625, 67675234241018881, 139353667211683681


(12n+7)^9.
40353607, 322687697779, 26439622160671, 502592611936843, 4605366583984375, 27206534396294947, 119851595982618319, 427929800129788411, 1304773183829244583, 3517876291919921875, 8594754748609397887


(12n+7)^10.
282475249, 6131066257801, 819628286980801, 21611482313284249, 253295162119140625, 1822837804551761449, 9468276082626847201, 38941611811810745401, 134391637934412192049, 404555773570791015625


(12n+7)^11.
1977326743, 116490258898219, 25408476896404831, 929293739471222707, 13931233916552734375, 122130132904968017083, 747993810527520928879, 3543686674874777831491, 13842338707244455781047, 46523913960640966796875


(12n+7)^12.
13841287201, 2213314919066161, 787662783788549761, 39959630797262576401, 766217865410400390625, 8182718904632857144561, 59091511031674153381441, 322475487413604782665681, 1425760886846178945447841, 5350250105473711181640625


a(n) = 12*n + 8.
8, 20, 32, 44, 56, 68, 80, 92, 104, 116, 128, 140, 152, 164, 176, 188, 200, 212, 224, 236, 248, 260, 272, 284, 296, 308, 320, 332, 344, 356, 368, 380, 392, 404, 416, 428, 440, 452, 464, 476, 488, 500, 512, 524, 536, 548, 560, 572, 584, 596, 608, 620, 632


(12n+8)^2.
64, 400, 1024, 1936, 3136, 4624, 6400, 8464, 10816, 13456, 16384, 19600, 23104, 26896, 30976, 35344, 40000, 44944, 50176, 55696, 61504, 67600, 73984, 80656, 87616, 94864, 102400, 110224, 118336


(12*n+8)^3.
512, 8000, 32768, 85184, 175616, 314432, 512000, 778688, 1124864, 1560896, 2097152, 2744000, 3511808, 4410944, 5451776, 6644672, 8000000, 9528128, 11239424, 13144256, 15252992, 17576000, 20123648


(12n+8)^4.
4096, 160000, 1048576, 3748096, 9834496, 21381376, 40960000, 71639296, 116985856, 181063936, 268435456, 384160000, 533794816, 723394816, 959512576, 1249198336, 1600000000, 2019963136, 2517630976


(12n+8)^5.
32768, 3200000, 33554432, 164916224, 550731776, 1453933568, 3276800000, 6590815232, 12166529024, 21003416576, 34359738368, 53782400000, 81136812032, 118636749824, 168874213376, 234849287168


a(n) = (12*n+8)^6.
262144, 64000000, 1073741824, 7256313856, 30840979456, 98867482624, 262144000000, 606355001344, 1265319018496, 2436396322816, 4398046511104, 7529536000000, 12332795428864, 19456426971136, 29721861554176, 44151665987584, 64000000000000, 90785223184384


(12*n+8)^7.
2097152, 1280000000, 34359738368, 319277809664, 1727094849536, 6722988818432, 20971520000000, 55784660123648, 131593177923584, 282621973446656, 562949953421312, 1054135040000000, 1874584905187328


(12n+8)^8.
16777216, 25600000000, 1099511627776, 14048223625216, 96717311574016, 457163239653376, 1677721600000000, 5132188731375616, 13685690504052736, 32784148919812096, 72057594037927936, 147578905600000000


(12n+8)^9.
134217728, 512000000000, 35184372088832, 618121839509504, 5416169448144896, 31087100296429568, 134217728000000000, 472161363286556672, 1423311812421484544, 3802961274698203136


(12n+8)^10.
1073741824, 10240000000000, 1125899906842624, 27197360938418176, 303305489096114176, 2113922820157210624, 10737418240000000000, 43438845422363213824, 148024428491834392576, 441143507864991563776


a(n) = (12*n+8)^11.
8589934592, 204800000000000, 36028797018963968, 1196683881290399744, 16985107389382393856, 143746751770690322432, 858993459200000000000, 3996373778857415671808, 15394540563150776827904, 51172646912339021398016


(12n+8)^12.
68719476736, 4096000000000000, 1152921504606846976, 52654090776777588736, 951166013805414055936, 9774779120406941925376, 68719476736000000000000, 367666387654882241806336, 1601032218567680790102016, 5936027041831326482169856


a(n) = 12*n + 9.
9, 21, 33, 45, 57, 69, 81, 93, 105, 117, 129, 141, 153, 165, 177, 189, 201, 213, 225, 237, 249, 261, 273, 285, 297, 309, 321, 333, 345, 357, 369, 381, 393, 405, 417, 429, 441, 453, 465, 477, 489, 501, 513, 525, 537, 549, 561, 573, 585, 597, 609, 621, 633


(12n+9)^2.
81, 441, 1089, 2025, 3249, 4761, 6561, 8649, 11025, 13689, 16641, 19881, 23409, 27225, 31329, 35721, 40401, 45369, 50625, 56169, 62001, 68121, 74529, 81225, 88209, 95481, 103041, 110889, 119025


a(n) = (12*n+9)^3.
729, 9261, 35937, 91125, 185193, 328509, 531441, 804357, 1157625, 1601613, 2146689, 2803221, 3581577, 4492125, 5545233, 6751269, 8120601, 9663597, 11390625, 13312053, 15438249, 17779581, 20346417


(12n+9)^4.
6561, 194481, 1185921, 4100625, 10556001, 22667121, 43046721, 74805201, 121550625, 187388721, 276922881, 395254161, 547981281, 741200625, 981506241, 1275989841, 1632240801, 2058346161, 2562890625


(12n+9)^5.
59049, 4084101, 39135393, 184528125, 601692057, 1564031349, 3486784401, 6956883693, 12762815625, 21924480357, 35723051649, 55730836701, 83841135993, 122298103125, 173726604657, 241162079949


(12n+9)^6.
531441, 85766121, 1291467969, 8303765625, 34296447249, 107918163081, 282429536481, 646990183449, 1340095640625, 2565164201769, 4608273662721, 7858047974841, 12827693806929, 20179187015625


(12n+9)^7.
4782969, 1801088541, 42618442977, 373669453125, 1954897493193, 7446353252589, 22876792454961, 60170087060757, 140710042265625, 300124211606973, 594467302491009, 1107984764452581, 1962637152460137


(12n+9)^8.
43046721, 37822859361, 1406408618241, 16815125390625, 111429157112001, 513798374428641, 1853020188851841, 5595818096650401, 14774554437890625, 35114532758015841, 76686282021340161, 156225851787813921


(12n+9)^9.
387420489, 794280046581, 46411484401953, 756680642578125, 6351461955384057, 35452087835576229, 150094635296999121, 520411082988487293, 1551328215978515625, 4108400332687853397


(12n+9)^10.
3486784401, 16679880978201, 1531578985264449, 34050628916015625, 362033331456891249, 2446194060654759801, 12157665459056928801, 48398230717929318249, 162889462677744140625, 480682838924478847449


(12n+9)^11.
31381059609, 350277500542221, 50542106513726817, 1532278301220703125, 20635899893042801193, 168787390185178426269, 984770902183611232881, 4501035456767426597157, 17103393581163134765625, 56239892154164025151533


(12n+9)^12.
282429536481, 7355827511386641, 1667889514952984961, 68952523554931640625, 1176246293903439668001, 11646329922777311412561, 79766443076872509863361, 418596297479370673535601, 1795856326022129150390625, 6580067382037190942729361


a(n) = 12n + 10.
10, 22, 34, 46, 58, 70, 82, 94, 106, 118, 130, 142, 154, 166, 178, 190, 202, 214, 226, 238, 250, 262, 274, 286, 298, 310, 322, 334, 346, 358, 370, 382, 394, 406, 418, 430, 442, 454, 466, 478, 490, 502, 514, 526, 538, 550, 562, 574, 586, 598, 610, 622, 634


(12n+10)^2.
100, 484, 1156, 2116, 3364, 4900, 6724, 8836, 11236, 13924, 16900, 20164, 23716, 27556, 31684, 36100, 40804, 45796, 51076, 56644, 62500, 68644, 75076, 81796, 88804, 96100, 103684, 111556, 119716


(12n+10)^3.
1000, 10648, 39304, 97336, 195112, 343000, 551368, 830584, 1191016, 1643032, 2197000, 2863288, 3652264, 4574296, 5639752, 6859000, 8242408, 9800344, 11543176, 13481272, 15625000, 17984728, 20570824, 23393656, 26463592, 29791000, 33386248, 37259704


(12n+10)^4.
10000, 234256, 1336336, 4477456, 11316496, 24010000, 45212176, 78074896, 126247696, 193877776, 285610000, 406586896, 562448656, 759333136, 1003875856, 1303210000, 1664966416, 2097273616


(12n+10)^5.
100000, 5153632, 45435424, 205962976, 656356768, 1680700000, 3707398432, 7339040224, 13382255776, 22877577568, 37129300000, 57735339232, 86617093024, 126049300576, 178689902368, 247609900000


(12n+10)^6.
1000000, 113379904, 1544804416, 9474296896, 38068692544, 117649000000, 304006671424, 689869781056, 1418519112256, 2699554153024, 4826809000000, 8198418170944, 13339032325696, 20924183895616


(12n+10)^7.
10000000, 2494357888, 52523350144, 435817657216, 2207984167552, 8235430000000, 24928547056768, 64847759419264, 150363025899136, 318547390056832, 627485170000000, 1164175380274048, 2054210978157184


(12n+10)^8.
100000000, 54875873536, 1785793904896, 20047612231936, 128063081718016, 576480100000000, 2044140858654976, 6095689385410816, 15938480745308416, 37588592026706176, 81573072100000000, 165312903998914816


(12n+10)^9.
1000000000, 1207269217792, 60716992766464, 922190162669056, 7427658739644928, 40353607000000000, 167619550409708032, 572994802228616704, 1689478959002692096, 4435453859151328768


(12n+10)^10.
10000000000, 26559922791424, 2064377754059776, 42420747482776576, 430804206899405824, 2824752490000000000, 13744803133596058624, 53861511409489970176, 179084769654285362176, 523383555379856794624


(12n+10)^11.
100000000000, 584318301411328, 70188843638032384, 1951354384207722496, 24986644000165537792, 197732674300000000000, 1127073856954876807168, 5062982072492057196544, 18982985583354248390656, 61759259534823101765632


(12n+10)^12.
1000000000000, 12855002631049216, 2386420683693101056, 89762301673555234816, 1449225352009601191936, 13841287201000000000000, 92420056270299898187776, 475920314814253376475136, 2012196471835550329409536, 7287592625109126008344576


a(n) = 12*n + 11.
11, 23, 35, 47, 59, 71, 83, 95, 107, 119, 131, 143, 155, 167, 179, 191, 203, 215, 227, 239, 251, 263, 275, 287, 299, 311, 323, 335, 347, 359, 371, 383, 395, 407, 419, 431, 443, 455, 467, 479, 491, 503, 515, 527, 539, 551, 563, 575, 587, 599, 611, 623, 635


(12n+11)^2.
121, 529, 1225, 2209, 3481, 5041, 6889, 9025, 11449, 14161, 17161, 20449, 24025, 27889, 32041, 36481, 41209, 46225, 51529, 57121, 63001, 69169, 75625, 82369, 89401, 96721, 104329, 112225, 120409


(12n+11)^3.
1331, 12167, 42875, 103823, 205379, 357911, 571787, 857375, 1225043, 1685159, 2248091, 2924207, 3723875, 4657463, 5735339, 6967871, 8365427, 9938375, 11697083, 13651919, 15813251, 18191447, 20796875


(12n+11)^4.
14641, 279841, 1500625, 4879681, 12117361, 25411681, 47458321, 81450625, 131079601, 200533921, 294499921, 418161601, 577200625, 777796321, 1026625681, 1330863361, 1698181681, 2136750625


a(n) = (12*n + 11)^5.
161051, 6436343, 52521875, 229345007, 714924299, 1804229351, 3939040643, 7737809375, 14025517307, 23863536599, 38579489651, 59797108943, 89466096875, 129891985607, 183765996899, 254194901951, 344730881243, 459401384375, 602738989907, 779811265199, 996250626251


(12n+11)^6.
1771561, 148035889, 1838265625, 10779215329, 42180533641, 128100283921, 326940373369, 735091890625, 1500730351849, 2839760855281, 5053913144281, 8550986578849, 13867245015625, 21691961596369


(12n+11)^7.
19487171, 3404825447, 64339296875, 506623120463, 2488651484819, 9095120158391, 27136050989627, 69833729609375, 160578147647843, 337931541778439, 662062621900811, 1222791080775407, 2149422977421875


(12n+11)^8.
214358881, 78310985281, 2251875390625, 23811286661761, 146830437604321, 645753531245761, 2252292232139041, 6634204312890625, 17181861798319201, 40213853471634241, 86730203469006241, 174859124550883201


(12n+11)^9.
2357947691, 1801152661463, 78815638671875, 1119130473102767, 8662995818654939, 45848500718449031, 186940255267540403, 630249409724609375, 1838459212420154507, 4785448563124474679


(12n+11)^10.
25937424601, 41426511213649, 2758547353515625, 52599132235830049, 511116753300641401, 3255243551009881201, 15516041187205853449, 59873693923837890625, 196715135728956532249, 569468379011812486801


(12n+11)^11.
285311670611, 952809757913927, 96549157373046875, 2472159215084012303, 30155888444737842659, 231122292121701565271, 1287831418538085836267, 5688000922764599609375, 21048519522998348950643, 67766737102405685929319


(12n+11)^12.
3138428376721, 21914624432020321, 3379220508056640625, 116191483108948578241, 1779197418239532716881, 16409682740640811134241, 106890007738661124410161, 540360087662636962890625, 2252191588960823337718801, 8064241715186276625588961


Numerator of sum of reciprocals of divisors of n.
1, 3, 4, 7, 6, 2, 8, 15, 13, 9, 12, 7, 14, 12, 8, 31, 18, 13, 20, 21, 32, 18, 24, 5, 31, 21, 40, 2, 30, 12, 32, 63, 16, 27, 48, 91, 38, 30, 56, 9, 42, 16, 44, 21, 26, 36, 48, 31, 57, 93, 24, 49, 54, 20, 72, 15, 80, 45, 60, 14, 62, 48, 104, 127, 84, 24, 68, 63, 32, 72, 72, 65, 74, 57


Denominator of sum of reciprocals of divisors of n.
1, 2, 3, 4, 5, 1, 7, 8, 9, 5, 11, 3, 13, 7, 5, 16, 17, 6, 19, 10, 21, 11, 23, 2, 25, 13, 27, 1, 29, 5, 31, 32, 11, 17, 35, 36, 37, 19, 39, 4, 41, 7, 43, 11, 15, 23, 47, 12, 49, 50, 17, 26, 53, 9, 55, 7, 57, 29, 59, 5, 61, 31, 63, 64, 65, 11, 67, 34, 23, 35, 71, 24, 73, 37, 75, 19


Numerator of sum of -2nd powers of divisors of n.
1, 5, 10, 21, 26, 25, 50, 85, 91, 13, 122, 35, 170, 125, 52, 341, 290, 455, 362, 273, 500, 305, 530, 425, 651, 425, 820, 75, 842, 13, 962, 1365, 1220, 725, 52, 637, 1370, 905, 1700, 221, 1682, 625, 1850, 1281, 2366, 1325, 2210, 1705, 2451, 651, 2900, 1785


Denominator of sum of -2nd powers of divisors of n.
1, 4, 9, 16, 25, 18, 49, 64, 81, 10, 121, 24, 169, 98, 45, 256, 289, 324, 361, 200, 441, 242, 529, 288, 625, 338, 729, 56, 841, 9, 961, 1024, 1089, 578, 49, 432, 1369, 722, 1521, 160, 1681, 441, 1849, 968, 2025, 1058, 2209, 1152, 2401, 500, 2601, 1352, 2809


Numerator of sum of -3rd powers of divisors of n.
1, 9, 28, 73, 126, 7, 344, 585, 757, 567, 1332, 511, 2198, 387, 392, 4681, 4914, 757, 6860, 4599, 1376, 2997, 12168, 455, 15751, 9891, 20440, 3139, 24390, 147, 29792, 37449, 4144, 22113, 6192, 55261, 50654, 15435, 61544, 7371, 68922, 172, 79508, 24309, 10598


Denominator of sum of -3rd powers of divisors of n.
1, 8, 27, 64, 125, 6, 343, 512, 729, 500, 1331, 432, 2197, 343, 375, 4096, 4913, 648, 6859, 4000, 1323, 2662, 12167, 384, 15625, 8788, 19683, 2744, 24389, 125, 29791, 32768, 3993, 19652, 6125, 46656, 50653, 13718, 59319, 6400, 68921, 147, 79507, 21296, 10125


Numerator of sum of -4th powers of divisors of n.
1, 17, 82, 273, 626, 697, 2402, 4369, 6643, 5321, 14642, 3731, 28562, 20417, 51332, 69905, 83522, 112931, 130322, 85449, 196964, 124457, 279842, 179129, 391251, 242777, 538084, 46839, 707282, 218161, 923522, 1118481, 1200644, 41761, 1503652, 604513, 1874162


Denominator of sum of -4th powers of divisors of n.
1, 16, 81, 256, 625, 648, 2401, 4096, 6561, 5000, 14641, 3456, 28561, 19208, 50625, 65536, 83521, 104976, 130321, 80000, 194481, 117128, 279841, 165888, 390625, 228488, 531441, 43904, 707281, 202500, 923521, 1048576, 1185921, 39304, 1500625, 559872, 1874161


Numerator of sum of -5th powers of divisors of n.
1, 33, 244, 1057, 3126, 671, 16808, 33825, 59293, 51579, 161052, 64477, 371294, 69333, 254248, 1082401, 1419858, 652223, 2476100, 1652091, 4101152, 120789, 6436344, 687775, 9768751, 6126351, 14408200, 317251, 20511150, 349591, 28629152, 34636833, 13098896


Denominator of sum of -5th powers of divisors of n.
1, 32, 243, 1024, 3125, 648, 16807, 32768, 59049, 50000, 161051, 62208, 371293, 67228, 253125, 1048576, 1419857, 629856, 2476099, 1600000, 4084101, 117128, 6436343, 663552, 9765625, 5940688, 14348907, 307328, 20511149, 337500, 28629151, 33554432, 13045131


Numerator of sum of -6th powers of divisors of n.
1, 65, 730, 4161, 15626, 23725, 117650, 266305, 532171, 101569, 1771562, 506255, 4826810, 3823625, 2281396, 17043521, 24137570, 34591115, 47045882, 32509893, 85884500, 57575765, 148035890, 97201325, 244156251, 12067025, 387952660, 244770825, 594823322


Denominator of sum of -6th powers of divisors of n.
1, 64, 729, 4096, 15625, 23328, 117649, 262144, 531441, 100000, 1771561, 497664, 4826809, 3764768, 2278125, 16777216, 24137569, 34012224, 47045881, 32000000, 85766121, 56689952, 148035889, 95551488, 244140625, 11881376, 387420489, 240945152, 594823321


Numerator of sum of -7th powers of divisors of n.
1, 129, 2188, 16513, 78126, 23521, 823544, 2113665, 4785157, 5039127, 19487172, 9032611, 62748518, 13279647, 56979896, 270549121, 410338674, 205761751, 893871740, 645047319, 1801914272, 628461297


Denominator of sum of -7th powers of divisors of n.
1, 128, 2187, 16384, 78125, 23328, 823543, 2097152, 4782969, 5000000, 19487171, 8957952, 62748517, 13176688, 56953125, 268435456, 410338673, 204073344, 893871739, 640000000, 1801088541, 623589472


Numerator of sum of -8th powers of divisors of n.
1, 257, 6562, 65793, 390626, 843217, 5764802, 16843009, 43053283, 50195441, 214358882, 71955611, 815730722, 740777057, 2563287812, 4311810305, 6975757442, 11064693731, 16983563042, 12850228209


Denominator of sum of -8th powers of divisors of n.
1, 256, 6561, 65536, 390625, 839808, 5764801, 16777216, 43046721, 50000000, 214358881, 71663616, 815730721, 737894528, 2562890625, 4294967296, 6975757441, 11019960576, 16983563041, 12800000000


Numerator of sum of -9th powers of divisors of n.
1, 513, 19684, 262657, 1953126, 93499, 40353608, 134480385, 387440173, 500976819, 2357947692, 1292535097, 10604499374, 2587675113, 1423901192, 68853957121, 118587876498, 7361363287, 322687697780


Denominator of sum of -9th powers of divisors of n.
1, 512, 19683, 262144, 1953125, 93312, 40353607, 134217728, 387420489, 500000000, 2357947691, 1289945088, 10604499373, 2582630848, 1423828125, 68719476736, 118587876497, 7346640384, 322687697779


Numerator of sum of -10th powers of divisors of n.
1, 1025, 59050, 1049601, 9765626, 30263125, 282475250, 1074791425, 3486843451, 200195333, 25937424602, 10329823175, 137858491850, 144768565625, 23066408612, 1100586419201, 2015993900450, 3574014537275


Denominator of sum of -10th powers of divisors of n.
1, 1024, 59049, 1048576, 9765625, 30233088, 282475249, 1073741824, 3486784401, 200000000, 25937424601, 10319560704, 137858491849, 144627327488, 23066015625, 1099511627776, 2015993900449, 3570467226624


Numerator of sum of -11th powers of divisors of n.
1, 2049, 177148, 4196353, 48828126, 30248021, 1977326744, 8594130945, 31381236757, 50024415087, 285311670612, 185843885311, 1792160394038, 506442812307, 2883268288216, 17600780175361, 34271896307634


Denominator of sum of -11th powers of divisors of n.
1, 2048, 177147, 4194304, 48828125, 30233088, 1977326743, 8589934592, 31381059609, 50000000000, 285311670611, 185752092672, 1792160394037, 506195646208, 2883251953125, 17592186044416, 34271896307633


Numerator of sum of -12th powers of divisors of n.
1, 4097, 531442, 16781313, 244140626, 1088658937, 13841287202, 68736258049, 282430067923, 500122072361, 3138428376722, 1486382423891, 23298085122482, 28353876833297, 129746582562692, 281543712968705


Denominator of sum of -12th powers of divisors of n.
1, 4096, 531441, 16777216, 244140625, 1088391168, 13841287201, 68719476736, 282429536481, 500000000000, 3138428376721, 1486016741376, 23298085122481, 28346956187648, 129746337890625, 281474976710656


Numerator of sum of -13th powers of divisors of n.
1, 8193, 1594324, 67117057, 1220703126, 1088524711, 96889010408, 549822930945, 2541867422653, 5000610355659, 34522712143932, 26751583696117, 302875106592254, 99226457784093, 648732096885608


Denominator of sum of -13th powers of divisors of n.
1, 8192, 1594323, 67108864, 1220703125, 1088391168, 96889010407, 549755813888, 2541865828329, 5000000000000, 34522712143931, 26748301344768, 302875106592253, 99214346656768, 648731689453125


Numerator of sum of -14th powers of divisors of n.
1, 16385, 4782970, 268451841, 6103515626, 39184481725, 678223072850, 4398314962945, 22876797237931, 10000610353201, 379749833583242, 213999516991295, 3937376385699290, 5556342524323625, 5838586426737844


Denominator of sum of -14th powers of divisors of n.
1, 16384, 4782969, 268435456, 6103515625, 39182082048, 678223072849, 4398046511104, 22876792454961, 10000000000000, 379749833583241, 213986410758144, 3937376385699289, 5556003412779008, 5838585205078125


Numerator of sum of -15th powers of divisors of n.
1, 32769, 14348908, 1073774593, 30517578126, 13061093507, 4747561509944, 35185445863425, 205891146443557, 500015258805447, 4177248169415652, 3851873211923611, 51185893014090758, 19446605389919367, 48654880101420712


Denominator of sum of -15th powers of divisors of n.
1, 32768, 14348907, 1073741824, 30517578125, 13060694016, 4747561509943, 35184372088832, 205891132094649, 500000000000000, 4177248169415651, 3851755393646592, 51185893014090757, 19446011944726528, 48654876708984375


Numerator of sum of -16th powers of divisors of n.
1, 65537, 43046722, 4295032833, 152587890626, 1410576509857, 33232930569602, 281479271743489, 1853020231898563, 5000076293978081, 45949729863572162, 30814514057170571, 665416609183179842


Denominator of sum of -16th powers of divisors of n.
1, 65536, 43046721, 4294967296, 152587890625, 1410554953728, 33232930569601, 281474976710656, 1853020188851841, 5000000000000000, 45949729863572161, 30814043149172736, 665416609183179841


Numerator of sum of -17th powers of divisors of n.
1, 131073, 129140164, 17180000257, 762939453126, 1410565726331, 232630513987208, 2251816993685505, 16677181828806733, 50000381469792099, 505447028499293772, 554657012677255537, 8650415919381337934


Denominator of sum of -17th powers of divisors of n.
1, 131072, 129140163, 17179869184, 762939453125, 1410554953728, 232630513987207, 2251799813685248, 16677181699666569, 50000000000000000, 505447028499293771, 554652776685109248, 8650415919381337933


Numerator of sum of -18th powers of divisors of n.
1, 262145, 387420490, 68719738881, 3814697265626, 50780172175525, 1628413597910450, 18014467229220865, 150094635684419611, 100000381469752777, 5559917313492231482, 4437239151658178615


Denominator of sum of -18th powers of divisors of n.
1, 262144, 387420489, 68719476736, 3814697265625, 50779978334208, 1628413597910449, 18014398509481984, 150094635296999121, 100000000000000000, 5559917313492231481, 4437222213480873984


Numerator of sum of -19th powers of divisors of n.
1, 524289, 1162261468, 274878431233, 19073486328126, 50780075233021, 11398895185373144, 144115462954287105, 1350851718835253557, 5000009536743426207, 61159090448414546292, 79870152251600907511


Denominator of sum of -19th powers of divisors of n.
1, 524288, 1162261467, 274877906944, 19073486328125, 50779978334208, 11398895185373143, 144115188075855872, 1350851717672992089, 5000000000000000000, 61159090448414546291, 79869999842655731712


Numerator of sum of -20th powers of divisors of n.
1, 1048577, 3486784402, 1099512676353, 95367431640626, 1828080963947977, 79792266297612002, 1152922604119523329, 12157665462543713203, 50000047683716344601, 672749994932560009202, 638960608284819107651


Denominator of sum of -20th powers of divisors of n.
1, 1048576, 3486784401, 1099511627776, 95367431640625, 1828079220031488, 79792266297612001, 1152921504606846976, 12157665459056928801, 50000000000000000000, 672749994932560009201, 638959998741245853696


Numerator of sum of -21st powers of divisors of n.
1, 2097153, 10460353204, 4398048608257, 476837158203126, 609360030634117, 558545864083284008, 9223376434903384065, 109418989141972712413, 500000238418580150139, 7400249944258160101212, 11501285462682212701357


Denominator of sum of -21st powers of divisors of n.
1, 2097152, 10460353203, 4398046511104, 476837158203125, 609359740010496, 558545864083284007, 9223372036854775808, 109418989131512359209, 500000000000000000000, 7400249944258160101211, 11501279977342425366528


Numerator of sum of -22nd powers of divisors of n.
1, 4194305, 31381059610, 17592190238721, 2384185791015626, 65810867613760525, 3909821048582988050, 73786993887028445185, 984770902214992292491, 1000000238418579520993, 81402749386839761113322


Denominator of sum of -22nd powers of divisors of n.
1, 4194304, 31381059609, 17592186044416, 2384185791015625, 65810851921133568, 3909821048582988049, 73786976294838206464, 984770902183611232881, 1000000000000000000000, 81402749386839761113321


Numerator of sum of -23rd powers of divisors of n.
1, 8388609, 94143178828, 70368752566273, 11920928955078126, 65810859767097521, 27368747340080916344, 590295880727458217985, 8862938119746644274757, 50000005960464481733367, 895430243255237372246532


Denominator of sum of -23rd powers of divisors of n.
1, 8388608, 94143178827, 70368744177664, 11920928955078125, 65810851921133568, 27368747340080916343, 590295810358705651712, 8862938119652501095929, 50000000000000000000000, 895430243255237372246531


Numerator of sum of -24th powers of divisors of n.
1, 16777217, 282429536482, 281474993487873, 59604644775390626, 2369190810383965297, 191581231380566414402, 4722366764344638701569, 79766443077154939399843, 500000029802322396083921, 9849732675807611094711842


Denominator of sum of -24th powers of divisors of n.
1, 16777216, 282429536481, 281474976710656, 59604644775390625, 2369190669160808448, 191581231380566414401, 4722366482869645213696, 79766443076872509863361, 500000000000000000000000, 9849732675807611094711841


Binomial coefficients C(n,49).
1, 50, 1275, 22100, 292825, 3162510, 28989675, 231917400, 1652411475, 10648873950, 62828356305, 342700125300, 1742058970275, 8308281242850, 37387265592825, 159518999862720, 648045936942300, 2515943049305400


Binomial coefficients C(n,50).
1, 51, 1326, 23426, 316251, 3478761, 32468436, 264385836, 1916797311, 12565671261, 75394027566, 418094152866, 2160153123141, 10468434365991, 47855699958816, 207374699821536, 855420636763836, 3371363686069236, 12736262814039336, 46252743903616536


Binomial coefficients C(n,51).
1, 52, 1378, 24804, 341055, 3819816, 36288252, 300674088, 2217471399, 14783142660, 90177170226, 508271323092, 2668424446233, 13136858812224, 60992558771040, 268367258592576, 1123787895356412, 4495151581425648


Binomial coefficients C(n,52).
1, 53, 1431, 26235, 367290, 4187106, 40475358, 341149446, 2558620845, 17341763505, 107518933731, 615790256823, 3284214703056, 16421073515280, 77413632286320, 345780890878896, 1469568786235308, 5964720367660956


Binomial coefficients C(n,53).
1, 54, 1485, 27720, 395010, 4582116, 45057474, 386206920, 2944827765, 20286591270, 127805525001, 743595781824, 4027810484880, 20448884000160, 97862516286480, 443643407165376, 1913212193400684, 7877932561061640


Binomial coefficients C(n,54).
1, 55, 1540, 29260, 424270, 5006386, 50063860, 436270780, 3381098545, 23667689815, 151473214816, 895068996640, 4922879481520, 25371763481680, 123234279768160, 566877686933536, 2480089880334220, 10358022441395860


Binomial coefficients C(n,55).
1, 56, 1596, 30856, 455126, 5461512, 55525372, 491796152, 3872894697, 27540584512, 179013799328, 1074082795968, 5996962277488, 31368725759168, 154603005527328, 721480692460864, 3201570572795084, 13559593014190944


Binomial coefficients C(n,56).
1, 57, 1653, 32509, 487635, 5949147, 61474519, 553270671, 4426165368, 31966749880, 210980549208, 1285063345176, 7282025622664, 38650751381832, 193253756909160, 914734449370024, 4116305022165108, 17675898036356052


Binomial coefficients C(n,57).
1, 58, 1711, 34220, 521855, 6471002, 67945521, 621216192, 5047381560, 37014131440, 247994680648, 1533058025824, 8815083648488, 47465835030320, 240719591939480, 1155454041309504, 5271759063474612, 22947657099830664


Binomial coefficients C(n,58).
1, 59, 1770, 35990, 557845, 7028847, 74974368, 696190560, 5743572120, 42757703560, 290752384208, 1823810410032, 10638894058520, 58104729088840, 298824321028320, 1454278362337824, 6726037425812436


Binomial coefficients C(n,59).
1, 60, 1830, 37820, 595665, 7624512, 82598880, 778789440, 6522361560, 49280065120, 340032449328, 2163842859360, 12802736917880, 70907466006720, 369731787035040, 1824010149372864, 8550047575185300


Binomial coefficients C(n,60).
1, 61, 1891, 39711, 635376, 8259888, 90858768, 869648208, 7392009768, 56672074888, 396704524216, 2560547383576, 15363284301456, 86270750308176, 456002537343216, 2280012686716080, 10830060261901380


Binomial coefficients C(n,61).
1, 62, 1953, 41664, 677040, 8936928, 99795696, 969443904, 8361453672, 65033528560, 461738052776, 3022285436352, 18385569737808, 104656320045984, 560658857389200, 2840671544105280, 13670731806006660


Binomial coefficients C(n,62).
1, 63, 2016, 43680, 720720, 9657648, 109453344, 1078897248, 9440350920, 74473879480, 536211932256, 3558497368608, 21944067106416, 126600387152400, 687259244541600, 3527930788646880, 17198662594653540


Binomial coefficients C(n,63).
1, 64, 2080, 45760, 766480, 10424128, 119877472, 1198774720, 10639125640, 85113005120, 621324937376, 4179822305984, 26123889412400, 152724276564800, 839983521106400, 4367914309753280, 21566576904406820


Binomial coefficients C(n,64).
1, 65, 2145, 47905, 814385, 11238513, 131115985, 1329890705, 11969016345, 97082021465, 718406958841, 4898229264825, 31022118677225, 183746395242025, 1023729916348425, 5391644226101705, 26958221130508525


Binomial coefficients C(n,65).
1, 66, 2211, 50116, 864501, 12103014, 143218999, 1473109704, 13442126049, 110524147514, 828931106355, 5727160371180, 36749279048405, 220495674290430, 1244225590638855, 6635869816740560, 33594090947249085


Binomial coefficients C(n,66).
1, 67, 2278, 52394, 916895, 13019909, 156238908, 1629348612, 15071474661, 125595622175, 954526728530, 6681687099710, 43430966148115, 263926640438545, 1508152231077400, 8144022047817960, 41738112995067045


Binomial coefficients C(n,67).
1, 68, 2346, 54740, 971635, 13991544, 170230452, 1799579064, 16871053725, 142466675900, 1096993404430, 7778680504140, 51209646652255, 315136287090800, 1823288518168200, 9967310565986160, 51705423561053205


Binomial coefficients C(n,68).
1, 69, 2415, 57155, 1028790, 15020334, 185250786, 1984829850, 18855883575, 161322559475, 1258315963905, 9036996468045, 60246643120300, 375382930211100, 2198671448379300, 12165982014365460, 63871405575418665


Binomial coefficients C(n,69).
1, 70, 2485, 59640, 1088430, 16108764, 201359550, 2186189400, 21042072975, 182364632450, 1440680596355, 10477677064400, 70724320184700, 446107250395800, 2644778698775100, 14810760713140560


Binomial coefficients C(n,70).
1, 71, 2556, 62196, 1150626, 17259390, 218618940, 2404808340, 23446881315, 205811513765, 1646492110120, 12124169174520, 82848489359220, 528955739755020, 3173734438530120, 17984495151670680


Binomial coefficients C(n,71).
1, 72, 2628, 64824, 1215450, 18474840, 237093780, 2641902120, 26088783435, 231900297200, 1878392407320, 14002561581840, 96851050941060, 625806790696080, 3799541229226200, 21784036380896880


Binomial coefficients C(n,72).
1, 73, 2701, 67525, 1282975, 19757815, 256851595, 2898753715, 28987537150, 260887834350, 2139280241670, 16141841823510, 112992892764570, 738799683460650, 4538340912686850, 26322377293583730


Binomial coefficients C(n,73).
1, 74, 2775, 70300, 1353275, 21111090, 277962685, 3176716400, 32164253550, 293052087900, 2432332329570, 18574174153080, 131567066917650, 870366750378300, 5408707663065150, 31731084956648880


Binomial coefficients C(n,74).
1, 75, 2850, 73150, 1426425, 22537515, 300500200, 3477216600, 35641470150, 328693558050, 2761025887620, 21335200040700, 152902266958350, 1023269017336650, 6431976680401800, 38163061637050680


Binomial coefficients C(n,75).
1, 76, 2926, 76076, 1502501, 24040016, 324540216, 3801756816, 39443226966, 368136785016, 3129162672636, 24464362713336, 177366629671686, 1200635647008336, 7632612327410136, 45795673964460816


Binomial coefficients C(n,76).
1, 77, 3003, 79079, 1581580, 25621596, 350161812, 4151918628, 43595145594, 411731930610, 3540894603246, 28005257316582, 205371886988268, 1406007533996604, 9038619861406740, 54834293825867556


Binomial coefficients C(n,77).
1, 78, 3081, 82160, 1663740, 27285336, 377447148, 4529365776, 48124511370, 459856441980, 4000751045226, 32006008361808, 237377895350076, 1643385429346680, 10682005290753420, 65516299116620976, 380813488615359423, 2105674584108457986, 11113282527239083815


Binomial coefficients C(n,78).
1, 79, 3160, 85320, 1749060, 29034396, 406481544, 4935847320, 53060358690, 512916800670, 4513667845896, 36519676207704, 273897571557780, 1917283000904460, 12599288291657880, 78115587408278856


Binomial coefficients C(n,79).
1, 80, 3240, 88560, 1837620, 30872016, 437353560, 5373200880, 58433559570, 571350360240, 5085018206136, 41604694413840, 315502265971620, 2232785266876080, 14832073558533960, 92947660966812816


Binomial coefficients C(n,80).
1, 81, 3321, 91881, 1929501, 32801517, 470155077, 5843355957, 64276915527, 635627275767, 5720645481903, 47325339895743, 362827605867363, 2595612872743443, 17427686431277403, 110375347398090219


Binomial coefficients C(n,81).
1, 82, 3403, 95284, 2024785, 34826302, 504981379, 6348337336, 70625252863, 706252528630, 6426898010533, 53752237906276, 416579843773639, 3012192716517082, 20439879147794485, 130815226545884704


Binomial coefficients C(n,82).
1, 83, 3486, 98770, 2123555, 36949857, 541931236, 6890268572, 77515521435, 783768050065, 7210666060598, 60962903966874, 477542747740513, 3489735464257595, 23929614612052080, 154744841157936784


Binomial coefficients C(n,83).
1, 84, 3570, 102340, 2225895, 39175752, 581106988, 7471375560, 84986896995, 868754947060, 8079421007658, 69042324974532, 546585072715045, 4036320536972640, 27965935149024720, 182710776306961504


Binomial coefficients C(n,84).
1, 85, 3655, 105995, 2331890, 41507642, 622614630, 8093990190, 93080887185, 961835834245, 9041256841903, 78083581816435, 624668654531480, 4660989191504120, 32626924340528840, 215337700647490344


Binomial coefficients C(n,85).
1, 86, 3741, 109736, 2441626, 43949268, 666563898, 8760554088, 101841441273, 1063677275518, 10104934117421, 88188515933856, 712857170465336, 5373846361969456, 38000770702498296, 253338471349988640


Binomial coefficients C(n,86).
1, 87, 3828, 113564, 2555190, 46504458, 713068356, 9473622444, 111315063717, 1174992339235, 11279926456656, 99468442390512, 812325612855848, 6186171974825304, 44186942677323600, 297525414027312240


