Binomial coefficients C(n,87).
1, 88, 3916, 117480, 2672670, 49177128, 762245484, 10235867928, 121550931645, 1296543270880, 12576469727536, 112044912118048, 924370524973896, 7110542499799200, 51297485177122800, 348822899204435040


Binomial coefficients C(n,88).
1, 89, 4005, 121485, 2794155, 51971283, 814216767, 11050084695, 132601016340, 1429144287220, 14005614014756, 126050526132804, 1050421051106700, 8160963550905900, 59458448728028700, 408281347932463740


Binomial coefficients C(n,89).
1, 90, 4095, 125580, 2919735, 54891018, 869107785, 11919192480, 144520208820, 1573664496040, 15579278510796, 141629804643600, 1192050855750300, 9353014406656200, 68811463134684900, 477092811067148640


Binomial coefficients C(n,90).
1, 91, 4186, 129766, 3049501, 57940519, 927048304, 12846240784, 157366449604, 1731030945644, 17310309456440, 158940114100040, 1350990969850340, 10704005376506540, 79515468511191440, 556608279578340080


Binomial coefficients C(n,91).
1, 92, 4278, 134044, 3183545, 61124064, 988172368, 13834413152, 171200862756, 1902231808400, 19212541264840, 178152655364880, 1529143625215220, 12233149001721760, 91748617512913200, 648356897091253280


Binomial coefficients C(n,92).
1, 93, 4371, 138415, 3321960, 64446024, 1052618392, 14887031544, 186087894300, 2088319702700, 21300860967540, 199453516332420, 1728597141547640, 13961746143269400, 105710363656182600


Binomial coefficients C(n,93).
1, 94, 4465, 142880, 3464840, 67910864, 1120529256, 16007560800, 202095455100, 2290415157800, 23591276125340, 223044792457760, 1951641934005400, 15913388077274800, 121623751733457400, 875691012480893280, 5965645022526085470, 38601232498698200100


Binomial coefficients C(n,94).
1, 95, 4560, 147440, 3612280, 71523144, 1192052400, 17199613200, 219295068300, 2509710226100, 26100986351440, 249145778809200, 2200787712814600, 18114175790089400, 139737927523546800, 1015428940004440080, 6981073962530525550, 45582306461228725650


Binomial coefficients C(n,95).
1, 96, 4656, 152096, 3764376, 75287520, 1267339920, 18466953120, 237762021420, 2747472247520, 28848458598960, 277994237408160, 2478781950222760, 20592957740312160, 160330885263858960, 1175759825268299040, 8156833787798824590, 53739140249027550240


Binomial coefficients C(n,96).
1, 97, 4753, 156849, 3921225, 79208745, 1346548665, 19813501785, 257575523205, 3005047770725, 31853506369685, 309847743777845, 2788629694000605, 23381587434312765, 183712472698171725, 1359472297966470765, 9516306085765295355, 63255446334792845595


Binomial coefficients C(n,97).
1, 98, 4851, 161700, 4082925, 83291670, 1429840335, 21243342120, 278818865325, 3283866636050, 35137373005735, 344985116783580, 3133614810784185, 26515202245096950, 210227674943268675, 1569699972909739440, 11086006058675034795, 74341452393467880390


Binomial coefficients C(n,98).
1, 99, 4950, 166650, 4249575, 87541245, 1517381580, 22760723700, 301579589025, 3585446225075, 38722819230810, 383707936014390, 3517322746798575, 30032524991895525, 240260199935164200, 1809960172844903640, 12895966231519938435, 87237418624987818825


a(n) = binomial coefficient C(n,99).
1, 100, 5050, 171700, 4421275, 91962520, 1609344100, 24370067800, 325949656825, 3911395881900, 42634215112710, 426342151127100, 3943664897925675, 33976189889821200, 274236389824985400


a(n) = binomial coefficient C(n,100).
1, 101, 5151, 176851, 4598126, 96560646, 1705904746, 26075972546, 352025629371, 4263421511271, 46897636623981, 473239787751081, 4416904685676756, 38393094575497956, 312629484400483356, 2396826047070372396, 17376988841260199871, 119594570260437846171


Binomial coefficients C(49,n).
1, 49, 1176, 18424, 211876, 1906884, 13983816, 85900584, 450978066, 2054455634, 8217822536, 29135916264, 92263734836, 262596783764, 675248872536, 1575580702584, 3348108992991, 6499270398159, 11554258485616, 18851684897584, 28277527346376


Binomial coefficients C(50,n).
1, 50, 1225, 19600, 230300, 2118760, 15890700, 99884400, 536878650, 2505433700, 10272278170, 37353738800, 121399651100, 354860518600, 937845656300, 2250829575120, 4923689695575, 9847379391150, 18053528883775, 30405943383200, 47129212243960


Binomial coefficients C(51,n).
1, 51, 1275, 20825, 249900, 2349060, 18009460, 115775100, 636763050, 3042312350, 12777711870, 47626016970, 158753389900, 476260169700, 1292706174900, 3188675231420, 7174519270695, 14771069086725, 27900908274925, 48459472266975, 77535155627160


Binomial coefficients C(52,n).
1, 52, 1326, 22100, 270725, 2598960, 20358520, 133784560, 752538150, 3679075400, 15820024220, 60403728840, 206379406870, 635013559600, 1768966344600, 4481381406320, 10363194502115, 21945588357420, 42671977361650, 76360380541900, 125994627894135


Binomial coefficients C(53,n).
1, 53, 1378, 23426, 292825, 2869685, 22957480, 154143080, 886322710, 4431613550, 19499099620, 76223753060, 266783135710, 841392966470, 2403979904200, 6250347750920, 14844575908435, 32308782859535, 64617565719070, 119032357903550, 202355008436035


Binomial coefficients C(54,n).
1, 54, 1431, 24804, 316251, 3162510, 25827165, 177100560, 1040465790, 5317936260, 23930713170, 95722852680, 343006888770, 1108176102180, 3245372870670, 8654327655120, 21094923659355, 47153358767970, 96926348578605, 183649923622620, 321387366339585


Binomial coefficients C(55,n).
1, 55, 1485, 26235, 341055, 3478761, 28989675, 202927725, 1217566350, 6358402050, 29248649430, 119653565850, 438729741450, 1451182990950, 4353548972850, 11899700525790, 29749251314475, 68248282427325, 144079707346575, 280576272201225, 505037289962205


Binomial coefficients C(56,n).
1, 56, 1540, 27720, 367290, 3819816, 32468436, 231917400, 1420494075, 7575968400, 35607051480, 148902215280, 558383307300, 1889912732400, 5804731963800, 16253249498640, 41648951840265, 97997533741800, 212327989773900, 424655979547800, 785613562163430


Binomial coefficients C(57,n).
1, 57, 1596, 29260, 395010, 4187106, 36288252, 264385836, 1652411475, 8996462475, 43183019880, 184509266760, 707285522580, 2448296039700, 7694644696200, 22057981462440, 57902201338905, 139646485582065, 310325523515700, 636983969321700


Binomial coefficients C(58,n).
1, 58, 1653, 30856, 424270, 4582116, 40475358, 300674088, 1916797311, 10648873950, 52179482355, 227692286640, 891794789340, 3155581562280, 10142940735900, 29752626158640, 79960182801345, 197548686920970, 449972009097765, 947309492837400


Binomial coefficients C(59,n).
1, 59, 1711, 32509, 455126, 5006386, 45057474, 341149446, 2217471399, 12565671261, 62828356305, 279871768995, 1119487075980, 4047376351620, 13298522298180, 39895566894540, 109712808959985, 277508869722315, 647520696018735, 1397281501935165


Binomial coefficients C(60,n).
1, 60, 1770, 34220, 487635, 5461512, 50063860, 386206920, 2558620845, 14783142660, 75394027566, 342700125300, 1399358844975, 5166863427600, 17345898649800, 53194089192720, 149608375854525, 387221678682300, 925029565741050, 2044802197953900


Binomial coefficients C(61,n).
1, 61, 1830, 35990, 521855, 5949147, 55525372, 436270780, 2944827765, 17341763505, 90177170226, 418094152866, 1742058970275, 6566222272575, 22512762077400, 70539987842520, 202802465047245, 536830054536825, 1312251244423350, 2969831763694950


Binomial coefficients C(62,n).
1, 62, 1891, 37820, 557845, 6471002, 61474519, 491796152, 3381098545, 20286591270, 107518933731, 508271323092, 2160153123141, 8308281242850, 29078984349975, 93052749919920, 273342452889765, 739632519584070, 1849081298960175, 4282083008118300


Binomial coefficients C(63,n).
1, 63, 1953, 39711, 595665, 7028847, 67945521, 553270671, 3872894697, 23667689815, 127805525001, 615790256823, 2668424446233, 10468434365991, 37387265592825, 122131734269895, 366395202809685, 1012974972473835, 2588713818544245, 6131164307078475


Binomial coefficients C(64,n).
1, 64, 2016, 41664, 635376, 7624512, 74974368, 621216192, 4426165368, 27540584512, 151473214816, 743595781824, 3284214703056, 13136858812224, 47855699958816, 159518999862720, 488526937079580, 1379370175283520, 3601688791018080


Binomial coefficients C(65,n).
1, 65, 2080, 43680, 677040, 8259888, 82598880, 696190560, 5047381560, 31966749880, 179013799328, 895068996640, 4027810484880, 16421073515280, 60992558771040, 207374699821536, 648045936942300, 1867897112363100, 4981058966301600, 12321566916640800


Binomial coefficients C(66,n).
1, 66, 2145, 45760, 720720, 8936928, 90858768, 778789440, 5743572120, 37014131440, 210980549208, 1074082795968, 4922879481520, 20448884000160, 77413632286320, 268367258592576, 855420636763836, 2515943049305400, 6848956078664700


Binomial coefficients C(67,n).
1, 67, 2211, 47905, 766480, 9657648, 99795696, 869648208, 6522361560, 42757703560, 247994680648, 1285063345176, 5996962277488, 25371763481680, 97862516286480, 345780890878896, 1123787895356412, 3371363686069236, 9364899127970100, 24151581961607100


Binomial coefficients C(68,n).
1, 68, 2278, 50116, 814385, 10424128, 109453344, 969443904, 7392009768, 49280065120, 290752384208, 1533058025824, 7282025622664, 31368725759168, 123234279768160, 443643407165376, 1469568786235308, 4495151581425648, 12736262814039336


Binomial coefficients C(69,n).
1, 69, 2346, 52394, 864501, 11238513, 119877472, 1078897248, 8361453672, 56672074888, 340032449328, 1823810410032, 8815083648488, 38650751381832, 154603005527328, 566877686933536, 1913212193400684, 5964720367660956, 17231414395464984


Binomial coefficients C(70,n).
1, 70, 2415, 54740, 916895, 12103014, 131115985, 1198774720, 9440350920, 65033528560, 396704524216, 2163842859360, 10638894058520, 47465835030320, 193253756909160, 721480692460864, 2480089880334220, 7877932561061640, 23196134763125940


Binomial coefficients C(71,n).
1, 71, 2485, 57155, 971635, 13019909, 143218999, 1329890705, 10639125640, 74473879480, 461738052776, 2560547383576, 12802736917880, 58104729088840, 240719591939480, 914734449370024, 3201570572795084, 10358022441395860, 31074067324187580


Binomial coefficients C(72,n).
1, 72, 2556, 59640, 1028790, 13991544, 156238908, 1473109704, 11969016345, 85113005120, 536211932256, 3022285436352, 15363284301456, 70907466006720, 298824321028320, 1155454041309504, 4116305022165108, 13559593014190944, 41432089765583440


Binomial coefficients C(73,n).
1, 73, 2628, 62196, 1088430, 15020334, 170230452, 1629348612, 13442126049, 97082021465, 621324937376, 3558497368608, 18385569737808, 86270750308176, 369731787035040, 1454278362337824, 5271759063474612, 17675898036356052, 54991682779774384


Binomial coefficients C(74,n).
1, 74, 2701, 64824, 1150626, 16108764, 185250786, 1799579064, 15071474661, 110524147514, 718406958841, 4179822305984, 21944067106416, 104656320045984, 456002537343216, 1824010149372864, 6726037425812436, 22947657099830664, 72667580816130436


Binomial coefficients C(75,n).
1, 75, 2775, 67525, 1215450, 17259390, 201359550, 1984829850, 16871053725, 125595622175, 828931106355, 4898229264825, 26123889412400, 126600387152400, 560658857389200, 2280012686716080, 8550047575185300, 29673694525643100, 95615237915961100


Binomial coefficients C(76,n).
1, 76, 2850, 70300, 1282975, 18474840, 218618940, 2186189400, 18855883575, 142466675900, 954526728530, 5727160371180, 31022118677225, 152724276564800, 687259244541600, 2840671544105280, 10830060261901380, 38223742100828400, 125288932441604200


Binomial coefficients C(77, n).
1, 77, 2926, 73150, 1353275, 19757815, 237093780, 2404808340, 21042072975, 161322559475, 1096993404430, 6681687099710, 36749279048405, 183746395242025, 839983521106400, 3527930788646880, 13670731806006660, 49053802362729780, 163512674542432600


Binomial coefficients C(78,n).
1, 78, 3003, 76076, 1426425, 21111090, 256851595, 2641902120, 23446881315, 182364632450, 1258315963905, 7778680504140, 43430966148115, 220495674290430, 1023729916348425, 4367914309753280, 17198662594653540, 62724534168736440, 212566476905162380


Binomial coefficients C(79,n).
1, 79, 3081, 79079, 1502501, 22537515, 277962685, 2898753715, 26088783435, 205811513765, 1440680596355, 9036996468045, 51209646652255, 263926640438545, 1244225590638855, 5391644226101705, 21566576904406820, 79923196763389980, 275291011073898820


Binomial coefficients C(80,n).
1, 80, 3160, 82160, 1581580, 24040016, 300500200, 3176716400, 28987537150, 231900297200, 1646492110120, 10477677064400, 60246643120300, 315136287090800, 1508152231077400, 6635869816740560, 26958221130508525, 101489773667796800


Binomial coefficients C(81,n).
1, 81, 3240, 85320, 1663740, 25621596, 324540216, 3477216600, 32164253550, 260887834350, 1878392407320, 12124169174520, 70724320184700, 375382930211100, 1823288518168200, 8144022047817960, 33594090947249085, 128447994798305325, 456703981505085600


Binomial coefficients C(82,n).
1, 82, 3321, 88560, 1749060, 27285336, 350161812, 3801756816, 35641470150, 293052087900, 2139280241670, 14002561581840, 82848489359220, 446107250395800, 2198671448379300, 9967310565986160, 41738112995067045, 162042085745554410, 585151976303390925


Binomial coefficients C(83,n).
1, 83, 3403, 91881, 1837620, 29034396, 377447148, 4151918628, 39443226966, 328693558050, 2432332329570, 16141841823510, 96851050941060, 528955739755020, 2644778698775100, 12165982014365460, 51705423561053205, 203780198740621455, 747194062048945335


Binomial coefficients C(84,n).
1, 84, 3486, 95284, 1929501, 30872016, 406481544, 4529365776, 43595145594, 368136785016, 2761025887620, 18574174153080, 112992892764570, 625806790696080, 3173734438530120, 14810760713140560, 63871405575418665, 255485622301674660, 950974260789566790


Binomial coefficients C(85,n).
1, 85, 3570, 98770, 2024785, 32801517, 437353560, 4935847320, 48124511370, 411731930610, 3129162672636, 21335200040700, 131567066917650, 738799683460650, 3799541229226200, 17984495151670680, 78682166288559225, 319357027877093325, 1206459883091241450


Binomial coefficients C(86,n).
1, 86, 3655, 102340, 2123555, 34826302, 470155077, 5373200880, 53060358690, 459856441980, 3540894603246, 24464362713336, 152902266958350, 870366750378300, 4538340912686850, 21784036380896880, 96666661440229905, 398039194165652550


Binomial coefficients C(87,n).
1, 87, 3741, 105995, 2225895, 36949857, 504981379, 5843355957, 58433559570, 512916800670, 4000751045226, 28005257316582, 177366629671686, 1023269017336650, 5408707663065150, 26322377293583730, 118450697821126785, 494705855605882455


Binomial coefficients C(88,n).
1, 88, 3828, 109736, 2331890, 39175752, 541931236, 6348337336, 64276915527, 571350360240, 4513667845896, 32006008361808, 205371886988268, 1200635647008336, 6431976680401800, 31731084956648880, 144773075114710515, 613156553427009240


Binomial coefficients C(89,n).
1, 89, 3916, 113564, 2441626, 41507642, 581106988, 6890268572, 70625252863, 635627275767, 5085018206136, 36519676207704, 237377895350076, 1406007533996604, 7632612327410136, 38163061637050680, 176504160071359395, 757929628541719755


Binomial coefficients C(90,n).
1, 90, 4005, 117480, 2555190, 43949268, 622614630, 7471375560, 77515521435, 706252528630, 5720645481903, 41604694413840, 273897571557780, 1643385429346680, 9038619861406740, 45795673964460816, 214667221708410075, 934433788613079150


Binomial coefficients C(91,n).
1, 91, 4095, 121485, 2672670, 46504458, 666563898, 8093990190, 84986896995, 783768050065, 6426898010533, 47325339895743, 315502265971620, 1917283000904460, 10682005290753420, 54834293825867556, 260462895672870891, 1149101010321489225


Binomial coefficients C(92,n).
1, 92, 4186, 125580, 2794155, 49177128, 713068356, 8760554088, 93080887185, 868754947060, 7210666060598, 53752237906276, 362827605867363, 2232785266876080, 12599288291657880, 65516299116620976, 315297189498738447, 1409563905994360116


Binomial coefficients C(93,n).
1, 93, 4278, 129766, 2919735, 51971283, 762245484, 9473622444, 101841441273, 961835834245, 8079421007658, 60962903966874, 416579843773639, 2595612872743443, 14832073558533960, 78115587408278856, 380813488615359423, 1724861095493098563


Binomial coefficients C(94,n).
1, 94, 4371, 134044, 3049501, 54891018, 814216767, 10235867928, 111315063717, 1063677275518, 9041256841903, 69042324974532, 477542747740513, 3012192716517082, 17427686431277403, 92947660966812816, 458929076023638279, 2105674584108457986


Binomial coefficients C(95,n).
1, 95, 4465, 138415, 3183545, 57940519, 869107785, 11050084695, 121550931645, 1174992339235, 10104934117421, 78083581816435, 546585072715045, 3489735464257595, 20439879147794485, 110375347398090219, 551876736990451095


Binomial coefficients C(96,n).
1, 96, 4560, 142880, 3321960, 61124064, 927048304, 11919192480, 132601016340, 1296543270880, 11279926456656, 88188515933856, 624668654531480, 4036320536972640, 23929614612052080, 130815226545884704, 662252084388541314, 3116480397122547360


Binomial coefficients C(97,n).
1, 97, 4656, 147440, 3464840, 64446024, 988172368, 12846240784, 144520208820, 1429144287220, 12576469727536, 99468442390512, 712857170465336, 4660989191504120, 27965935149024720, 154744841157936784, 793067310934426018, 3778732481511088674


Binomial coefficients C(98,n).
1, 98, 4753, 152096, 3612280, 67910864, 1052618392, 13834413152, 157366449604, 1573664496040, 14005614014756, 112044912118048, 812325612855848, 5373846361969456, 32626924340528840, 182710776306961504, 947812152092362802, 4571799792445514692


Binomial coefficients C(99,n).
1, 99, 4851, 156849, 3764376, 71523144, 1120529256, 14887031544, 171200862756, 1731030945644, 15579278510796, 126050526132804, 924370524973896, 6186171974825304, 38000770702498296, 215337700647490344, 1130522928399324306, 5519611944537877494


Binomial coefficients C(100,n).
1, 100, 4950, 161700, 3921225, 75287520, 1192052400, 16007560800, 186087894300, 1902231808400, 17310309456440, 141629804643600, 1050421051106700, 7110542499799200, 44186942677323600, 253338471349988640, 1345860629046814650, 6650134872937201800


a(0)=1, a(1)=a(2)=0, a(3)=1; a(n) = a(n-3) + a(n-4).
1, 0, 0, 1, 1, 0, 1, 2, 1, 1, 3, 3, 2, 4, 6, 5, 6, 10, 11, 11, 16, 21, 22, 27, 37, 43, 49, 64, 80, 92, 113, 144, 172, 205, 257, 316, 377, 462, 573, 693, 839, 1035, 1266, 1532, 1874, 2301, 2798, 3406, 4175, 5099, 6204, 7581, 9274, 11303, 13785, 16855, 20577, 25088


Expansion of 1/(1-x^3-x^4-x^5).
1, 0, 0, 1, 1, 1, 1, 2, 3, 3, 4, 6, 8, 10, 13, 18, 24, 31, 41, 55, 73, 96, 127, 169, 224, 296, 392, 520, 689, 912, 1208, 1601, 2121, 2809, 3721, 4930, 6531, 8651, 11460, 15182, 20112, 26642, 35293, 46754, 61936, 82047


Expansion of 1/(1-x^3-x^4-x^5-x^6).
1, 0, 0, 1, 1, 1, 2, 2, 3, 5, 6, 8, 12, 16, 22, 31, 42, 58, 81, 111, 153, 212, 292, 403, 557, 768, 1060, 1464, 2020, 2788, 3849, 5312, 7332, 10121, 13969, 19281, 26614, 36734, 50703, 69985, 96598, 133332, 184036, 254020, 350618, 483951, 667986, 922006, 1272625, 1756575, 2424561, 3346568, 4619192, 6375767, 8800329, 12146896


Expansion of 1/(1-x^3-x^4-x^5-x^6-x^7).
1, 0, 0, 1, 1, 1, 2, 3, 3, 5, 8, 10, 14, 21, 29, 40, 58, 82, 114, 162, 230, 323, 456, 646, 911, 1285, 1817, 2566, 3621, 5115, 7225, 10200, 14404, 20344, 28727, 40565, 57288, 80900, 114240, 161328, 227824, 321720, 454321, 641580, 906012, 1279433, 1806773, 2551457, 3603066, 5088119, 7185255, 10146741, 14328848


Expansion of 1/(1-x^3-x^4-x^5-x^6-x^7-x^8).
1, 0, 0, 1, 1, 1, 2, 3, 4, 5, 8, 12, 16, 23, 34, 48, 68, 98, 141, 201, 287, 412, 590, 843, 1207, 1729, 2474, 3540, 5068, 7255, 10383, 14861, 21273, 30449, 43581, 62380, 89289, 127802, 182927, 261833, 374774


Expansion of 1/(1-x^3-x^4-x^5-x^6-x^7-x^8-x^9).
1, 0, 0, 1, 1, 1, 2, 3, 4, 6, 8, 12, 18, 25, 36, 53, 76, 109, 158, 228, 329, 475, 685, 989, 1428, 2060, 2973, 4292, 6194, 8939, 12902, 18621, 26875, 38788, 55981, 80796, 116611, 168300, 242902, 350574, 505972


Expansion of 1/(1-x^3-x^4-x^5-x^6-x^7-x^8-x^9-x^10).
1, 0, 0, 1, 1, 1, 2, 3, 4, 6, 9, 12, 18, 27, 38, 55, 81, 117, 169, 246, 357, 517, 751, 1090, 1580, 2293, 3328, 4827, 7003, 10162, 14743, 21389, 31034, 45026, 65325, 94779, 137512, 199509, 289461, 419970, 609317


Expansion of 1/(1-x^3-x^4-x^5-x^6-x^7-x^8-x^9-x^10-x^11).
1, 0, 0, 1, 1, 1, 2, 3, 4, 6, 9, 13, 18, 27, 40, 57, 83, 122, 177, 257, 375, 546, 794, 1156, 1684, 2451, 3567, 5194, 7562, 11007, 16024, 23329, 33961, 49439, 71974, 104779, 152534, 222057, 323269, 470609, 685104


Expansion of 1/(1-x^3-x^4-x^5-x^6-x^7-x^8-x^9-x^10-x^11-x^12).
1, 0, 0, 1, 1, 1, 2, 3, 4, 6, 9, 13, 19, 27, 40, 59, 85, 124, 182, 265, 386, 564, 823, 1200, 1751, 2555, 3728, 5439, 7935, 11578, 16893, 24646, 35959, 52466, 76548, 111684, 162950, 237747, 346876, 506098, 738406


Expansion of 1/(1-x^3-x^4-x^5-x^6-x^7-x^8-x^9-x^10-x^11-x^12-x^13).
1, 0, 0, 1, 1, 1, 2, 3, 4, 6, 9, 13, 19, 28, 40, 59, 87, 126, 184, 270, 394, 575, 841, 1229, 1795, 2623, 3833, 5600, 8183, 11957, 17470, 25527, 37300, 54500, 79633, 116358, 170017, 248421, 362984, 530378, 774966


a(n)=a(n-4)+a(n-5).
1, 0, 0, 0, 1, 1, 0, 0, 1, 2, 1, 0, 1, 3, 3, 1, 1, 4, 6, 4, 2, 5, 10, 10, 6, 7, 15, 20, 16, 13, 22, 35, 36, 29, 35, 57, 71, 65, 64, 92, 128, 136, 129, 156, 220, 264, 265, 285, 376, 484, 529, 550, 661, 860, 1013, 1079, 1211, 1521, 1873, 2092, 2290, 2732, 3394, 3965


Expansion of 1/(1-x^4-x^5-x^6).
1, 0, 0, 0, 1, 1, 1, 0, 1, 2, 3, 2, 2, 3, 6, 7, 7, 7, 11, 16, 20, 21, 25, 34, 47, 57, 66, 80, 106, 138, 170, 203, 252, 324, 414, 511, 625, 779, 990, 1249, 1550, 1915, 2394, 3018, 3789, 4714, 5859, 7327, 9201, 11521


Expansion of 1/(1-x^4-x^5-x^6-x^7).
1, 0, 0, 0, 1, 1, 1, 1, 1, 2, 3, 4, 4, 5, 7, 10, 13, 16, 20, 26, 35, 46, 59, 75, 97, 127, 166, 215, 277, 358, 465, 605, 785, 1016, 1315, 1705, 2213, 2871, 3721, 4821, 6249, 8104, 10510, 13626, 17662, 22895, 29684


Expansion of 1/(1-x^4-x^5-x^6-x^7-x^8).
1, 0, 0, 0, 1, 1, 1, 1, 2, 2, 3, 4, 6, 7, 9, 12, 17, 22, 29, 38, 51, 67, 89, 118, 157, 207, 274, 363, 482, 638, 845, 1119, 1483, 1964, 2602, 3447, 4567, 6049, 8013, 10615, 14063, 18629, 24678, 32691, 43307, 57369


Expansion of 1/(1-x^4-x^5-x^6-x^7-x^8-x^9).
1, 0, 0, 0, 1, 1, 1, 1, 2, 3, 3, 4, 6, 9, 11, 14, 19, 27, 36, 47, 63, 86, 116, 154, 206, 278, 375, 502, 672, 903, 1215, 1631, 2187, 2936, 3945, 5298, 7110, 9544, 12817, 17212, 23107, 31020, 41650, 55926, 75088, 100810


Expansion of 1/(1-x^4-x^5-x^6-x^7-x^8-x^9-x^10).
1, 0, 0, 0, 1, 1, 1, 1, 2, 3, 4, 4, 6, 9, 13, 16, 21, 29, 41, 55, 73, 98, 135, 184, 248, 333, 452, 615, 834, 1126, 1523, 2065, 2801, 3792, 5131, 6948, 9416, 12756, 17272, 23386, 31676, 42909, 58116, 78701, 106585


Expansion of 1/(1-x^4-x^5-x^6-x^7-x^8-x^9-x^10-x^11).
1, 0, 0, 0, 1, 1, 1, 1, 2, 3, 4, 5, 6, 9, 13, 18, 23, 31, 43, 60, 81, 109, 148, 203, 278, 378, 513, 698, 953, 1300, 1770, 2408, 3280, 4471, 6093, 8298, 11300, 15393, 20973, 28573, 38920, 53013, 72216, 98381, 134021


Expansion of 1/(1-x^4-x^5-x^6-x^7-x^8-x^9-x^10-x^11-x^12).
1, 0, 0, 0, 1, 1, 1, 1, 2, 3, 4, 5, 7, 9, 13, 18, 25, 33, 45, 62, 86, 117, 159, 217, 298, 408, 558, 762, 1042, 1425, 1950, 2667, 3647, 4986, 6819, 9327, 12757, 17445, 23856, 32625, 44620, 61023, 83454, 114129


Expansion of 1/(1-x^4-x^5-x^6-x^7-x^8-x^9-x^10-x^11-x^12-x^13).
1, 0, 0, 0, 1, 1, 1, 1, 2, 3, 4, 5, 7, 10, 13, 18, 25, 35, 47, 64, 88, 122, 167, 228, 312, 429, 589, 807, 1106, 1517, 2081, 2853, 3912, 5365, 7358, 10089, 13834, 18971, 26017, 35677, 48922, 67086, 91997, 126157


Expansion of 1/(1-x^4-x^5-x^6-x^7-x^8-x^9-x^10-x^11-x^12-x^13-x^14).
1, 0, 0, 0, 1, 1, 1, 1, 2, 3, 4, 5, 7, 10, 14, 18, 25, 35, 49, 66, 90, 124, 172, 236, 323, 443, 610, 839, 1152, 1581, 2173, 2987, 4104, 5636, 7743, 10640, 14620, 20084, 27591, 37908, 52085, 71559, 98311, 135067


Expansion of 1/(1-x^5-x^6).
1, 0, 0, 0, 0, 1, 1, 0, 0, 0, 1, 2, 1, 0, 0, 1, 3, 3, 1, 0, 1, 4, 6, 4, 1, 1, 5, 10, 10, 5, 2, 6, 15, 20, 15, 7, 8, 21, 35, 35, 22, 15, 29, 56, 70, 57, 37, 44, 85, 126, 127, 94, 81, 129, 211, 253, 221, 175, 210, 340, 464, 474


Expansion of 1/(1-x^5-x^6-x^7).
1, 0, 0, 0, 0, 1, 1, 1, 0, 0, 1, 2, 3, 2, 1, 1, 3, 6, 7, 6, 4, 5, 10, 16, 19, 17, 15, 19, 31, 45, 52, 51, 51, 65, 95, 128, 148, 154, 167, 211, 288, 371, 430, 469, 532, 666, 870, 1089, 1270, 1431, 1667, 2068, 2625, 3229


Expansion of 1/(1-x^5-x^6-x^7-x^8).
1, 0, 0, 0, 0, 1, 1, 1, 1, 0, 1, 2, 3, 4, 3, 3, 4, 6, 10, 12, 13, 14, 16, 23, 32, 41, 49, 55, 66, 85, 112, 145, 177, 211, 255, 318, 408, 519, 645, 788, 961, 1192, 1500, 1890, 2360, 2913, 3586, 4441, 5543, 6942, 8663


Expansion of 1/(1-x^5-x^6-x^7-x^8-x^9).
1, 0, 0, 0, 0, 1, 1, 1, 1, 1, 1, 2, 3, 4, 5, 5, 6, 8, 11, 15, 19, 23, 28, 35, 45, 59, 76, 96, 120, 150, 190, 243, 311, 396, 501, 632, 799, 1014, 1290, 1641, 2083, 2639, 3342, 4236, 5376, 6827, 8667, 10995, 13941, 17676


Expansion of 1/(1-x^5-x^6-x^7-x^8-x^9-x^10).
1, 0, 0, 0, 0, 1, 1, 1, 1, 1, 2, 2, 3, 4, 5, 7, 8, 10, 13, 17, 23, 29, 37, 47, 60, 78, 100, 129, 166, 213, 274, 351, 451, 580, 746, 960, 1233, 1584, 2035, 2615, 3362, 4321, 5554, 7138, 9173, 11789, 15150, 19471, 25025


Expansion of 1/(1-x^5-x^6-x^7-x^8-x^9-x^10-x^11).
1, 0, 0, 0, 0, 1, 1, 1, 1, 1, 2, 3, 3, 4, 5, 7, 10, 12, 15, 19, 25, 34, 44, 56, 72, 93, 122, 159, 205, 265, 343, 446, 580, 751, 972, 1259, 1633, 2120, 2749, 3562, 4616, 5984, 7761, 10064, 13046, 16911, 21923, 28425


Expansion of 1/(1-x^5-x^6-x^7-x^8-x^9-x^10-x^11-x^12).
1, 0, 0, 0, 0, 1, 1, 1, 1, 1, 2, 3, 4, 4, 5, 7, 10, 14, 17, 21, 27, 36, 49, 64, 82, 105, 137, 181, 238, 310, 401, 521, 681, 892, 1166, 1518, 1975, 2574, 3361, 4390, 5727, 7464, 9728, 12688, 16557, 21603, 28175


Expansion of 1/(1-x^5-x^6-x^7-x^8-x^9-x^10-x^11-x^12-x^13).
1, 0, 0, 0, 0, 1, 1, 1, 1, 1, 2, 3, 4, 5, 5, 7, 10, 14, 19, 23, 29, 38, 51, 69, 90, 116, 150, 196, 260, 343, 449, 585, 762, 999, 1313, 1724, 2258, 2951, 3860, 5057, 6631, 8693, 11384, 14901, 19509, 25555, 33486


Expansion of 1/(1-x^5-x^6-x^7-x^8-x^9-x^10-x^11-x^12-x^13-x^14).
1, 0, 0, 0, 0, 1, 1, 1, 1, 1, 2, 3, 4, 5, 6, 7, 10, 14, 19, 25, 31, 40, 53, 71, 95, 124, 161, 210, 276, 365, 482, 633, 829, 1086, 1426, 1877, 2470, 3246, 4261, 5592, 7345, 9654, 12690, 16675, 21902, 28765, 37786


Expansion of 1/(1-x^5-x^6-x^7-x^8-x^9-x^10-x^11-x^12-x^13-x^14-x^15).
1, 0, 0, 0, 0, 1, 1, 1, 1, 1, 2, 3, 4, 5, 6, 8, 10, 14, 19, 25, 33, 42, 55, 73, 97, 129, 169, 221, 290, 382, 505, 666, 877, 1153, 1516, 1996, 2629, 3464, 4562, 6005, 7904, 10404, 13699, 18040, 23755, 31277, 41176


Expansion of 1/(1-x^6-x^7).
1, 0, 0, 0, 0, 0, 1, 1, 0, 0, 0, 0, 1, 2, 1, 0, 0, 0, 1, 3, 3, 1, 0, 0, 1, 4, 6, 4, 1, 0, 1, 5, 10, 10, 5, 1, 1, 6, 15, 20, 15, 6, 2, 7, 21, 35, 35, 21, 8, 9, 28, 56, 70, 56, 29, 17, 37, 84, 126, 126, 85, 46, 54, 121, 210, 252, 211


Expansion of 1/(1-x^6-x^7-x^8).
1, 0, 0, 0, 0, 0, 1, 1, 1, 0, 0, 0, 1, 2, 3, 2, 1, 0, 1, 3, 6, 7, 6, 3, 2, 4, 10, 16, 19, 16, 11, 9, 16, 30, 45, 51, 46, 36, 36, 55, 91, 126, 142, 133, 118, 127, 182, 272, 359, 401, 393, 378, 427, 581, 813, 1032, 1153, 1172


Expansion of 1/(1-x^6-x^7-x^8-x^9).
1, 0, 0, 0, 0, 0, 1, 1, 1, 1, 0, 0, 1, 2, 3, 4, 3, 2, 2, 3, 6, 10, 12, 12, 11, 10, 13, 21, 31, 40, 45, 45, 46, 55, 75, 105, 137, 161, 176, 191, 221, 281, 372, 478, 579, 665, 749, 869, 1065, 1352, 1710, 2094, 2471, 2862


Expansion of 1/(1-x^6-x^7-x^8-x^9-x^10).
1, 0, 0, 0, 0, 0, 1, 1, 1, 1, 1, 0, 1, 2, 3, 4, 5, 4, 4, 5, 7, 10, 15, 18, 20, 22, 25, 30, 41, 55, 70, 85, 100, 115, 138, 173, 221, 281, 351, 425, 508, 611, 747, 928, 1164, 1451, 1786, 2176, 2642, 3219, 3958, 4901, 6076


Expansion of 1/(1-x^6-x^7-x^8-x^9-x^10-x^11).
1, 0, 0, 0, 0, 0, 1, 1, 1, 1, 1, 1, 1, 2, 3, 4, 5, 6, 6, 7, 9, 12, 16, 21, 26, 31, 37, 45, 56, 71, 91, 115, 143, 176, 216, 266, 331, 415, 521, 652, 812, 1007, 1247, 1547, 1925, 2401, 2997, 3738, 4654, 5786, 7190


Expansion of 1/(1-x^6-x^7-x^8-x^9-x^10-x^11-x^12).
1, 0, 0, 0, 0, 0, 1, 1, 1, 1, 1, 1, 2, 2, 3, 4, 5, 6, 8, 9, 11, 14, 18, 23, 30, 37, 46, 57, 71, 89, 113, 142, 179, 225, 282, 353, 443, 555, 697, 876, 1101, 1383, 1737, 2179, 2734, 3431, 4307, 5408, 6792, 8528, 10707


Expansion of 1/(1-x^6-x^7-x^8-x^9-x^10-x^11-x^12-x^13).
1, 0, 0, 0, 0, 0, 1, 1, 1, 1, 1, 1, 2, 3, 3, 4, 5, 6, 8, 11, 13, 16, 20, 25, 32, 42, 53, 66, 83, 104, 131, 167, 212, 267, 337, 425, 536, 678, 858, 1083, 1367, 1726, 2179, 2753, 3480, 4396, 5551, 7010, 8852, 11180, 14124


Expansion of 1/(1-x^6-x^7-x^8-x^9-x^10-x^11-x^12-x^13-x^14).
1, 0, 0, 0, 0, 0, 1, 1, 1, 1, 1, 1, 2, 3, 4, 4, 5, 6, 8, 11, 15, 18, 22, 27, 34, 44, 58, 74, 93, 116, 146, 185, 237, 303, 385, 486, 614, 777, 987, 1256, 1597, 2025, 2565, 3249, 4120, 5230, 6642, 8430, 10692, 13556, 17190


Expansion of 1/(1-x^6-x^7-x^8-x^9-x^10-x^11-x^12-x^13-x^14-x^15).
1, 0, 0, 0, 0, 0, 1, 1, 1, 1, 1, 1, 2, 3, 4, 5, 5, 6, 8, 11, 15, 20, 24, 29, 36, 46, 60, 79, 101, 127, 159, 200, 255, 328, 421, 537, 681, 861, 1092, 1391, 1776, 2267, 2888, 3670, 4661, 5925, 7542, 9609, 12242, 15584


Expansion of 1/(1-x^6-x^7-x^8-x^9-x^10-x^11-x^12-x^13-x^14-x^15-x^16).
1, 0, 0, 0, 0, 0, 1, 1, 1, 1, 1, 1, 2, 3, 4, 5, 6, 6, 8, 11, 15, 20, 26, 31, 38, 48, 62, 81, 106, 135, 170, 214, 271, 346, 446, 573, 732, 931, 1182, 1502, 1917, 2452, 3136, 4005, 5106, 6502, 8284, 10566, 13488, 17222


Expansion of 1/(1-x^7-x^8).
1, 0, 0, 0, 0, 0, 0, 1, 1, 0, 0, 0, 0, 0, 1, 2, 1, 0, 0, 0, 0, 1, 3, 3, 1, 0, 0, 0, 1, 4, 6, 4, 1, 0, 0, 1, 5, 10, 10, 5, 1, 0, 1, 6, 15, 20, 15, 6, 1, 1, 7, 21, 35, 35, 21, 7, 2, 8, 28, 56, 70, 56, 28, 9, 10, 36, 84, 126, 126, 84, 37


Expansion of 1/(1-x^7-x^8-x^9).
1, 0, 0, 0, 0, 0, 0, 1, 1, 1, 0, 0, 0, 0, 1, 2, 3, 2, 1, 0, 0, 1, 3, 6, 7, 6, 3, 1, 1, 4, 10, 16, 19, 16, 10, 5, 6, 15, 30, 45, 51, 45, 31, 21, 26, 51, 90, 126, 141, 127, 97, 78, 98, 167, 267, 357, 394, 365, 302, 273, 343, 532


Expansion of 1/(1-x^7-x^8-x^9-x^10).
1, 0, 0, 0, 0, 0, 0, 1, 1, 1, 1, 0, 0, 0, 1, 2, 3, 4, 3, 2, 1, 1, 3, 6, 10, 12, 12, 10, 7, 7, 11, 20, 31, 40, 44, 41, 36, 35, 45, 69, 102, 135, 156, 161, 156, 157, 185, 251, 351, 462, 554, 608, 630, 659, 749, 944, 1249, 1618


Expansion of 1/(1-x^7-x^8-x^9-x^10-x^11).
1, 0, 0, 0, 0, 0, 0, 1, 1, 1, 1, 1, 0, 0, 1, 2, 3, 4, 5, 4, 3, 3, 4, 6, 10, 15, 18, 19, 19, 19, 20, 26, 38, 53, 68, 81, 90, 95, 103, 122, 156, 205, 266, 330, 387, 437, 491, 566, 681, 852, 1079, 1344, 1625, 1911, 2211, 2562


Expansion of 1/(1-x^7-x^8-x^9-x^10-x^11-x^12).
1, 0, 0, 0, 0, 0, 0, 1, 1, 1, 1, 1, 1, 0, 1, 2, 3, 4, 5, 6, 5, 5, 6, 8, 11, 15, 21, 25, 28, 31, 35, 41, 50, 66, 86, 108, 131, 155, 181, 210, 251, 309, 386, 482, 596, 727, 871, 1036, 1237, 1492, 1819, 2234, 2751, 3371


Expansion of 1/(1-x^7-x^8-x^9-x^10-x^11-x^12-x^13).
1, 0, 0, 0, 0, 0, 0, 1, 1, 1, 1, 1, 1, 1, 1, 2, 3, 4, 5, 6, 7, 7, 8, 10, 13, 17, 22, 28, 34, 40, 47, 56, 68, 84, 105, 132, 164, 201, 244, 295, 357, 434, 532, 656, 810, 998, 1225, 1498, 1827, 2227, 2719, 3328, 4082, 5012


Expansion of 1/(1-x^7-x^8-x^9-x^10-x^11-x^12-x^13-x^14).
1, 0, 0, 0, 0, 0, 0, 1, 1, 1, 1, 1, 1, 1, 2, 2, 3, 4, 5, 6, 7, 9, 10, 12, 15, 19, 24, 30, 38, 46, 56, 68, 83, 102, 126, 157, 194, 240, 296, 364, 447, 549, 676, 832, 1026, 1266, 1562, 1926, 2373, 2923, 3598, 4430, 5456, 6722


Expansion of 1/(1-x^7-x^8-x^9-x^10-x^11-x^12-x^13-x^14-x^15).
1, 0, 0, 0, 0, 0, 0, 1, 1, 1, 1, 1, 1, 1, 2, 3, 3, 4, 5, 6, 7, 9, 12, 14, 17, 21, 26, 32, 40, 51, 63, 77, 95, 117, 144, 178, 222, 276, 341, 422, 522, 645, 797, 987, 1223, 1513, 1872, 2317, 2867, 3547, 4390, 5435, 6726, 8322


Expansion of 1/(1-x^7-x^8-x^9-x^10-x^11-x^12-x^13-x^14-x^15-x^16).
1, 0, 0, 0, 0, 0, 0, 1, 1, 1, 1, 1, 1, 1, 2, 3, 4, 4, 5, 6, 7, 9, 12, 16, 19, 23, 28, 34, 42, 53, 68, 85, 105, 129, 159, 196, 243, 304, 380, 473, 586, 726, 899, 1114, 1384, 1722, 2142, 2660, 3301, 4095, 5080, 6305, 7831


Expansion of 1/(1-x^7-x^8-x^9-x^10-x^11-x^12-x^13-x^14-x^15-x^16-x^17).
1, 0, 0, 0, 0, 0, 0, 1, 1, 1, 1, 1, 1, 1, 2, 3, 4, 5, 5, 6, 7, 9, 12, 16, 21, 25, 30, 36, 44, 55, 70, 90, 113, 140, 172, 211, 261, 325, 408, 512, 640, 796, 986, 1222, 1517, 1889, 2357, 2942, 3668, 4564, 5673, 7050, 8767


Expansion of 1/(1-x^8-x^9).
1, 0, 0, 0, 0, 0, 0, 0, 1, 1, 0, 0, 0, 0, 0, 0, 1, 2, 1, 0, 0, 0, 0, 0, 1, 3, 3, 1, 0, 0, 0, 0, 1, 4, 6, 4, 1, 0, 0, 0, 1, 5, 10, 10, 5, 1, 0, 0, 1, 6, 15, 20, 15, 6, 1, 0, 1, 7, 21, 35, 35, 21, 7, 1, 1, 8, 28, 56, 70, 56, 28, 8, 2, 9


Expansion of 1/(1-x^8-x^9-x^10).
1, 0, 0, 0, 0, 0, 0, 0, 1, 1, 1, 0, 0, 0, 0, 0, 1, 2, 3, 2, 1, 0, 0, 0, 1, 3, 6, 7, 6, 3, 1, 0, 1, 4, 10, 16, 19, 16, 10, 4, 2, 5, 15, 30, 45, 51, 45, 30, 16, 11, 22, 50, 90, 126, 141, 126, 91, 57, 49, 83, 162, 266, 357, 393, 358


Expansion of 1/(1-x^8-x^9-x^10-x^11).
1, 0, 0, 0, 0, 0, 0, 0, 1, 1, 1, 1, 0, 0, 0, 0, 1, 2, 3, 4, 3, 2, 1, 0, 1, 3, 6, 10, 12, 12, 10, 6, 4, 5, 10, 20, 31, 40, 44, 40, 32, 25, 25, 39, 66, 101, 135, 155, 156, 141, 122, 121, 155, 231, 341, 457, 547, 587, 574, 540


Expansion of 1/(1-x^8-x^9-x^10-x^11-x^12).
1, 0, 0, 0, 0, 0, 0, 0, 1, 1, 1, 1, 1, 0, 0, 0, 1, 2, 3, 4, 5, 4, 3, 2, 2, 3, 6, 10, 15, 18, 19, 18, 16, 14, 16, 23, 36, 52, 68, 80, 86, 85, 83, 87, 105, 141, 195, 259, 322, 371, 402, 421, 446, 501, 611, 787, 1022, 1288


Expansion of 1/(1-x^8-x^9-x^10-x^11-x^12-x^13).
1, 0, 0, 0, 0, 0, 0, 0, 1, 1, 1, 1, 1, 1, 0, 0, 1, 2, 3, 4, 5, 6, 5, 4, 4, 5, 7, 10, 15, 21, 25, 27, 28, 29, 31, 35, 45, 62, 83, 105, 126, 145, 161, 175, 195, 230, 285, 361, 456, 566, 682, 795, 907, 1032, 1191, 1407, 1702


Expansion of 1/(1-x^8-x^9-x^10-x^11-x^12-x^13-x^14).
1, 0, 0, 0, 0, 0, 0, 0, 1, 1, 1, 1, 1, 1, 1, 0, 1, 2, 3, 4, 5, 6, 7, 6, 6, 7, 9, 12, 16, 21, 28, 33, 37, 41, 46, 53, 63, 77, 99, 126, 156, 188, 222, 259, 301, 350, 416, 505, 620, 762, 931, 1127, 1351, 1602, 1892, 2241, 2673


Expansion of 1/(1-x^8-x^9-x^10-x^11-x^12-x^13-x^14-x^15).
1, 0, 0, 0, 0, 0, 0, 0, 1, 1, 1, 1, 1, 1, 1, 1, 1, 2, 3, 4, 5, 6, 7, 8, 8, 9, 11, 14, 18, 23, 29, 36, 43, 50, 58, 68, 81, 98, 120, 148, 183, 224, 271, 325, 388, 463, 554, 666, 806, 980, 1193, 1450, 1757, 2122, 2556, 3074


Expansion of 1/(1-x^8-x^9-x^10-x^11-x^12-x^13-x^14-x^15-x^16).
1, 0, 0, 0, 0, 0, 0, 0, 1, 1, 1, 1, 1, 1, 1, 1, 2, 2, 3, 4, 5, 6, 7, 8, 10, 11, 13, 16, 20, 25, 31, 38, 47, 56, 67, 80, 96, 116, 141, 172, 211, 257, 313, 380, 460, 556, 672, 813, 986, 1196, 1453, 1766, 2146, 2606, 3162


Expansion of 1/(1-x^8-x^9-x^10-x^11-x^12-x^13-x^14-x^15-x^16-x^17).
1, 0, 0, 0, 0, 0, 0, 0, 1, 1, 1, 1, 1, 1, 1, 1, 2, 3, 3, 4, 5, 6, 7, 8, 10, 13, 15, 18, 22, 27, 33, 40, 49, 61, 74, 89, 108, 131, 159, 193, 235, 288, 352, 428, 521, 634, 771, 937, 1139, 1387, 1690, 2057, 2504, 3049


Expansion of 1/(1-x^8-x^9-x^10-x^11-x^12-x^13-x^14-x^15-x^16-x^17-x^18).
1, 0, 0, 0, 0, 0, 0, 0, 1, 1, 1, 1, 1, 1, 1, 1, 2, 3, 4, 4, 5, 6, 7, 8, 10, 13, 17, 20, 24, 29, 35, 42, 51, 63, 79, 97, 118, 143, 174, 211, 256, 312, 383, 470, 575, 701, 855, 1042, 1269, 1546, 1887, 2306, 2818, 3440, 4198, 5122, 6248, 7620, 9296, 11346, 13852, 16909


Expansion of 1/(1 - x^9 - x^10).
1, 0, 0, 0, 0, 0, 0, 0, 0, 1, 1, 0, 0, 0, 0, 0, 0, 0, 1, 2, 1, 0, 0, 0, 0, 0, 0, 1, 3, 3, 1, 0, 0, 0, 0, 0, 1, 4, 6, 4, 1, 0, 0, 0, 0, 1, 5, 10, 10, 5, 1, 0, 0, 0, 1, 6, 15, 20, 15, 6, 1, 0, 0, 1, 7, 21, 35, 35, 21, 7, 1, 0, 1, 8, 28, 56


Expansion of 1/(1-x^9-x^10-x^11).
1, 0, 0, 0, 0, 0, 0, 0, 0, 1, 1, 1, 0, 0, 0, 0, 0, 0, 1, 2, 3, 2, 1, 0, 0, 0, 0, 1, 3, 6, 7, 6, 3, 1, 0, 0, 1, 4, 10, 16, 19, 16, 10, 4, 1, 1, 5, 15, 30, 45, 51, 45, 30, 15, 6, 7, 21, 50, 90, 126, 141, 126, 90, 51, 28, 34, 78, 161


Expansion of 1/(1-x^9-x^10-x^11-x^12).
1, 0, 0, 0, 0, 0, 0, 0, 0, 1, 1, 1, 1, 0, 0, 0, 0, 0, 1, 2, 3, 4, 3, 2, 1, 0, 0, 1, 3, 6, 10, 12, 12, 10, 6, 3, 2, 4, 10, 20, 31, 40, 44, 40, 31, 21, 15, 19, 36, 65, 101, 135, 155, 155, 136, 107, 86, 91, 135, 221, 337, 456, 546


Expansion of 1/(1-x^9-x^10-x^11-x^12-x^13).
1, 0, 0, 0, 0, 0, 0, 0, 0, 1, 1, 1, 1, 1, 0, 0, 0, 0, 1, 2, 3, 4, 5, 4, 3, 2, 1, 1, 3, 6, 10, 15, 18, 19, 18, 15, 11, 10, 13, 21, 35, 52, 68, 80, 85, 81, 73, 67, 70, 90, 131, 189, 256, 320, 366, 387, 386, 376, 381, 431, 547


Expansion of 1/(1 - x^9 - x^10 - x^11 - x^12 - x^13 - x^14).
1, 0, 0, 0, 0, 0, 0, 0, 0, 1, 1, 1, 1, 1, 1, 0, 0, 0, 1, 2, 3, 4, 5, 6, 5, 4, 3, 3, 4, 6, 10, 15, 21, 25, 27, 27, 26, 25, 25, 30, 41, 59, 81, 104, 125, 141, 151, 155, 160, 174, 206, 261, 340, 440, 551, 661, 757, 836, 906, 987


Expansion of 1/(1-x^9-x^10-x^11-x^12-x^13-x^14-x^15).
1, 0, 0, 0, 0, 0, 0, 0, 0, 1, 1, 1, 1, 1, 1, 1, 0, 0, 1, 2, 3, 4, 5, 6, 7, 6, 5, 5, 6, 8, 11, 15, 21, 28, 33, 36, 38, 40, 43, 48, 56, 71, 94, 122, 152, 182, 211, 239, 266, 294, 332, 390, 474, 586, 725, 888, 1071, 1266, 1466


Expansion of 1/(1-x^9-x^10-x^11-x^12-x^13-x^14-x^15-x^16).
1, 0, 0, 0, 0, 0, 0, 0, 0, 1, 1, 1, 1, 1, 1, 1, 1, 0, 1, 2, 3, 4, 5, 6, 7, 8, 7, 7, 8, 10, 13, 17, 22, 28, 36, 42, 47, 52, 58, 66, 77, 92, 112, 141, 176, 215, 257, 302, 351, 406, 470, 546, 645, 774, 937, 1136, 1372, 1646


Expansion of 1/(1-x^9-x^10-x^11-x^12-x^13-x^14-x^15-x^16-x^17).
1, 0, 0, 0, 0, 0, 0, 0, 0, 1, 1, 1, 1, 1, 1, 1, 1, 1, 1, 2, 3, 4, 5, 6, 7, 8, 9, 9, 10, 12, 15, 19, 24, 30, 37, 45, 53, 61, 70, 81, 95, 113, 136, 165, 201, 245, 296, 354, 420, 496, 585, 691, 819, 975, 1167, 1402, 1686, 2025


Expansion of 1/(1-x^9-x^10-x^11-x^12-x^13-x^14-x^15-x^16-x^17-x^18).
1, 0, 0, 0, 0, 0, 0, 0, 0, 1, 1, 1, 1, 1, 1, 1, 1, 1, 2, 2, 3, 4, 5, 6, 7, 8, 9, 11, 12, 14, 17, 21, 26, 32, 39, 47, 57, 67, 79, 93, 110, 131, 157, 189, 228, 276, 332, 399, 478, 571, 681, 812, 969, 1158, 1387, 1662, 1994


Expansion of 1/(1-x^9-x^10-x^11-x^12-x^13-x^14-x^15-x^16-x^17-x^18-x^19).
1, 0, 0, 0, 0, 0, 0, 0, 0, 1, 1, 1, 1, 1, 1, 1, 1, 1, 2, 3, 3, 4, 5, 6, 7, 8, 9, 11, 14, 16, 19, 23, 28, 34, 41, 49, 59, 72, 86, 102, 122, 146, 175, 210, 252, 303, 366, 441, 529, 635, 762, 914, 1096, 1314, 1576, 1893, 2275


Expansion of 1/(1 - x^10 - x^11).
1, 0, 0, 0, 0, 0, 0, 0, 0, 0, 1, 1, 0, 0, 0, 0, 0, 0, 0, 0, 1, 2, 1, 0, 0, 0, 0, 0, 0, 0, 1, 3, 3, 1, 0, 0, 0, 0, 0, 0, 1, 4, 6, 4, 1, 0, 0, 0, 0, 0, 1, 5, 10, 10, 5, 1, 0, 0, 0, 0, 1, 6, 15, 20, 15, 6, 1, 0, 0, 0, 1, 7, 21, 35, 35, 21, 7, 1


Expansion of 1/(1-x^10-x^11-x^12).
1, 0, 0, 0, 0, 0, 0, 0, 0, 0, 1, 1, 1, 0, 0, 0, 0, 0, 0, 0, 1, 2, 3, 2, 1, 0, 0, 0, 0, 0, 1, 3, 6, 7, 6, 3, 1, 0, 0, 0, 1, 4, 10, 16, 19, 16, 10, 4, 1, 0, 1, 5, 15, 30, 45, 51, 45, 30, 15, 5, 2, 6, 21, 50, 90, 126, 141, 126, 90, 50


Expansion of 1/(1-x^10-x^11-x^12-x^13).
1, 0, 0, 0, 0, 0, 0, 0, 0, 0, 1, 1, 1, 1, 0, 0, 0, 0, 0, 0, 1, 2, 3, 4, 3, 2, 1, 0, 0, 0, 1, 3, 6, 10, 12, 12, 10, 6, 3, 1, 1, 4, 10, 20, 31, 40, 44, 40, 31, 20, 11, 9, 16, 35, 65, 101, 135, 155, 155, 135, 102, 71, 56, 71, 125


Expansion of 1/(1-x^10-x^11-x^12-x^13-x^14).
1, 0, 0, 0, 0, 0, 0, 0, 0, 0, 1, 1, 1, 1, 1, 0, 0, 0, 0, 0, 1, 2, 3, 4, 5, 4, 3, 2, 1, 0, 1, 3, 6, 10, 15, 18, 19, 18, 15, 10, 7, 7, 11, 20, 35, 52, 68, 80, 85, 80, 69, 57, 50, 55, 80, 125, 186, 255, 320, 365, 382, 371, 341, 311


Expansion of 1/(1-x^10-x^11-x^12-x^13-x^14-x^15).
1, 0, 0, 0, 0, 0, 0, 0, 0, 0, 1, 1, 1, 1, 1, 1, 0, 0, 0, 0, 1, 2, 3, 4, 5, 6, 5, 4, 3, 2, 2, 3, 6, 10, 15, 21, 25, 27, 27, 25, 22, 19, 20, 26, 38, 57, 80, 104, 125, 140, 147, 145, 140, 139, 150, 182, 240, 325, 430, 544, 653


Expansion of 1/(1-x^10-x^11-x^12-x^13-x^14-x^15-x^16).
1, 0, 0, 0, 0, 0, 0, 0, 0, 0, 1, 1, 1, 1, 1, 1, 1, 0, 0, 0, 1, 2, 3, 4, 5, 6, 7, 6, 5, 4, 4, 5, 7, 10, 15, 21, 28, 33, 36, 37, 37, 37, 38, 41, 50, 66, 90, 119, 150, 180, 207, 229, 246, 259, 276, 306, 359, 441, 554, 696, 862


Expansion of 1/(1-x^10-x^11-x^12-x^13-x^14-x^15-x^16-x^17).
1, 0, 0, 0, 0, 0, 0, 0, 0, 0, 1, 1, 1, 1, 1, 1, 1, 1, 0, 0, 1, 2, 3, 4, 5, 6, 7, 8, 7, 6, 6, 7, 9, 12, 16, 21, 28, 36, 42, 46, 49, 52, 56, 62, 71, 84, 105, 135, 171, 210, 250, 290, 330, 371, 414, 462, 525, 614, 736, 894, 1088


Expansion of 1/(1-x^10-x^11-x^12-x^13-x^14-x^15-x^16-x^17-x^18).
1, 0, 0, 0, 0, 0, 0, 0, 0, 0, 1, 1, 1, 1, 1, 1, 1, 1, 1, 0, 1, 2, 3, 4, 5, 6, 7, 8, 9, 8, 8, 9, 11, 14, 18, 23, 29, 36, 45, 52, 58, 64, 71, 80, 92, 108, 129, 156, 193, 237, 286, 339, 396, 458, 527, 606, 699, 810, 951, 1130, 1352


Expansion of 1/(1-x^10-x^11-x^12-x^13-x^14-x^15-x^16-x^17-x^18-x^19).
1, 0, 0, 0, 0, 0, 0, 0, 0, 0, 1, 1, 1, 1, 1, 1, 1, 1, 1, 1, 1, 2, 3, 4, 5, 6, 7, 8, 9, 10, 10, 11, 13, 16, 20, 25, 31, 38, 46, 55, 64, 73, 83, 95, 110, 129, 153, 183, 220, 265, 319, 381, 451, 530, 620, 724, 846, 991, 1165, 1375


Expansion of 1/(1-x^10-x^11-x^12-x^13-x^14-x^15-x^16-x^17-x^18-x^19-x^20).
1, 0, 0, 0, 0, 0, 0, 0, 0, 0, 1, 1, 1, 1, 1, 1, 1, 1, 1, 1, 2, 2, 3, 4, 5, 6, 7, 8, 9, 10, 12, 13, 15, 18, 22, 27, 33, 40, 48, 57, 68, 79, 92, 107, 125, 147, 174, 207, 247, 295, 353, 420, 499, 591, 698, 823, 970, 1144, 1351, 1598, 1894, 2246, 2666, 3165, 3756


Expansion of 1/((1-3x)(1-5x)(1-9x)).
1, 17, 202, 2090, 20251, 189707, 1745332, 15900020, 144066901, 1301455397, 11737424062, 105758621150, 952437144751, 8574983669087, 77190104636392, 694787214149480, 6253466332501801, 56283104147438777, 506557473488982322, 4559064943373269010


Expansion of (1-x)/(1-x-x^4).
1, 0, 0, 0, 1, 1, 1, 1, 2, 3, 4, 5, 7, 10, 14, 19, 26, 36, 50, 69, 95, 131, 181, 250, 345, 476, 657, 907, 1252, 1728, 2385, 3292, 4544, 6272, 8657, 11949, 16493, 22765, 31422, 43371, 59864, 82629, 114051, 157422, 217286, 299915, 413966, 571388, 788674


Expansion of 1/(1 -x^5 -x^6 -x^7 - ...).
1, 0, 0, 0, 0, 1, 1, 1, 1, 1, 2, 3, 4, 5, 6, 8, 11, 15, 20, 26, 34, 45, 60, 80, 106, 140, 185, 245, 325, 431, 571, 756, 1001, 1326, 1757, 2328, 3084, 4085, 5411, 7168, 9496, 12580, 16665, 22076, 29244, 38740, 51320, 67985, 90061, 119305, 158045, 209365, 277350


Expansion of 1/(1 -x^6 -x^7 -x^8 - ...).
1, 0, 0, 0, 0, 0, 1, 1, 1, 1, 1, 1, 2, 3, 4, 5, 6, 7, 9, 12, 16, 21, 27, 34, 43, 55, 71, 92, 119, 153, 196, 251, 322, 414, 533, 686, 882, 1133, 1455, 1869, 2402, 3088, 3970, 5103, 6558, 8427, 10829, 13917, 17887, 22990, 29548, 37975, 48804, 62721, 80608


Expansion of 1/(1 - x^7 - x^8 - ...).
1, 0, 0, 0, 0, 0, 0, 1, 1, 1, 1, 1, 1, 1, 2, 3, 4, 5, 6, 7, 8, 10, 13, 17, 22, 28, 35, 43, 53, 66, 83, 105, 133, 168, 211, 264, 330, 413, 518, 651, 819, 1030, 1294, 1624, 2037, 2555, 3206, 4025, 5055, 6349, 7973, 10010, 12565, 15771, 19796, 24851, 31200, 39173


Expansion of 1/(1 - x^8 - x^9 - ...).
1, 0, 0, 0, 0, 0, 0, 0, 1, 1, 1, 1, 1, 1, 1, 1, 2, 3, 4, 5, 6, 7, 8, 9, 11, 14, 18, 23, 29, 36, 44, 53, 64, 78, 96, 119, 148, 184, 228, 281, 345, 423, 519, 638, 786, 970, 1198, 1479, 1824, 2247, 2766, 3404, 4190, 5160, 6358, 7837, 9661, 11908, 14674, 18078


Expansion of 1/(1 - x^9 - x^10 - ...).
1, 0, 0, 0, 0, 0, 0, 0, 0, 1, 1, 1, 1, 1, 1, 1, 1, 1, 2, 3, 4, 5, 6, 7, 8, 9, 10, 12, 15, 19, 24, 30, 37, 45, 54, 64, 76, 91, 110, 134, 164, 201, 246, 300, 364, 440, 531, 641, 775, 939, 1140, 1386, 1686, 2050, 2490, 3021, 3662, 4437, 5376, 6516, 7902, 9588


Expansion of 1/(1 - x^10 - x^11 - ...).
1, 0, 0, 0, 0, 0, 0, 0, 0, 0, 1, 1, 1, 1, 1, 1, 1, 1, 1, 1, 2, 3, 4, 5, 6, 7, 8, 9, 10, 11, 13, 16, 20, 25, 31, 38, 46, 55, 65, 76, 89, 105, 125, 150, 181, 219, 265, 320, 385, 461, 550, 655, 780, 930, 1111, 1330, 1595, 1915, 2300, 2761, 3311, 3966, 4746, 5676


Expansion of 1/(1 - x^11 - x^12 - ...).
1, 0, 0, 0, 0, 0, 0, 0, 0, 0, 0, 1, 1, 1, 1, 1, 1, 1, 1, 1, 1, 1, 2, 3, 4, 5, 6, 7, 8, 9, 10, 11, 12, 14, 17, 21, 26, 32, 39, 47, 56, 66, 77, 89, 103, 120, 141, 167, 199, 238, 285, 341, 407, 484, 573, 676, 796, 937, 1104, 1303, 1541, 1826, 2167, 2574, 3058


Expansion of 1/(1 - x^12 - x^13 - ...).
1, 0, 0, 0, 0, 0, 0, 0, 0, 0, 0, 0, 1, 1, 1, 1, 1, 1, 1, 1, 1, 1, 1, 1, 2, 3, 4, 5, 6, 7, 8, 9, 10, 11, 12, 13, 15, 18, 22, 27, 33, 40, 48, 57, 67, 78, 90, 103, 118, 136, 158, 185, 218, 258, 306, 363, 430, 508, 598, 701, 819, 955, 1113, 1298, 1516, 1774


Expansion of 1/(1 - x^13 - x^14 - ...).
1, 0, 0, 0, 0, 0, 0, 0, 0, 0, 0, 0, 0, 1, 1, 1, 1, 1, 1, 1, 1, 1, 1, 1, 1, 1, 2, 3, 4, 5, 6, 7, 8, 9, 10, 11, 12, 13, 14, 16, 19, 23, 28, 34, 41, 49, 58, 68, 79, 91, 104, 118, 134, 153, 176, 204, 238, 279, 328, 386, 454, 533, 624, 728, 846, 980, 1133, 1309


Expansion of 1/(1 - x^14 - x^15 - ...).
1, 0, 0, 0, 0, 0, 0, 0, 0, 0, 0, 0, 0, 0, 1, 1, 1, 1, 1, 1, 1, 1, 1, 1, 1, 1, 1, 1, 2, 3, 4, 5, 6, 7, 8, 9, 10, 11, 12, 13, 14, 15, 17, 20, 24, 29, 35, 42, 50, 59, 69, 80, 92, 105, 119, 134, 151, 171, 195, 224, 259, 301, 351, 410, 479, 559, 651, 756, 875, 1009


Expansion of 1/(1 - x^15 - x^16 - ...).
1, 0, 0, 0, 0, 0, 0, 0, 0, 0, 0, 0, 0, 0, 0, 1, 1, 1, 1, 1, 1, 1, 1, 1, 1, 1, 1, 1, 1, 1, 2, 3, 4, 5, 6, 7, 8, 9, 10, 11, 12, 13, 14, 15, 16, 18, 21, 25, 30, 36, 43, 51, 60, 70, 81, 93, 106, 120, 135, 151, 169, 190, 215, 245, 281, 324, 375, 435, 505, 586, 679


Powers of sqrt(2) rounded down.
1, 1, 2, 2, 4, 5, 8, 11, 16, 22, 32, 45, 64, 90, 128, 181, 256, 362, 512, 724, 1024, 1448, 2048, 2896, 4096, 5792, 8192, 11585, 16384, 23170, 32768, 46340, 65536, 92681, 131072, 185363, 262144, 370727, 524288


Powers of sqrt(2) rounded to nearest integer.
1, 1, 2, 3, 4, 6, 8, 11, 16, 23, 32, 45, 64, 91, 128, 181, 256, 362, 512, 724, 1024, 1448, 2048, 2896, 4096, 5793, 8192, 11585, 16384, 23170, 32768, 46341, 65536, 92682, 131072, 185364, 262144, 370728, 524288


Powers of sqrt(2) rounded up.
1, 2, 2, 3, 4, 6, 8, 12, 16, 23, 32, 46, 64, 91, 128, 182, 256, 363, 512, 725, 1024, 1449, 2048, 2897, 4096, 5793, 8192, 11586, 16384, 23171, 32768, 46341, 65536, 92682, 131072, 185364, 262144, 370728, 524288


Powers of sqrt(3) rounded down.
1, 1, 3, 5, 9, 15, 27, 46, 81, 140, 243, 420, 729, 1262, 2187, 3787, 6561, 11363, 19683, 34091, 59049, 102275, 177147, 306827, 531441, 920482, 1594323, 2761448, 4782969, 8284345, 14348907, 24853035, 43046721


Powers of sqrt(3) rounded to nearest integer.
1, 2, 3, 5, 9, 16, 27, 47, 81, 140, 243, 421, 729, 1263, 2187, 3788, 6561, 11364, 19683, 34092, 59049, 102276, 177147, 306828, 531441, 920483, 1594323, 2761448, 4782969, 8284345, 14348907, 24853036, 43046721, 74559108, 129140163, 223677324, 387420489, 671031971, 1162261467


Powers of sqrt(3) rounded up.
1, 2, 3, 6, 9, 16, 27, 47, 81, 141, 243, 421, 729, 1263, 2187, 3788, 6561, 11364, 19683, 34092, 59049, 102276, 177147, 306828, 531441, 920483, 1594323, 2761449, 4782969, 8284346, 14348907, 24853036, 43046721


Expansion of 1/((1-3x)(1-5x)(1-10x)).
1, 18, 229, 2562, 27061, 278058, 2818549, 28377522, 284741941, 2852272698, 28547052469, 285592329282, 2856532847221, 28568377838538, 285699029999989, 2857066572421842, 28571047129374901, 285712378448671578


Expansion of 1/((1-3x)(1-5x)(1-11x)).
1, 19, 258, 3110, 35651, 399609, 4433668, 48962380, 539552901, 5939935199, 65363612678, 719121544050, 7910946538951, 87023461294789, 957273325857288, 10530082856852120, 115831292830529801, 1274146128290750379


Expansion of 1/((1-3x)(1-5x)(1-12x)).
1, 20, 289, 3740, 46321, 563300, 6797569, 81762860, 982121041, 11790305780, 141507994849, 1698217742780, 20379222467761, 244553718979460, 2934659879368129, 35215994824839500, 422592319303230481


Powers of sqrt(5) rounded down.
1, 2, 5, 11, 25, 55, 125, 279, 625, 1397, 3125, 6987, 15625, 34938, 78125, 174692, 390625, 873464, 1953125, 4367320, 9765625, 21836601, 48828125, 109183006, 244140625, 545915033, 1220703125, 2729575167


Powers of sqrt(5) rounded to nearest integer.
1, 2, 5, 11, 25, 56, 125, 280, 625, 1398, 3125, 6988, 15625, 34939, 78125, 174693, 390625, 873464, 1953125, 4367320, 9765625, 21836601, 48828125, 109183007, 244140625, 545915034, 1220703125, 2729575168


Powers of sqrt(5) rounded up.
1, 3, 5, 12, 25, 56, 125, 280, 625, 1398, 3125, 6988, 15625, 34939, 78125, 174693, 390625, 873465, 1953125, 4367321, 9765625, 21836602, 48828125, 109183007, 244140625, 545915034, 1220703125, 2729575168


Powers of sqrt(6) rounded down.
1, 2, 6, 14, 36, 88, 216, 529, 1296, 3174, 7776, 19047, 46656, 114283, 279936, 685700, 1679616, 4114202, 10077696, 24685212, 60466176, 148111277, 362797056, 888667667, 2176782336, 5332006004, 13060694016


Powers of sqrt(6) rounded to nearest integer.
1, 2, 6, 15, 36, 88, 216, 529, 1296, 3175, 7776, 19047, 46656, 114283, 279936, 685700, 1679616, 4114202, 10077696, 24685213, 60466176, 148111278, 362797056, 888667667, 2176782336, 5332006004, 13060694016


Powers of sqrt(6) rounded up.
1, 3, 6, 15, 36, 89, 216, 530, 1296, 3175, 7776, 19048, 46656, 114284, 279936, 685701, 1679616, 4114203, 10077696, 24685213, 60466176, 148111278, 362797056, 888667668, 2176782336, 5332006005, 13060694016


Powers of sqrt(7) rounded down.
1, 2, 7, 18, 49, 129, 343, 907, 2401, 6352, 16807, 44467, 117649, 311269, 823543, 2178889, 5764801, 15252229, 40353607, 106765608, 282475249, 747359260, 1977326743, 5231514822, 13841287201, 36620603758


Powers of sqrt(7) rounded to nearest integer.
1, 3, 7, 19, 49, 130, 343, 907, 2401, 6352, 16807, 44467, 117649, 311270, 823543, 2178890, 5764801, 15252230, 40353607, 106765609, 282475249, 747359260, 1977326743, 5231514823, 13841287201, 36620603759


Powers of sqrt(7) rounded up.
1, 3, 7, 19, 49, 130, 343, 908, 2401, 6353, 16807, 44468, 117649, 311270, 823543, 2178890, 5764801, 15252230, 40353607, 106765609, 282475249, 747359261, 1977326743, 5231514823, 13841287201, 36620603759


Powers of sqrt(8) rounded down.
1, 2, 8, 22, 64, 181, 512, 1448, 4096, 11585, 32768, 92681, 262144, 741455, 2097152, 5931641, 16777216, 47453132, 134217728, 379625062, 1073741824, 3037000499, 8589934592, 24296003999, 68719476736


Powers of sqrt(8) rounded to nearest integer.
1, 3, 8, 23, 64, 181, 512, 1448, 4096, 11585, 32768, 92682, 262144, 741455, 2097152, 5931642, 16777216, 47453133, 134217728, 379625062, 1073741824, 3037000500, 8589934592, 24296004000, 68719476736


Powers of sqrt(8) rounded up.
1, 3, 8, 23, 64, 182, 512, 1449, 4096, 11586, 32768, 92682, 262144, 741456, 2097152, 5931642, 16777216, 47453133, 134217728, 379625063, 1073741824, 3037000500, 8589934592, 24296004000, 68719476736


Expansion of 1/((1-3x)(1-6x)(1-7x)).
1, 16, 175, 1630, 13921, 112756, 881875, 6730810, 50468341, 373414096, 2734771975, 19868820790, 143434778761, 1030163245036, 7367866260475, 52515419443570, 373250112873181, 2646603979861576, 18729347384947375


Expansion of 1/((1-3x)(1-6x)(1-8x)).
1, 17, 199, 1997, 18487, 163205, 1398223, 11743469, 97300423, 798539093, 6509186047, 52798905341, 426744275959, 3440074001381, 27677315556271, 222358880070413, 1784513217331495, 14309958928401269, 114682790953126495


Expansion of 1/((1-3x)(1-6x)(1-9x)).
1, 18, 225, 2430, 24381, 234738, 2205225, 20404710, 186995061, 1703091258, 15448694625, 139763668590, 1262226050541, 11386154248578, 102632111782425, 924629361662070, 8327306431726821, 74979611075290698


Powers of sqrt(10) rounded down.
1, 3, 10, 31, 100, 316, 1000, 3162, 10000, 31622, 100000, 316227, 1000000, 3162277, 10000000, 31622776, 100000000, 316227766, 1000000000, 3162277660, 10000000000, 31622776601, 100000000000


Powers of sqrt(10) rounded to nearest integer.
1, 3, 10, 32, 100, 316, 1000, 3162, 10000, 31623, 100000, 316228, 1000000, 3162278, 10000000, 31622777, 100000000, 316227766, 1000000000, 3162277660, 10000000000, 31622776602, 100000000000


Smallest number whose square has n digits.
1, 4, 10, 32, 100, 317, 1000, 3163, 10000, 31623, 100000, 316228, 1000000, 3162278, 10000000, 31622777, 100000000, 316227767, 1000000000, 3162277661, 10000000000, 31622776602, 100000000000, 316227766017, 1000000000000


Powers of sqrt(11) rounded down.
1, 3, 11, 36, 121, 401, 1331, 4414, 14641, 48558, 161051, 534145, 1771561, 5875603, 19487171, 64631634, 214358881, 710947978, 2357947691, 7820427766, 25937424601, 86024705429, 285311670611


Powers of sqrt(11) rounded to nearest integer.
1, 3, 11, 36, 121, 401, 1331, 4414, 14641, 48559, 161051, 534146, 1771561, 5875603, 19487171, 64631634, 214358881, 710947979, 2357947691, 7820427766, 25937424601, 86024705430, 285311670611


Powers of sqrt(11) rounded up.
1, 4, 11, 37, 121, 402, 1331, 4415, 14641, 48559, 161051, 534146, 1771561, 5875604, 19487171, 64631635, 214358881, 710947979, 2357947691, 7820427767, 25937424601, 86024705430, 285311670611


Powers of sqrt(12) rounded down.
1, 3, 12, 41, 144, 498, 1728, 5985, 20736, 71831, 248832, 861979, 2985984, 10343751, 35831808, 124125023, 429981696, 1489500287, 5159780352, 17874003451, 61917364224, 214488041413, 743008370688


Powers of sqrt(12) rounded to nearest integer.
1, 3, 12, 42, 144, 499, 1728, 5986, 20736, 71832, 248832, 861979, 2985984, 10343752, 35831808, 124125024, 429981696, 1489500288, 5159780352, 17874003451, 61917364224, 214488041413, 743008370688


Powers of sqrt(12) rounded up.
1, 4, 12, 42, 144, 499, 1728, 5986, 20736, 71832, 248832, 861980, 2985984, 10343752, 35831808, 124125024, 429981696, 1489500288, 5159780352, 17874003452, 61917364224, 214488041414, 743008370688


Powers of sqrt(13) rounded down.
1, 3, 13, 46, 169, 609, 2197, 7921, 28561, 102978, 371293, 1338715, 4826809, 17403307, 62748517, 226242995, 815730721, 2941158941, 10604499373, 38235066239, 137858491849, 497055861119, 1792160394037, 6461726194556


Powers of sqrt(13) rounded to nearest integer.
1, 4, 13, 47, 169, 609, 2197, 7921, 28561, 102978, 371293, 1338716, 4826809, 17403307, 62748517, 226242996, 815730721, 2941158942, 10604499373, 38235066240, 137858491849, 497055861120, 1792160394037


Powers of sqrt(13) rounded up.
1, 4, 13, 47, 169, 610, 2197, 7922, 28561, 102979, 371293, 1338716, 4826809, 17403308, 62748517, 226242996, 815730721, 2941158942, 10604499373, 38235066240, 137858491849, 497055861120, 1792160394037


Powers of sqrt(14) rounded down.
1, 3, 14, 52, 196, 733, 2744, 10267, 38416, 143739, 537824, 2012353, 7529536, 28172943, 105413504, 394421215, 1475789056, 5521897022, 20661046784, 77306558317, 289254654976, 1082291816449, 4049565169664


Powers of sqrt(14) rounded to nearest integer.
1, 4, 14, 52, 196, 733, 2744, 10267, 38416, 143740, 537824, 2012353, 7529536, 28172944, 105413504, 394421216, 1475789056, 5521897023, 20661046784, 77306558318, 289254654976, 1082291816450, 4049565169664


Powers of sqrt(14) rounded up.
1, 4, 14, 53, 196, 734, 2744, 10268, 38416, 143740, 537824, 2012354, 7529536, 28172944, 105413504, 394421216, 1475789056, 5521897023, 20661046784, 77306558318, 289254654976, 1082291816450, 4049565169664


Powers of sqrt(15) rounded down.
1, 3, 15, 58, 225, 871, 3375, 13071, 50625, 196069, 759375, 2941046, 11390625, 44115700, 170859375, 661735513, 2562890625, 9926032708, 38443359375, 148890490631, 576650390625, 2233357359474, 8649755859375


Powers of sqrt(15) rounded to nearest integer.
1, 4, 15, 58, 225, 871, 3375, 13071, 50625, 196070, 759375, 2941047, 11390625, 44115701, 170859375, 661735514, 2562890625, 9926032709, 38443359375, 148890490632, 576650390625, 2233357359475, 8649755859375


Powers of sqrt(15) rounded up.
1, 4, 15, 59, 225, 872, 3375, 13072, 50625, 196070, 759375, 2941047, 11390625, 44115701, 170859375, 661735514, 2562890625, 9926032709, 38443359375, 148890490632, 576650390625, 2233357359475, 8649755859375


Expansion of 1/((1-3x)(1-6x)(1-10x)).
1, 19, 253, 2935, 31861, 333919, 3431773, 34875415, 352106821, 3541203919, 35532912493, 356054541895, 3564898452181, 35675104315519, 356907766700413, 3570018022624375, 35705822403011941, 357092077219868719, 3571123891724603533, 35712457635563794855


Expansion of 1/((1-3x)(1-6x)(1-11x)).
1, 20, 283, 3518, 41209, 468608, 5247271, 58277666, 644406997, 7108612676, 78315612739, 862197157094, 9488521761265, 104399859167624, 1148555174389087, 12635047273900202, 138991162189670413


Expansion of 1/((1-3x)(1-6x)(1-12x)).
1, 21, 315, 4185, 52731, 648081, 7869555, 94992345, 1143260811, 13739265441, 164992058595, 1980630120105, 23771914474491, 285289093487601, 3423625845396435, 41084450500377465, 493019048181297771


Powers of sqrt(17) rounded down.
1, 4, 17, 70, 289, 1191, 4913, 20256, 83521, 344365, 1419857, 5854220, 24137569, 99521746, 410338673, 1691869691, 6975757441, 28761784747, 118587876497, 488950340714, 2015993900449, 8312155792152


Powers of sqrt(17) rounded to nearest integer.
1, 4, 17, 70, 289, 1192, 4913, 20257, 83521, 344366, 1419857, 5854220, 24137569, 99521747, 410338673, 1691869691, 6975757441, 28761784748, 118587876497, 488950340715, 2015993900449, 8312155792152


Powers of sqrt(17) rounded up.
1, 5, 17, 71, 289, 1192, 4913, 20257, 83521, 344366, 1419857, 5854221, 24137569, 99521747, 410338673, 1691869692, 6975757441, 28761784748, 118587876497, 488950340715, 2015993900449, 8312155792153


Powers of sqrt(18) rounded down.
1, 4, 18, 76, 324, 1374, 5832, 24743, 104976, 445375, 1889568, 8016758, 34012224, 144301645, 612220032, 2597429617, 11019960576, 46753733110, 198359290368, 841567195983, 3570467226624, 15148209527700


Powers of sqrt(18) rounded to nearest integer.
1, 4, 18, 76, 324, 1375, 5832, 24743, 104976, 445375, 1889568, 8016758, 34012224, 144301645, 612220032, 2597429617, 11019960576, 46753733110, 198359290368, 841567195983, 3570467226624, 15148209527701


Powers of sqrt(18) rounded up.
1, 5, 18, 77, 324, 1375, 5832, 24744, 104976, 445376, 1889568, 8016759, 34012224, 144301646, 612220032, 2597429618, 11019960576, 46753733111, 198359290368, 841567195984, 3570467226624, 15148209527701


Powers of sqrt(19) rounded down.
1, 4, 19, 82, 361, 1573, 6859, 29897, 130321, 568056, 2476099, 10793065, 47045881, 205068240, 893871739, 3896296578, 16983563041, 74029634996, 322687697779, 1406563064942, 6131066257801, 26724698233906


Powers of sqrt(19) rounded to nearest integer.
1, 4, 19, 83, 361, 1574, 6859, 29898, 130321, 568056, 2476099, 10793065, 47045881, 205068241, 893871739, 3896296579, 16983563041, 74029634997, 322687697779, 1406563064942, 6131066257801, 26724698233907


Powers of sqrt(19) rounded up.
1, 5, 19, 83, 361, 1574, 6859, 29898, 130321, 568057, 2476099, 10793066, 47045881, 205068241, 893871739, 3896296579, 16983563041, 74029634997, 322687697779, 1406563064943, 6131066257801, 26724698233907


Powers of sqrt(20) rounded down.
1, 4, 20, 89, 400, 1788, 8000, 35777, 160000, 715541, 3200000, 14310835, 64000000, 286216701, 1280000000, 5724334022, 25600000000, 114486680447, 512000000000, 2289733608959, 10240000000000, 45794672179195


Powers of sqrt(20) rounded to nearest integer.
1, 4, 20, 89, 400, 1789, 8000, 35777, 160000, 715542, 3200000, 14310835, 64000000, 286216701, 1280000000, 5724334022, 25600000000, 114486680448, 512000000000, 2289733608960, 10240000000000, 45794672179196


Powers of sqrt(20) rounded up.
1, 5, 20, 90, 400, 1789, 8000, 35778, 160000, 715542, 3200000, 14310836, 64000000, 286216702, 1280000000, 5724334023, 25600000000, 114486680448, 512000000000, 2289733608960, 10240000000000, 45794672179196


Powers of sqrt(21) rounded down.
1, 4, 21, 96, 441, 2020, 9261, 42439, 194481, 891223, 4084101, 18715701, 85766121, 393029741, 1801088541, 8253624572, 37822859361, 173326116021, 794280046581, 3639848436450, 16679880978201, 76436817165460


Powers of sqrt(21) rounded to nearest integer.
1, 5, 21, 96, 441, 2021, 9261, 42439, 194481, 891224, 4084101, 18715702, 85766121, 393029742, 1801088541, 8253624572, 37822859361, 173326116021, 794280046581, 3639848436450, 16679880978201, 76436817165460


Powers of sqrt(21) rounded up.
1, 5, 21, 97, 441, 2021, 9261, 42440, 194481, 891224, 4084101, 18715702, 85766121, 393029742, 1801088541, 8253624573, 37822859361, 173326116022, 794280046581, 3639848436451, 16679880978201, 76436817165461


Powers of sqrt(22) rounded down.
1, 4, 22, 103, 484, 2270, 10648, 49943, 234256, 1098758, 5153632, 24172676, 113379904, 531798888, 2494357888, 11699575548, 54875873536, 257390662067, 1207269217792, 5662594565481, 26559922791424


Powers of sqrt(22) rounded to nearest integer.
1, 5, 22, 103, 484, 2270, 10648, 49944, 234256, 1098758, 5153632, 24172677, 113379904, 531798889, 2494357888, 11699575549, 54875873536, 257390662067, 1207269217792, 5662594565481, 26559922791424


Powers of sqrt(22) rounded up.
1, 5, 22, 104, 484, 2271, 10648, 49944, 234256, 1098759, 5153632, 24172677, 113379904, 531798889, 2494357888, 11699575549, 54875873536, 257390662068, 1207269217792, 5662594565482, 26559922791424


Powers of sqrt(23) rounded down.
1, 4, 23, 110, 529, 2536, 12167, 58350, 279841, 1342070, 6436343, 30867616, 148035889, 709955183, 3404825447, 16328969210, 78310985281, 375566291832, 1801152661463, 8638024712142, 41426511213649


Powers of sqrt(23) rounded to nearest integer.
1, 5, 23, 110, 529, 2537, 12167, 58351, 279841, 1342070, 6436343, 30867617, 148035889, 709955183, 3404825447, 16328969210, 78310985281, 375566291832, 1801152661463, 8638024712143, 41426511213649


Powers of sqrt(23) rounded up.
1, 5, 23, 111, 529, 2537, 12167, 58351, 279841, 1342071, 6436343, 30867617, 148035889, 709955184, 3404825447, 16328969211, 78310985281, 375566291833, 1801152661463, 8638024712143, 41426511213649


Powers of sqrt(24) rounded down.
1, 4, 24, 117, 576, 2821, 13824, 67723, 331776, 1625363, 7962624, 39008731, 191102976, 936209559, 4586471424, 22469029417, 110075314176, 539256706015, 2641807540224, 12942160944371, 63403380965376


Powers of sqrt(24) rounded to nearest integer.
1, 5, 24, 118, 576, 2822, 13824, 67723, 331776, 1625364, 7962624, 39008732, 191102976, 936209559, 4586471424, 22469029417, 110075314176, 539256706015, 2641807540224, 12942160944372, 63403380965376


Powers of sqrt(24) rounded up.
1, 5, 24, 118, 576, 2822, 13824, 67724, 331776, 1625364, 7962624, 39008732, 191102976, 936209560, 4586471424, 22469029418, 110075314176, 539256706016, 2641807540224, 12942160944372, 63403380965376


Powers of cube root of 2 rounded down.
1, 1, 1, 2, 2, 3, 4, 5, 6, 8, 10, 12, 16, 20, 25, 32, 40, 50, 64, 80, 101, 128, 161, 203, 256, 322, 406, 512, 645, 812, 1024, 1290, 1625, 2048, 2580, 3250, 4096, 5160, 6501, 8192, 10321, 13003, 16384, 20642, 26007, 32768, 41285, 52015, 65536, 82570, 104031


Powers of cube root of 2 rounded to nearest integer.
1, 1, 2, 2, 3, 3, 4, 5, 6, 8, 10, 13, 16, 20, 25, 32, 40, 51, 64, 81, 102, 128, 161, 203, 256, 323, 406, 512, 645, 813, 1024, 1290, 1625, 2048, 2580, 3251, 4096, 5161, 6502, 8192, 10321, 13004, 16384, 20643, 26008, 32768, 41285, 52016, 65536, 82570, 104032


Powers of cube root of 2 rounded up.
1, 2, 2, 2, 3, 4, 4, 6, 7, 8, 11, 13, 16, 21, 26, 32, 41, 51, 64, 81, 102, 128, 162, 204, 256, 323, 407, 512, 646, 813, 1024, 1291, 1626, 2048, 2581, 3251, 4096, 5161, 6502, 8192, 10322, 13004, 16384, 20643, 26008, 32768, 41286, 52016, 65536, 82571, 104032


Powers of cube root of 3 rounded down.
1, 1, 2, 3, 4, 6, 9, 12, 18, 27, 38, 56, 81, 116, 168, 243, 350, 505, 729, 1051, 1516, 2187, 3154, 4549, 6561, 9462, 13647, 19683, 28387, 40942, 59049, 85163, 122826, 177147, 255490, 368480, 531441, 766470, 1105441, 1594323, 2299411, 3316325, 4782969, 6898234


Powers of cube root of 3 rounded to nearest integer.
1, 1, 2, 3, 4, 6, 9, 13, 19, 27, 39, 56, 81, 117, 168, 243, 350, 505, 729, 1051, 1516, 2187, 3154, 4549, 6561, 9463, 13647, 19683, 28388, 40942, 59049, 85163, 122827, 177147, 255490, 368481, 531441, 766471, 1105442, 1594323, 2299412, 3316325, 4782969, 6898235


Powers of cube root of 3 rounded up.
1, 2, 3, 3, 5, 7, 9, 13, 19, 27, 39, 57, 81, 117, 169, 243, 351, 506, 729, 1052, 1517, 2187, 3155, 4550, 6561, 9463, 13648, 19683, 28388, 40943, 59049, 85164, 122827, 177147, 255491, 368481, 531441, 766471, 1105442, 1594323, 2299412, 3316326, 4782969, 6898235


Powers of cube root of 4 rounded down.
1, 1, 2, 4, 6, 10, 16, 25, 40, 64, 101, 161, 256, 406, 645, 1024, 1625, 2580, 4096, 6501, 10321, 16384, 26007, 41285, 65536, 104031, 165140, 262144, 416127, 660561, 1048576, 1664510, 2642245, 4194304, 6658042, 10568983, 16777216, 26632170, 42275935, 67108864


Powers of cube root of 4 rounded to nearest integer.
1, 2, 3, 4, 6, 10, 16, 25, 40, 64, 102, 161, 256, 406, 645, 1024, 1625, 2580, 4096, 6502, 10321, 16384, 26008, 41285, 65536, 104032, 165140, 262144, 416128, 660561, 1048576, 1664511, 2642246, 4194304, 6658043, 10568984, 16777216, 26632170, 42275935


Powers of cube root of 4 rounded up.
1, 2, 3, 4, 7, 11, 16, 26, 41, 64, 102, 162, 256, 407, 646, 1024, 1626, 2581, 4096, 6502, 10322, 16384, 26008, 41286, 65536, 104032, 165141, 262144, 416128, 660562, 1048576, 1664511, 2642246, 4194304, 6658043, 10568984, 16777216, 26632171, 42275936, 67108864


Powers of cube root of 5 rounded down.
1, 1, 2, 5, 8, 14, 25, 42, 73, 125, 213, 365, 625, 1068, 1827, 3125, 5343, 9137, 15625, 26718, 45687, 78125, 133591, 228438, 390625, 667959, 1142194, 1953125, 3339796, 5710972, 9765625, 16698983, 28554860, 48828125, 83494919, 142774303, 244140625


Powers of cube root of 5 rounded to nearest integer.
1, 2, 3, 5, 9, 15, 25, 43, 73, 125, 214, 366, 625, 1069, 1828, 3125, 5344, 9138, 15625, 26718, 45688, 78125, 133592, 228439, 390625, 667959, 1142194, 1953125, 3339797, 5710972, 9765625, 16698984, 28554861, 48828125, 83494919, 142774304, 244140625, 417474596


Powers of cube root of 5 rounded up.
1, 2, 3, 5, 9, 15, 25, 43, 74, 125, 214, 366, 625, 1069, 1828, 3125, 5344, 9138, 15625, 26719, 45688, 78125, 133592, 228439, 390625, 667960, 1142195, 1953125, 3339797, 5710973, 9765625, 16698984, 28554861, 48828125, 83494920, 142774304, 244140625


Powers of cube root of 6 rounded down.
1, 1, 3, 6, 10, 19, 36, 65, 118, 216, 392, 713, 1296, 2354, 4279, 7776, 14129, 25675, 46656, 84779, 154054, 279936, 508677, 924328, 1679616, 3052064, 5545969, 10077696, 18312388, 33275819, 60466176, 109874333, 199654914, 362797056, 659246001


Powers of cube root of 6 rounded to nearest integer.
1, 2, 3, 6, 11, 20, 36, 65, 119, 216, 392, 713, 1296, 2355, 4279, 7776, 14130, 25676, 46656, 84780, 154055, 279936, 508677, 924328, 1679616, 3052065, 5545970, 10077696, 18312389, 33275819, 60466176, 109874334, 199654914, 362797056, 659246001


Powers of cube root of 6 rounded up.
1, 2, 4, 6, 11, 20, 36, 66, 119, 216, 393, 714, 1296, 2355, 4280, 7776, 14130, 25676, 46656, 84780, 154055, 279936, 508678, 924329, 1679616, 3052065, 5545970, 10077696, 18312389, 33275820, 60466176, 109874334, 199654915, 362797056, 659246002


Powers of cube root of 7 rounded down.
1, 1, 3, 7, 13, 25, 49, 93, 179, 343, 656, 1255, 2401, 4592, 8785, 16807, 32150, 61501, 117649, 225054, 430513, 823543, 1575381, 3013595, 5764801, 11027667, 21095169, 40353607, 77193673, 147666184, 282475249, 540355712, 1033663291, 1977326743, 3782489985


Powers of cube root of 7 rounded to nearest integer.
1, 2, 4, 7, 13, 26, 49, 94, 179, 343, 656, 1255, 2401, 4593, 8786, 16807, 32151, 61502, 117649, 225054, 430514, 823543, 1575381, 3013596, 5764801, 11027668, 21095169, 40353607, 77193673, 147666185, 282475249, 540355712, 1033663292, 1977326743, 3782489985


Powers of cube root of 7 rounded up.
1, 2, 4, 7, 14, 26, 49, 94, 180, 343, 657, 1256, 2401, 4593, 8786, 16807, 32151, 61502, 117649, 225055, 430514, 823543, 1575382, 3013596, 5764801, 11027668, 21095170, 40353607, 77193674, 147666185, 282475249, 540355713, 1033663292, 1977326743, 3782489986


Expansion of 1/((1-3x)(1-7x)(1-8x)).
1, 18, 223, 2364, 23053, 213654, 1914571, 16756128, 144132505, 1223664090, 10283600119, 85728989892, 710053773157, 5849984757726, 47986764852067, 392202340697256, 3195776321789809, 25973313876940962


Expansion of 1/((1-3x)(1-7x)(1-9x)).
1, 19, 250, 2830, 29611, 295729, 2866900, 27241660, 255258421, 2367929839, 21805655950, 199711092490, 1821621686431, 16564149750349, 150264234543400, 1360686332771320, 12304334591153641, 111146114623005259


Expansion of 1/((1-3x)(1-7x)(1-10x)).
1, 20, 279, 3370, 37841, 407640, 4281739, 44256950, 452652981, 4597133860, 46465625999, 468116448930, 4705386343321, 47223418005680, 473421066847059, 4742518890351310, 47483346499724861, 475240568299871100, 4755255406504488919, 47572502130747596090


Powers of cube root of 9 rounded down.
1, 2, 4, 9, 18, 38, 81, 168, 350, 729, 1516, 3154, 6561, 13647, 28387, 59049, 122826, 255490, 531441, 1105441, 2299411, 4782969, 9948976, 20694704, 43046721, 89540787, 186252344, 387420489, 805867091, 1676271101, 3486784401, 7252803826, 15086439912


