Powers of cube root of 9 rounded to nearest integer.
1, 2, 4, 9, 19, 39, 81, 168, 350, 729, 1516, 3154, 6561, 13647, 28388, 59049, 122827, 255490, 531441, 1105442, 2299412, 4782969, 9948976, 20694705, 43046721, 89540788, 186252345, 387420489, 805867092, 1676271101, 3486784401, 7252803827, 15086439912


Powers of cube root of 9 rounded up.
1, 3, 5, 9, 19, 39, 81, 169, 351, 729, 1517, 3155, 6561, 13648, 28388, 59049, 122827, 255491, 531441, 1105442, 2299412, 4782969, 9948977, 20694705, 43046721, 89540788, 186252345, 387420489, 805867092, 1676271102, 3486784401, 7252803827, 15086439913, 31381059609


Powers of cube root of 10 rounded down.
1, 2, 4, 10, 21, 46, 100, 215, 464, 1000, 2154, 4641, 10000, 21544, 46415, 100000, 215443, 464158, 1000000, 2154434, 4641588, 10000000, 21544346, 46415888, 100000000, 215443469, 464158883, 1000000000, 2154434690, 4641588833, 10000000000, 21544346900


Powers of cube root of 10 rounded to nearest integer.
1, 2, 5, 10, 22, 46, 100, 215, 464, 1000, 2154, 4642, 10000, 21544, 46416, 100000, 215443, 464159, 1000000, 2154435, 4641589, 10000000, 21544347, 46415888, 100000000, 215443469, 464158883, 1000000000, 2154434690, 4641588834, 10000000000, 21544346900


Smallest number whose cube has n digits.
1, 3, 5, 10, 22, 47, 100, 216, 465, 1000, 2155, 4642, 10000, 21545, 46416, 100000, 215444, 464159, 1000000, 2154435, 4641589, 10000000, 21544347, 46415889, 100000000, 215443470, 464158884, 1000000000, 2154434691, 4641588834


Powers of cube root of 11 rounded down.
1, 2, 4, 11, 24, 54, 121, 269, 598, 1331, 2960, 6583, 14641, 32561, 72415, 161051, 358174, 796572, 1771561, 3939916, 8762295, 19487171, 43339080, 96385251, 214358881, 476729883, 1060237769, 2357947691, 5244028719, 11662615466, 25937424601, 57684315913


Powers of cube root of 11 rounded to nearest integer.
1, 2, 5, 11, 24, 54, 121, 269, 598, 1331, 2960, 6583, 14641, 32561, 72416, 161051, 358174, 796572, 1771561, 3939916, 8762296, 19487171, 43339080, 96385252, 214358881, 476729884, 1060237770, 2357947691, 5244028719, 11662615466, 25937424601, 57684315913


Powers of cube root of 11 rounded up.
1, 3, 5, 11, 25, 55, 121, 270, 599, 1331, 2961, 6584, 14641, 32562, 72416, 161051, 358175, 796573, 1771561, 3939917, 8762296, 19487171, 43339081, 96385252, 214358881, 476729884, 1060237770, 2357947691, 5244028720, 11662615467, 25937424601


Powers of cube root of 12 rounded down.
1, 2, 5, 12, 27, 62, 144, 329, 754, 1728, 3956, 9057, 20736, 47473, 108687, 248832, 569683, 1304248, 2985984, 6836196, 15650983, 35831808, 82034361, 187811804, 429981696, 984412342, 2253741658, 5159780352, 11812948114, 27044899907, 61917364224


Powers of cube root of 12 rounded to nearest integer.
1, 2, 5, 12, 27, 63, 144, 330, 755, 1728, 3956, 9057, 20736, 47474, 108687, 248832, 569683, 1304249, 2985984, 6836197, 15650984, 35831808, 82034362, 187811805, 429981696, 984412343, 2253741659, 5159780352, 11812948115, 27044899907, 61917364224


Powers of cube root of 12 rounded up.
1, 3, 6, 12, 28, 63, 144, 330, 755, 1728, 3957, 9058, 20736, 47474, 108688, 248832, 569684, 1304249, 2985984, 6836197, 15650984, 35831808, 82034362, 187811805, 429981696, 984412343, 2253741659, 5159780352, 11812948115, 27044899908, 61917364224


Powers of cube root of 13 rounded down.
1, 2, 5, 13, 30, 71, 169, 397, 934, 2197, 5165, 12146, 28561, 67156, 157907, 371293, 873034, 2052795, 4826809, 11349443, 26686340, 62748517, 147542764, 346922420, 815730721, 1918055940, 4509991465, 10604499373, 24934727221, 58629889045, 137858491849


Powers of cube root of 13 rounded to nearest integer.
1, 2, 6, 13, 31, 72, 169, 397, 934, 2197, 5166, 12147, 28561, 67156, 157907, 371293, 873034, 2052795, 4826809, 11349443, 26686340, 62748517, 147542765, 346922420, 815730721, 1918055940, 4509991465, 10604499373, 24934727222, 58629889045


Powers of cube root of 13 rounded up.
1, 3, 6, 13, 31, 72, 169, 398, 935, 2197, 5166, 12147, 28561, 67157, 157908, 371293, 873035, 2052796, 4826809, 11349444, 26686341, 62748517, 147542765, 346922421, 815730721, 1918055941, 4509991466, 10604499373, 24934727222, 58629889046, 137858491849


Powers of cube root of 14 rounded down.
1, 2, 5, 14, 33, 81, 196, 472, 1138, 2744, 6613, 15939, 38416, 92588, 223150, 537824, 1296232, 3124104, 7529536, 18147252, 43737461, 105413504, 254061541, 612324458, 1475789056, 3556861576, 8572542414, 20661046784, 49796062076, 120015593799, 289254654976


Powers of cube root of 14 rounded to nearest integer.
1, 2, 6, 14, 34, 81, 196, 472, 1139, 2744, 6613, 15939, 38416, 92588, 223150, 537824, 1296232, 3124104, 7529536, 18147253, 43737461, 105413504, 254061541, 612324458, 1475789056, 3556861577, 8572542414, 20661046784, 49796062076, 120015593799


Powers of cube root of 14 rounded up.
1, 3, 6, 14, 34, 82, 196, 473, 1139, 2744, 6614, 15940, 38416, 92589, 223151, 537824, 1296233, 3124105, 7529536, 18147253, 43737462, 105413504, 254061542, 612324459, 1475789056, 3556861577, 8572542415, 20661046784, 49796062077, 120015593800, 289254654976


Powers of cube root of 15 rounded down.
1, 2, 6, 15, 36, 91, 225, 554, 1368, 3375, 8323, 20527, 50625, 124851, 307911, 759375, 1872779, 4618672, 11390625, 28091696, 69280082, 170859375, 421375453, 1039201231, 2562890625, 6320631804, 15588018473, 38443359375, 94809477068, 233820277107


Powers of cube root of 15 rounded to nearest integer.
1, 2, 6, 15, 37, 91, 225, 555, 1368, 3375, 8323, 20527, 50625, 124852, 307911, 759375, 1872780, 4618672, 11390625, 28091697, 69280082, 170859375, 421375454, 1039201232, 2562890625, 6320631805, 15588018474, 38443359375, 94809477068, 233820277107


Powers of cube root of 15 rounded up.
1, 3, 7, 15, 37, 92, 225, 555, 1369, 3375, 8324, 20528, 50625, 124852, 307912, 759375, 1872780, 4618673, 11390625, 28091697, 69280083, 170859375, 421375454, 1039201232, 2562890625, 6320631805, 15588018474, 38443359375, 94809477069, 233820277108


Powers of cube root of 16 rounded down.
1, 2, 6, 16, 40, 101, 256, 645, 1625, 4096, 10321, 26007, 65536, 165140, 416127, 1048576, 2642245, 6658042, 16777216, 42275935, 106528681, 268435456, 676414963, 1704458900, 4294967296, 10822639409, 27271342415, 68719476736, 173162230554, 436341478645


Powers of cube root of 16 rounded to nearest integer.
1, 3, 6, 16, 40, 102, 256, 645, 1625, 4096, 10321, 26008, 65536, 165140, 416128, 1048576, 2642246, 6658043, 16777216, 42275935, 106528681, 268435456, 676414963, 1704458901, 4294967296, 10822639410, 27271342415, 68719476736, 173162230555


Powers of cube root of 16 rounded up.
1, 3, 7, 16, 41, 102, 256, 646, 1626, 4096, 10322, 26008, 65536, 165141, 416128, 1048576, 2642246, 6658043, 16777216, 42275936, 106528682, 268435456, 676414964, 1704458901, 4294967296, 10822639410, 27271342416, 68719476736, 173162230555


Powers of cube root of 17 rounded down.
1, 2, 6, 17, 43, 112, 289, 743, 1910, 4913, 12632, 32482, 83521, 214756, 552198, 1419857, 3650852, 9387368, 24137569, 62064486, 159585272, 410338673, 1055096275, 2712949630, 6975757441, 17936636688, 46120143716, 118587876497, 304922823711, 784042443182


Powers of cube root of 17 rounded to nearest integer.
1, 3, 7, 17, 44, 112, 289, 743, 1911, 4913, 12633, 32482, 83521, 214756, 552198, 1419857, 3650852, 9387369, 24137569, 62064487, 159585272, 410338673, 1055096276, 2712949630, 6975757441, 17936636689, 46120143717, 118587876497, 304922823712, 784042443182


Powers of cube root of 17 rounded up.
1, 3, 7, 17, 44, 113, 289, 744, 1911, 4913, 12633, 32483, 83521, 214757, 552199, 1419857, 3650853, 9387369, 24137569, 62064487, 159585273, 410338673, 1055096276, 2712949631, 6975757441, 17936636689, 46120143717, 118587876497, 304922823712


Powers of cube root of 18 rounded down.
1, 2, 6, 18, 47, 123, 324, 849, 2225, 5832, 15284, 40055, 104976, 275114, 721005, 1889568, 4952069, 12978092, 34012224, 89137243, 233605663, 612220032, 1604470380, 4204901941, 11019960576, 28880466844, 75688234942, 198359290368, 519848403193, 1362388228962


Powers of cube root of 18 rounded to nearest integer.
1, 3, 7, 18, 47, 124, 324, 849, 2225, 5832, 15284, 40056, 104976, 275115, 721005, 1889568, 4952069, 12978092, 34012224, 89137243, 233605663, 612220032, 1604470380, 4204901941, 11019960576, 28880466844, 75688234942, 198359290368, 519848403193, 1362388228962


Powers of cube root of 18 rounded up.
1, 3, 7, 18, 48, 124, 324, 850, 2226, 5832, 15285, 40056, 104976, 275115, 721006, 1889568, 4952070, 12978093, 34012224, 89137244, 233605664, 612220032, 1604470381, 4204901942, 11019960576, 28880466845, 75688234943, 198359290368, 519848403194


Powers of cube root of 19 rounded down.
1, 2, 7, 19, 50, 135, 361, 963, 2570, 6859, 18302, 48838, 130321, 347748, 927933, 2476099, 6607226, 17630734, 47045881, 125537306, 334983955, 893871739, 2385208822, 6364695153, 16983563041, 45318967619, 120929207914, 322687697779, 861060384775, 2297654950384


Powers of cube root of 19 rounded to nearest integer.
1, 3, 7, 19, 51, 135, 361, 963, 2570, 6859, 18303, 48839, 130321, 347749, 927933, 2476099, 6607227, 17630734, 47045881, 125537306, 334983955, 893871739, 2385208822, 6364695153, 16983563041, 45318967620, 120929207915, 322687697779, 861060384776, 2297654950385


Powers of cube root of 19 rounded up.
1, 3, 8, 19, 51, 136, 361, 964, 2571, 6859, 18303, 48839, 130321, 347749, 927934, 2476099, 6607227, 17630735, 47045881, 125537307, 334983956, 893871739, 2385208823, 6364695154, 16983563041, 45318967620, 120929207915, 322687697779, 861060384776


Powers of cube root of 20 rounded down.
1, 2, 7, 20, 54, 147, 400, 1085, 2947, 8000, 21715, 58944, 160000, 434306, 1178890, 3200000, 8686136, 23577801, 64000000, 173722727, 471556031, 1280000000, 3474454549, 9431120636, 25600000000, 69489090984, 188622412730, 512000000000, 1389781819696


Powers of cube root of 20 rounded to nearest integer.
1, 3, 7, 20, 54, 147, 400, 1086, 2947, 8000, 21715, 58945, 160000, 434307, 1178890, 3200000, 8686136, 23577802, 64000000, 173722727, 471556032, 1280000000, 3474454549, 9431120637, 25600000000, 69489090985, 188622412730, 512000000000, 1389781819697


Powers of cube root of 20 rounded up.
1, 3, 8, 20, 55, 148, 400, 1086, 2948, 8000, 21716, 58945, 160000, 434307, 1178891, 3200000, 8686137, 23577802, 64000000, 173722728, 471556032, 1280000000, 3474454550, 9431120637, 25600000000, 69489090985, 188622412731, 512000000000, 1389781819697


Powers of cube root of 21 rounded down.
1, 2, 7, 21, 57, 159, 441, 1216, 3356, 9261, 25550, 70491, 194481, 536558, 1480323, 4084101, 11267724, 31086798, 85766121, 236622224, 652822776, 1801088541, 4969066719, 13709278306, 37822859361, 104350401110, 287894844440, 794280046581, 2191358423329


Powers of cube root of 21 rounded to nearest integer.
1, 3, 8, 21, 58, 160, 441, 1217, 3357, 9261, 25550, 70492, 194481, 536558, 1480324, 4084101, 11267725, 31086799, 85766121, 236622225, 652822777, 1801088541, 4969066720, 13709278307, 37822859361, 104350401111, 287894844440, 794280046581, 2191358423329


Powers of cube root of 21 rounded up.
1, 3, 8, 21, 58, 160, 441, 1217, 3357, 9261, 25551, 70492, 194481, 536559, 1480324, 4084101, 11267725, 31086799, 85766121, 236622225, 652822777, 1801088541, 4969066720, 13709278307, 37822859361, 104350401111, 287894844441, 794280046581, 2191358423330


Powers of cube root of 22 rounded down.
1, 2, 7, 22, 61, 172, 484, 1356, 3800, 10648, 29836, 83601, 234256, 656394, 1839243, 5153632, 14440679, 40463352, 113379904, 317694950, 890193745, 2494357888, 6989288906, 19584262410, 54875873536, 153764355951, 430853773030, 1207269217792, 3382815830942


Powers of cube root of 22 rounded to nearest integer.
1, 3, 8, 22, 62, 173, 484, 1356, 3800, 10648, 29836, 83602, 234256, 656395, 1839243, 5153632, 14440680, 40463352, 113379904, 317694950, 890193746, 2494357888, 6989288907, 19584262410, 54875873536, 153764355952, 430853773030, 1207269217792, 3382815830943


Powers of cube root of 22 rounded up.
1, 3, 8, 22, 62, 173, 484, 1357, 3801, 10648, 29837, 83602, 234256, 656395, 1839244, 5153632, 14440680, 40463353, 113379904, 317694951, 890193746, 2494357888, 6989288907, 19584262411, 54875873536, 153764355952, 430853773031, 1207269217792, 3382815830943


Powers of cube root of 23 rounded down.
1, 2, 8, 23, 65, 186, 529, 1504, 4278, 12167, 34601, 98401, 279841, 795830, 2263236, 6436343, 18304103, 52054435, 148035889, 420994376, 1197252006, 3404825447, 9682870660, 27536796142, 78310985281, 222706025200, 633346311281, 1801152661463, 5122238579606


Powers of cube root of 23 rounded to nearest integer.
1, 3, 8, 23, 65, 186, 529, 1504, 4278, 12167, 34601, 98402, 279841, 795831, 2263236, 6436343, 18304103, 52054435, 148035889, 420994377, 1197252006, 3404825447, 9682870661, 27536796143, 78310985281, 222706025200, 633346311281, 1801152661463, 5122238579606


Powers of cube root of 23 rounded up.
1, 3, 9, 23, 66, 187, 529, 1505, 4279, 12167, 34602, 98402, 279841, 795831, 2263237, 6436343, 18304104, 52054436, 148035889, 420994377, 1197252007, 3404825447, 9682870661, 27536796143, 78310985281, 222706025201, 633346311282, 1801152661463, 5122238579607


Powers of cube root of 24 rounded down.
1, 2, 8, 24, 69, 199, 576, 1661, 4792, 13824, 39875, 115020, 331776, 957007, 2760487, 7962624, 22968182, 66251701, 191102976, 551236370, 1590040835, 4586471424, 13229672880, 38160980055, 110075314176, 317512149143, 915863521339, 2641807540224, 7620291579445


Powers of cube root of 24 rounded to nearest integer.
1, 3, 8, 24, 69, 200, 576, 1661, 4793, 13824, 39875, 115020, 331776, 957008, 2760488, 7962624, 22968182, 66251701, 191102976, 551236370, 1590040836, 4586471424, 13229672881, 38160980056, 110075314176, 317512149144, 915863521339, 2641807540224, 7620291579446


Powers of cube root of 24 rounded up.
1, 3, 9, 24, 70, 200, 576, 1662, 4793, 13824, 39876, 115021, 331776, 957008, 2760488, 7962624, 22968183, 66251702, 191102976, 551236371, 1590040836, 4586471424, 13229672881, 38160980056, 110075314176, 317512149144, 915863521340, 2641807540224, 7620291579446


Powers of fourth root of 2 rounded down.
1, 1, 1, 1, 2, 2, 2, 3, 4, 4, 5, 6, 8, 9, 11, 13, 16, 19, 22, 26, 32, 38, 45, 53, 64, 76, 90, 107, 128, 152, 181, 215, 256, 304, 362, 430, 512, 608, 724, 861, 1024, 1217, 1448, 1722, 2048, 2435, 2896, 3444, 4096, 4870


Powers of fourth root of 2 rounded to nearest integer.
1, 1, 1, 2, 2, 2, 3, 3, 4, 5, 6, 7, 8, 10, 11, 13, 16, 19, 23, 27, 32, 38, 45, 54, 64, 76, 91, 108, 128, 152, 181, 215, 256, 304, 362, 431, 512, 609, 724, 861, 1024, 1218, 1448, 1722, 2048, 2435, 2896, 3444, 4096, 4871


Powers of fourth root of 2 rounded up.
1, 2, 2, 2, 2, 3, 3, 4, 4, 5, 6, 7, 8, 10, 12, 14, 16, 20, 23, 27, 32, 39, 46, 54, 64, 77, 91, 108, 128, 153, 182, 216, 256, 305, 363, 431, 512, 609, 725, 862, 1024, 1218, 1449, 1723, 2048, 2436, 2897, 3445, 4096, 4871


Powers of fourth root of 3 rounded down.
1, 1, 1, 2, 3, 3, 5, 6, 9, 11, 15, 20, 27, 35, 46, 61, 81, 106, 140, 184, 243, 319, 420, 553, 729, 959, 1262, 1661, 2187, 2878, 3787, 4985, 6561, 8634, 11363, 14955, 19683, 25904, 34091, 44867, 59049, 77712


Powers of fourth root of 3 rounded to nearest integer.
1, 1, 2, 2, 3, 4, 5, 7, 9, 12, 16, 21, 27, 36, 47, 62, 81, 107, 140, 185, 243, 320, 421, 554, 729, 959, 1263, 1662, 2187, 2878, 3788, 4985, 6561, 8635, 11364, 14956, 19683, 25904, 34092, 44868, 59049, 77713


Powers of fourth root of 3 rounded up.
1, 2, 2, 3, 3, 4, 6, 7, 9, 12, 16, 21, 27, 36, 47, 62, 81, 107, 141, 185, 243, 320, 421, 554, 729, 960, 1263, 1662, 2187, 2879, 3788, 4986, 6561, 8635, 11364, 14956, 19683, 25905, 34092, 44868, 59049, 77713


Expansion of 1/((1-3*x)*(1-7*x)*(1-11*x)).
1, 21, 310, 3990, 48031, 557571, 6338620, 71164380, 792891661, 8792412321, 97210822930, 1072779241170, 11824793506891, 130242283148271, 1433852001421240, 15780680237514360, 173645640208869721, 1910509145600189421, 21018450325107861550, 231222901641889183950


Expansion of 1/((1-3*x)*(1-7*x)*(1-12*x)).
1, 22, 343, 4696, 60493, 755146, 9267091, 112644652, 1361819305, 16412435710, 197443515919, 2372782379968, 28497610413637, 342140879536114, 4106877441223627, 49290837516564244, 591548207794982689


Expansion of 1/((1-3*x)*(1-8*x)*(1-9*x)).
1, 20, 277, 3296, 36169, 377804, 3819229, 37727192, 366384337, 3512195588, 33327711781, 313693195088, 2933189599705, 27278314742972, 252541704234733, 2329170324845384, 21412892860517473, 196318915369069556


Powers of fourth root of 5 rounded down.
1, 1, 2, 3, 5, 7, 11, 16, 25, 37, 55, 83, 125, 186, 279, 417, 625, 934, 1397, 2089, 3125, 4672, 6987, 10449, 15625, 23364, 34938, 52245, 78125, 116824, 174692, 261226, 390625, 584120, 873464, 1306133, 1953125, 2920603, 4367320, 6530667, 9765625


Powers of fourth root of 5 rounded to nearest integer.
1, 1, 2, 3, 5, 7, 11, 17, 25, 37, 56, 84, 125, 187, 280, 418, 625, 935, 1398, 2090, 3125, 4673, 6988, 10449, 15625, 23365, 34939, 52245, 78125, 116824, 174693, 261227, 390625, 584121, 873464, 1306133


Powers of fourth root of 5 rounded up.
1, 2, 3, 4, 5, 8, 12, 17, 25, 38, 56, 84, 125, 187, 280, 418, 625, 935, 1398, 2090, 3125, 4673, 6988, 10450, 15625, 23365, 34939, 52246, 78125, 116825, 174693, 261227, 390625, 584121, 873465, 1306134


Powers of fourth root of 6 rounded down.
1, 1, 2, 3, 6, 9, 14, 23, 36, 56, 88, 138, 216, 338, 529, 828, 1296, 2028, 3174, 4968, 7776, 12170, 19047, 29810, 46656, 73020, 114283, 178863, 279936, 438123, 685700, 1073179, 1679616, 2628741, 4114202, 6439074, 10077696, 15772446, 24685212, 38634446


Powers of fourth root of 6 rounded to nearest integer.
1, 2, 2, 4, 6, 9, 15, 23, 36, 56, 88, 138, 216, 338, 529, 828, 1296, 2028, 3175, 4968, 7776, 12170, 19047, 29811, 46656, 73021, 114283, 178863, 279936, 438124, 685700, 1073179, 1679616, 2628741, 4114202, 6439074


Powers of fourth root of 6 rounded up.
1, 2, 3, 4, 6, 10, 15, 24, 36, 57, 89, 139, 216, 339, 530, 829, 1296, 2029, 3175, 4969, 7776, 12171, 19048, 29811, 46656, 73021, 114284, 178864, 279936, 438124, 685701, 1073180, 1679616, 2628742, 4114203, 6439075


Powers of fourth root of 7 rounded down.
1, 1, 2, 4, 7, 11, 18, 30, 49, 79, 129, 210, 343, 557, 907, 1476, 2401, 3905, 6352, 10332, 16807, 27337, 44467, 72329, 117649, 191365, 311269, 506304, 823543, 1339555, 2178889, 3544131, 5764801, 9376890


Powers of fourth root of 7 rounded to nearest integer.
1, 2, 3, 4, 7, 11, 19, 30, 49, 80, 130, 211, 343, 558, 907, 1476, 2401, 3905, 6352, 10333, 16807, 27338, 44467, 72329, 117649, 191365, 311270, 506304, 823543, 1339556, 2178890, 3544131, 5764801, 9376890


Powers of fourth root of 7 rounded up.
1, 2, 3, 5, 7, 12, 19, 31, 49, 80, 130, 211, 343, 558, 908, 1477, 2401, 3906, 6353, 10333, 16807, 27338, 44468, 72330, 117649, 191366, 311270, 506305, 823543, 1339556, 2178890, 3544132, 5764801, 9376891


Powers of fourth root of 8 rounded down.
1, 1, 2, 4, 8, 13, 22, 38, 64, 107, 181, 304, 512, 861, 1448, 2435, 4096, 6888, 11585, 19483, 32768, 55108, 92681, 155871, 262144, 440871, 741455, 1246974, 2097152, 3526975, 5931641, 9975792, 16777216


Powers of fourth root of 8 rounded to nearest integer.
1, 2, 3, 5, 8, 13, 23, 38, 64, 108, 181, 304, 512, 861, 1448, 2435, 4096, 6889, 11585, 19484, 32768, 55109, 92682, 155872, 262144, 440872, 741455, 1246974, 2097152, 3526975, 5931642, 9975792, 16777216


Powers of fourth root of 8 rounded up.
1, 2, 3, 5, 8, 14, 23, 39, 64, 108, 182, 305, 512, 862, 1449, 2436, 4096, 6889, 11586, 19484, 32768, 55109, 92682, 155872, 262144, 440872, 741456, 1246975, 2097152, 3526976, 5931642, 9975793, 16777216


Expansion of 1/((1-3x)(1-8x)(1-10x)).
1, 21, 307, 3873, 45235, 504633, 5465323, 58007361, 606913219, 6283868745, 64556638939, 659310178449, 6703052628403, 67910134629657, 686138217844555, 6917677165178337, 69627131588692387, 699874195511336169


Expansion of 1/((1-3x)(1-8x)(1-11x)).
1, 22, 339, 4532, 56357, 672210, 7813303, 89300464, 1009144713, 11315328398, 126186563867, 1401795991596, 15529706751469, 171706382611786, 1895807080277631, 20910172869786728, 230462261504563025


Expansion of 1/((1-3x)(1-8x)(1-12x)).
1, 23, 373, 5279, 69853, 890519, 11105221, 136616783, 1666241005, 20209628615, 244233494869, 2944545727487, 35444499573757, 426213603230711, 5121600110316517, 61515496310530991, 738636315663280909


Powers of fourth root of 10 rounded down.
1, 1, 3, 5, 10, 17, 31, 56, 100, 177, 316, 562, 1000, 1778, 3162, 5623, 10000, 17782, 31622, 56234, 100000, 177827, 316227, 562341, 1000000, 1778279, 3162277, 5623413, 10000000, 17782794, 31622776, 56234132, 100000000, 177827941, 316227766, 562341325, 1000000000, 1778279410


Powers of fourth root of 10 rounded to nearest integer.
1, 2, 3, 6, 10, 18, 32, 56, 100, 178, 316, 562, 1000, 1778, 3162, 5623, 10000, 17783, 31623, 56234, 100000, 177828, 316228, 562341, 1000000, 1778279, 3162278, 5623413, 10000000, 17782794, 31622777, 56234133


Powers of fourth root of 10 rounded up.
1, 2, 4, 6, 10, 18, 32, 57, 100, 178, 317, 563, 1000, 1779, 3163, 5624, 10000, 17783, 31623, 56235, 100000, 177828, 316228, 562342, 1000000, 1778280, 3162278, 5623414, 10000000, 17782795, 31622777, 56234133


Powers of fourth root of 11 rounded down.
1, 1, 3, 6, 11, 20, 36, 66, 121, 220, 401, 730, 1331, 2423, 4414, 8039, 14641, 26663, 48558, 88433, 161051, 293299, 534145, 972765, 1771561, 3226296, 5875603, 10700415, 19487171, 35489261, 64631634, 117704565


Powers of fourth root of 11 rounded to nearest integer.
1, 2, 3, 6, 11, 20, 36, 66, 121, 220, 401, 731, 1331, 2424, 4414, 8039, 14641, 26664, 48559, 88433, 161051, 293300, 534146, 972765, 1771561, 3226297, 5875603, 10700415, 19487171, 35489262, 64631634, 117704566


Powers of fourth root of 11 rounded up.
1, 2, 4, 7, 11, 21, 37, 67, 121, 221, 402, 731, 1331, 2424, 4415, 8040, 14641, 26664, 48559, 88434, 161051, 293300, 534146, 972766, 1771561, 3226297, 5875604, 10700416, 19487171, 35489262, 64631635, 117704566


Powers of fourth root of 12 rounded down.
1, 1, 3, 6, 12, 22, 41, 77, 144, 268, 498, 928, 1728, 3216, 5985, 11141, 20736, 38594, 71831, 133693, 248832, 463128, 861979, 1604324, 2985984, 5557542, 10343751, 19251891, 35831808, 66690509, 124125023


Powers of fourth root of 12 rounded to nearest integer.
1, 2, 3, 6, 12, 22, 42, 77, 144, 268, 499, 928, 1728, 3216, 5986, 11141, 20736, 38594, 71832, 133694, 248832, 463129, 861979, 1604324, 2985984, 5557542, 10343752, 19251892, 35831808, 66690509, 124125024


Powers of fourth root of 12 rounded up.
1, 2, 4, 7, 12, 23, 42, 78, 144, 269, 499, 929, 1728, 3217, 5986, 11142, 20736, 38595, 71832, 133694, 248832, 463129, 861980, 1604325, 2985984, 5557543, 10343752, 19251892, 35831808, 66690510, 124125024


Powers of fourth root of 13 rounded down.
1, 1, 3, 6, 13, 24, 46, 89, 169, 320, 609, 1157, 2197, 4171, 7921, 15041, 28561, 54232, 102978, 195537, 371293, 705021, 1338715, 2541992, 4826809, 9165284, 17403307, 33045903, 62748517, 119148698, 226242995


Powers of fourth root of 13 rounded to nearest integer.
1, 2, 4, 7, 13, 25, 47, 89, 169, 321, 609, 1157, 2197, 4172, 7921, 15041, 28561, 54232, 102978, 195538, 371293, 705022, 1338716, 2541993, 4826809, 9165285, 17403307, 33045903, 62748517, 119148699, 226242996, 429596743, 815730721, 1548933086, 2941158942, 5584757663


Powers of fourth root of 13 rounded up.
1, 2, 4, 7, 13, 25, 47, 90, 169, 321, 610, 1158, 2197, 4172, 7922, 15042, 28561, 54233, 102979, 195538, 371293, 705022, 1338716, 2541993, 4826809, 9165285, 17403308, 33045904, 62748517, 119148699, 226242996


Powers of fourth root of 14 rounded down.
1, 1, 3, 7, 14, 27, 52, 101, 196, 379, 733, 1418, 2744, 5307, 10267, 19860, 38416, 74309, 143739, 278040, 537824, 1040332, 2012353, 3892567, 7529536, 14564655, 28172943, 54495951, 105413504, 203905179


Powers of fourth root of 14 rounded to nearest integer.
1, 2, 4, 7, 14, 27, 52, 101, 196, 379, 733, 1419, 2744, 5308, 10267, 19860, 38416, 74309, 143740, 278041, 537824, 1040333, 2012353, 3892568, 7529536, 14564656, 28172944, 54495952, 105413504, 203905180


Powers of fourth root of 14 rounded up.
1, 2, 4, 8, 14, 28, 53, 102, 196, 380, 734, 1419, 2744, 5308, 10268, 19861, 38416, 74310, 143740, 278041, 537824, 1040333, 2012354, 3892568, 7529536, 14564656, 28172944, 54495952, 105413504, 203905180


Powers of fourth root of 15 rounded down.
1, 1, 3, 7, 15, 29, 58, 114, 225, 442, 871, 1714, 3375, 6641, 13071, 25724, 50625, 99629, 196069, 385863, 759375, 1494442, 2941046, 5787949, 11390625, 22416632, 44115700, 86819243, 170859375


Powers of fourth root of 15 rounded to nearest integer.
1, 2, 4, 8, 15, 30, 58, 114, 225, 443, 871, 1715, 3375, 6642, 13071, 25724, 50625, 99629, 196070, 385863, 759375, 1494442, 2941047, 5787950, 11390625, 22416632, 44115701, 86819244, 170859375


Powers of fourth root of 15 rounded up.
1, 2, 4, 8, 15, 30, 59, 115, 225, 443, 872, 1715, 3375, 6642, 13072, 25725, 50625, 99630, 196070, 385864, 759375, 1494443, 2941047, 5787950, 11390625, 22416633, 44115701, 86819244, 170859375


Expansion of 1/((1-3x)(1-9x)(1-10x)).
1, 22, 337, 4450, 54301, 631462, 7111417, 78287530, 847442101, 9055541902, 95785566097, 1004927161810, 10472915657101, 108541954516342, 1119734731454377, 11506184005511290, 117841370316867301


Expansion of 1/((1-3x)(1-9x)(1-11x)).
1, 23, 370, 5150, 66451, 819413, 9810340, 115087100, 1330524901, 15216894803, 172615989910, 1945847389850, 21827965327351, 243920416546193, 2717439768299080, 30200674142257400, 334986945826585801


Expansion of 1/((1-3*x)*(1-9*x)*(1-12*x)).
1, 24, 405, 5940, 81081, 1061424, 13533885, 169579980, 2099526561, 25775439624, 314535422565, 3821496571620, 46281602898441, 559192032726624, 6744619579010445, 81244271639092860, 977710789930868721


Powers of fourth root of 17 rounded down.
1, 2, 4, 8, 17, 34, 70, 142, 289, 586, 1191, 2419, 4913, 9976, 20256, 41132, 83521, 169592, 344365, 699249, 1419857, 2883080, 5854220, 11887247, 24137569, 49012376, 99521746, 202083204, 410338673


Powers of fourth root of 17 rounded to nearest integer.
1, 2, 4, 8, 17, 35, 70, 142, 289, 587, 1192, 2420, 4913, 9976, 20257, 41132, 83521, 169593, 344366, 699250, 1419857, 2883081, 5854220, 11887247, 24137569, 49012376, 99521747, 202083204, 410338673, 833210396, 1691869691, 3435414471, 6975757441


Powers of fourth root of 17 rounded up.
1, 3, 5, 9, 17, 35, 71, 143, 289, 587, 1192, 2420, 4913, 9977, 20257, 41133, 83521, 169593, 344366, 699250, 1419857, 2883081, 5854221, 11887248, 24137569, 49012377, 99521747, 202083205, 410338673


Powers of fourth root of 18 rounded down.
1, 2, 4, 8, 18, 37, 76, 157, 324, 667, 1374, 2831, 5832, 12012, 24743, 50964, 104976, 216226, 445375, 917369, 1889568, 3892070, 8016758, 16512654, 34012224, 70057261, 144301645, 297227788, 612220032


Powers of fourth root of 18 rounded to nearest integer.
1, 2, 4, 9, 18, 37, 76, 157, 324, 667, 1375, 2831, 5832, 12013, 24743, 50965, 104976, 216226, 445375, 917370, 1889568, 3892070, 8016758, 16512655, 34012224, 70057261, 144301645, 297227788, 612220032


Powers of fourth root of 18 rounded up.
1, 3, 5, 9, 18, 38, 77, 158, 324, 668, 1375, 2832, 5832, 12013, 24744, 50965, 104976, 216227, 445376, 917370, 1889568, 3892071, 8016759, 16512655, 34012224, 70057262, 144301646, 297227789, 612220032


Powers of fourth root of 19 rounded down.
1, 2, 4, 9, 19, 39, 82, 172, 361, 753, 1573, 3285, 6859, 14320, 29897, 62420, 130321, 272083, 568056, 1185986, 2476099, 5169593, 10793065, 22533736, 47045881, 98222278, 205068240, 428140987, 893871739


Powers of fourth root of 19 rounded to nearest integer.
1, 2, 4, 9, 19, 40, 83, 173, 361, 754, 1574, 3285, 6859, 14320, 29898, 62420, 130321, 272084, 568056, 1185986, 2476099, 5169594, 10793065, 22533736, 47045881, 98222279, 205068241, 428140988, 893871739


Powers of fourth root of 19 rounded up.
1, 3, 5, 10, 19, 40, 83, 173, 361, 754, 1574, 3286, 6859, 14321, 29898, 62421, 130321, 272084, 568057, 1185987, 2476099, 5169594, 10793066, 22533737, 47045881, 98222279, 205068241, 428140988, 893871739


Powers of fourth root of 20 rounded down.
1, 2, 4, 9, 20, 42, 89, 189, 400, 845, 1788, 3782, 8000, 16917, 35777, 75659, 160000, 338358, 715541, 1513186, 3200000, 6767176, 14310835, 30263731, 64000000, 135343521, 286216701, 605274629, 1280000000


Powers of fourth root of 20 rounded to nearest integer.
1, 2, 4, 9, 20, 42, 89, 189, 400, 846, 1789, 3783, 8000, 16918, 35777, 75659, 160000, 338359, 715542, 1513187, 3200000, 6767176, 14310835, 30263731, 64000000, 135343522, 286216701, 605274630, 1280000000


Powers of fourth root of 20 rounded up.
1, 3, 5, 10, 20, 43, 90, 190, 400, 846, 1789, 3783, 8000, 16918, 35778, 75660, 160000, 338359, 715542, 1513187, 3200000, 6767177, 14310836, 30263732, 64000000, 135343522, 286216702, 605274630, 1280000000


Powers of fourth root of 21 rounded down.
1, 2, 4, 9, 21, 44, 96, 206, 441, 944, 2020, 4326, 9261, 19824, 42439, 90849, 194481, 416324, 891223, 1907838, 4084101, 8742815, 18715701, 40064612, 85766121, 183599118, 393029741, 841356858, 1801088541, 3855581491, 8253624572, 17668494033, 37822859361


Powers of fourth root of 21 rounded to nearest integer.
1, 2, 5, 10, 21, 45, 96, 206, 441, 944, 2021, 4326, 9261, 19825, 42439, 90849, 194481, 416325, 891224, 1907839, 4084101, 8742815, 18715702, 40064612, 85766121, 183599119, 393029742, 841356859, 1801088541


Powers of fourth root of 21 rounded up.
1, 3, 5, 10, 21, 45, 97, 207, 441, 945, 2021, 4327, 9261, 19825, 42440, 90850, 194481, 416325, 891224, 1907839, 4084101, 8742816, 18715702, 40064613, 85766121, 183599119, 393029742, 841356859, 1801088541


Powers of fourth root of 22 rounded down.
1, 2, 4, 10, 22, 47, 103, 223, 484, 1048, 2270, 4916, 10648, 23060, 49943, 108164, 234256, 507336, 1098758, 2379620, 5153632, 11161410, 24172676, 52351654, 113379904, 245551027, 531798888, 1151736407


Powers of fourth root of 22 rounded to nearest integer.
1, 2, 5, 10, 22, 48, 103, 223, 484, 1048, 2270, 4917, 10648, 23061, 49944, 108165, 234256, 507337, 1098758, 2379621, 5153632, 11161410, 24172677, 52351655, 113379904, 245551027, 531798889, 1151736408


Powers of fourth root of 22 rounded up.
1, 3, 5, 11, 22, 48, 104, 224, 484, 1049, 2271, 4917, 10648, 23061, 49944, 108165, 234256, 507337, 1098759, 2379621, 5153632, 11161411, 24172677, 52351655, 113379904, 245551028, 531798889, 1151736408


Powers of fourth root of 23 rounded down.
1, 2, 4, 10, 23, 50, 110, 241, 529, 1158, 2536, 5555, 12167, 26644, 58350, 127784, 279841, 612834, 1342070, 2939051, 6436343, 14095196, 30867616, 67598188, 148035889, 324189522, 709955183, 1554758332


Powers of fourth root of 23 rounded to nearest integer.
1, 2, 5, 11, 23, 50, 110, 242, 529, 1158, 2537, 5556, 12167, 26645, 58351, 127785, 279841, 612835, 1342070, 2939052, 6436343, 14095197, 30867617, 67598188, 148035889, 324189523, 709955183, 1554758333


Powers of fourth root of 23 rounded up.
1, 3, 5, 11, 23, 51, 111, 242, 529, 1159, 2537, 5556, 12167, 26645, 58351, 127785, 279841, 612835, 1342071, 2939052, 6436343, 14095197, 30867617, 67598189, 148035889, 324189523, 709955184, 1554758333


Powers of fourth root of 24 rounded down.
1, 2, 4, 10, 24, 53, 117, 260, 576, 1274, 2821, 6245, 13824, 30597, 67723, 149896, 331776, 734341, 1625363, 3597521, 7962624, 17624184, 39008731, 86340516, 191102976, 422980416, 936209559, 2072172384


Powers of fourth root of 24 rounded to nearest integer.
1, 2, 5, 11, 24, 53, 118, 260, 576, 1275, 2822, 6246, 13824, 30598, 67723, 149897, 331776, 734341, 1625364, 3597522, 7962624, 17624184, 39008732, 86340516, 191102976, 422980417, 936209559, 2072172384


Powers of fourth root of 24 rounded up.
1, 3, 5, 11, 24, 54, 118, 261, 576, 1275, 2822, 6246, 13824, 30598, 67724, 149897, 331776, 734342, 1625364, 3597522, 7962624, 17624185, 39008732, 86340517, 191102976, 422980417, 936209560, 2072172385


Powers of fifth root of 2 rounded down.
1, 1, 1, 1, 1, 2, 2, 2, 3, 3, 4, 4, 5, 6, 6, 8, 9, 10, 12, 13, 16, 18, 21, 24, 27, 32, 36, 42, 48, 55, 64, 73, 84, 97, 111, 128, 147, 168, 194, 222, 256, 294, 337, 388, 445, 512, 588, 675, 776, 891, 1024, 1176, 1351


Powers of fifth root of 2 rounded to nearest integer.
1, 1, 1, 2, 2, 2, 2, 3, 3, 3, 4, 5, 5, 6, 7, 8, 9, 11, 12, 14, 16, 18, 21, 24, 28, 32, 37, 42, 49, 56, 64, 74, 84, 97, 111, 128, 147, 169, 194, 223, 256, 294, 338, 388, 446, 512, 588, 676, 776, 891, 1024, 1176, 1351


Powers of fifth root of 2 rounded up.
1, 2, 2, 2, 2, 2, 3, 3, 4, 4, 4, 5, 6, 7, 7, 8, 10, 11, 13, 14, 16, 19, 22, 25, 28, 32, 37, 43, 49, 56, 64, 74, 85, 98, 112, 128, 148, 169, 195, 223, 256, 295, 338, 389, 446, 512, 589, 676, 777, 892, 1024, 1177, 1352


Powers of fifth root of 3 rounded down.
1, 1, 1, 1, 2, 3, 3, 4, 5, 7, 9, 11, 13, 17, 21, 27, 33, 41, 52, 65, 81, 100, 125, 156, 195, 243, 302, 377, 469, 585, 729, 908, 1131, 1409, 1755, 2187, 2724, 3393, 4227, 5266, 6561, 8173, 10181, 12683, 15800, 19683


Powers of fifth root of 3 rounded to nearest integer.
1, 1, 2, 2, 2, 3, 4, 5, 6, 7, 9, 11, 14, 17, 22, 27, 34, 42, 52, 65, 81, 101, 126, 157, 195, 243, 303, 377, 470, 585, 729, 908, 1131, 1409, 1756, 2187, 2724, 3394, 4228, 5267, 6561, 8173, 10182, 12684, 15800, 19683


Powers of fifth root of 3 rounded up.
1, 2, 2, 2, 3, 3, 4, 5, 6, 8, 9, 12, 14, 18, 22, 27, 34, 42, 53, 66, 81, 101, 126, 157, 196, 243, 303, 378, 470, 586, 729, 909, 1132, 1410, 1756, 2187, 2725, 3394, 4228, 5267, 6561, 8174, 10182, 12684, 15801, 19683


Powers of fifth root of 4 rounded down.
1, 1, 1, 2, 3, 4, 5, 6, 9, 12, 16, 21, 27, 36, 48, 64, 84, 111, 147, 194, 256, 337, 445, 588, 776, 1024, 1351, 1782, 2352, 3104, 4096, 5404, 7131, 9410, 12416, 16384, 21618, 28526, 37640, 49667, 65536, 86475


Powers of fifth root of 4 rounded to nearest integer.
1, 1, 2, 2, 3, 4, 5, 7, 9, 12, 16, 21, 28, 37, 49, 64, 84, 111, 147, 194, 256, 338, 446, 588, 776, 1024, 1351, 1783, 2353, 3104, 4096, 5405, 7132, 9410, 12417, 16384, 21619, 28526, 37641, 49667, 65536, 86475


Powers of fifth root of 4 rounded up.
1, 2, 2, 3, 4, 4, 6, 7, 10, 13, 16, 22, 28, 37, 49, 64, 85, 112, 148, 195, 256, 338, 446, 589, 777, 1024, 1352, 1783, 2353, 3105, 4096, 5405, 7132, 9411, 12417, 16384, 21619, 28527, 37641, 49668, 65536, 86476


Powers of fifth root of 5 rounded down.
1, 1, 1, 2, 3, 5, 6, 9, 13, 18, 25, 34, 47, 65, 90, 125, 172, 237, 328, 452, 625, 862, 1189, 1641, 2264, 3125, 4311, 5948, 8207, 11324, 15625, 21558, 29744, 41039, 56623, 78125, 107791, 148722, 205197, 283117


Powers of fifth root of 5 rounded to nearest integer.
1, 1, 2, 3, 4, 5, 7, 10, 13, 18, 25, 34, 48, 66, 91, 125, 172, 238, 328, 453, 625, 862, 1190, 1642, 2265, 3125, 4312, 5949, 8208, 11325, 15625, 21558, 29745, 41039, 56623, 78125, 107791, 148723, 205197, 283117


Powers of fifth root of 5 rounded up.
1, 2, 2, 3, 4, 5, 7, 10, 14, 19, 25, 35, 48, 66, 91, 125, 173, 238, 329, 453, 625, 863, 1190, 1642, 2265, 3125, 4312, 5949, 8208, 11325, 15625, 21559, 29745, 41040, 56624, 78125, 107792, 148723, 205198, 283118


Powers of fifth root of 6 rounded down.
1, 1, 2, 2, 4, 6, 8, 12, 17, 25, 36, 51, 73, 105, 150, 216, 309, 442, 632, 905, 1296, 1854, 2653, 3797, 5434, 7776, 11127, 15922, 22784, 32604, 46656, 66763, 95536, 136709, 195626, 279936, 400579, 573217, 820256


Powers of fifth root of 6 rounded to nearest integer.
1, 1, 2, 3, 4, 6, 9, 12, 18, 25, 36, 52, 74, 105, 151, 216, 309, 442, 633, 906, 1296, 1855, 2654, 3797, 5434, 7776, 11127, 15923, 22785, 32604, 46656, 66763, 95536, 136709, 195627, 279936, 400580, 573217, 820256


Powers of fifth root of 6 rounded up.
1, 2, 3, 3, 5, 6, 9, 13, 18, 26, 36, 52, 74, 106, 151, 216, 310, 443, 633, 906, 1296, 1855, 2654, 3798, 5435, 7776, 11128, 15923, 22785, 32605, 46656, 66764, 95537, 136710, 195627, 279936, 400580, 573218, 820257


Powers of fifth root of 7 rounded down.
1, 1, 2, 3, 4, 7, 10, 15, 22, 33, 49, 72, 106, 157, 232, 343, 506, 747, 1102, 1626, 2401, 3543, 5229, 7717, 11388, 16807, 24803, 36604, 54019, 79720, 117649, 173623, 256228, 378135, 558041, 823543


Powers of fifth root of 7 rounded to nearest integer.
1, 1, 2, 3, 5, 7, 10, 15, 22, 33, 49, 72, 107, 157, 232, 343, 506, 747, 1102, 1627, 2401, 3543, 5229, 7717, 11389, 16807, 24803, 36604, 54019, 79720, 117649, 173623, 256229, 378135, 558042, 823543


Powers of fifth root of 7 rounded up.
1, 2, 3, 4, 5, 7, 11, 16, 23, 34, 49, 73, 107, 158, 233, 343, 507, 748, 1103, 1627, 2401, 3544, 5230, 7718, 11389, 16807, 24804, 36605, 54020, 79721, 117649, 173624, 256229, 378136, 558042, 823543


Powers of fifth root of 8 rounded down.
1, 1, 2, 3, 5, 8, 12, 18, 27, 42, 64, 97, 147, 222, 337, 512, 776, 1176, 1782, 2702, 4096, 6208, 9410, 14263, 21618, 32768, 49667, 75281, 114104, 172950, 262144, 397336, 602248, 912838, 1383604, 2097152


