Divisors of 18.
1, 2, 3, 6, 9, 18


The nonprime numbers (1 together with the composite numbers, <a href="/A002808" title="The composite numbers: numbers n of the form x*y for x &gt; 1 and y &gt; 1.">A002808</a>).
1, 4, 6, 8, 9, 10, 12, 14, 15, 16, 18, 20, 21, 22, 24, 25, 26, 27, 28, 30, 32, 33, 34, 35, 36, 38, 39, 40, 42, 44, 45, 46, 48, 49, 50, 51, 52, 54, 55, 56, 57, 58, 60, 62, 63, 64, 65, 66, 68, 69, 70, 72, 74, 75, 76, 77, 78, 80, 81, 82, 84, 85, 86, 87, 88


Divisors of 24.
1, 2, 3, 4, 6, 8, 12, 24


Divisors of 28.
1, 2, 4, 7, 14, 28


Divisors of 30.
1, 2, 3, 5, 6, 10, 15, 30


Divisors of 36.
1, 2, 3, 4, 6, 9, 12, 18, 36


Divisors of 40.
1, 2, 4, 5, 8, 10, 20, 40


Divisors of 42.
1, 2, 3, 6, 7, 14, 21, 42


Divisors of 44.
1, 2, 4, 11, 22, 44


Divisors of 45.
1, 3, 5, 9, 15, 45


Divisors of 48.
1, 2, 3, 4, 6, 8, 12, 16, 24, 48


Divisors of 50.
1, 2, 5, 10, 25, 50


Divisors of 52.
1, 2, 4, 13, 26, 52


Divisors of 54.
1, 2, 3, 6, 9, 18, 27, 54


Divisors of 56.
1, 2, 4, 7, 8, 14, 28, 56


Divisors of 60.
1, 2, 3, 4, 5, 6, 10, 12, 15, 20, 30, 60


Divisors of 63.
1, 3, 7, 9, 21, 63


Divisors of 66.
1, 2, 3, 6, 11, 22, 33, 66


Divisors of 68.
1, 2, 4, 17, 34, 68


Divisors of 70.
1, 2, 5, 7, 10, 14, 35, 70


Divisors of 72.
1, 2, 3, 4, 6, 8, 9, 12, 18, 24, 36, 72


Divisors of 75.
1, 3, 5, 15, 25, 75


Divisors of 76.
1, 2, 4, 19, 38, 76


Divisors of 78.
1, 2, 3, 6, 13, 26, 39, 78


Divisors of 80.
1, 2, 4, 5, 8, 10, 16, 20, 40, 80


Divisors of 84.
1, 2, 3, 4, 6, 7, 12, 14, 21, 28, 42, 84


Divisors of 88.
1, 2, 4, 8, 11, 22, 44, 88


Divisors of 90.
1, 2, 3, 5, 6, 9, 10, 15, 18, 30, 45, 90


Divisors of 92.
1, 2, 4, 23, 46, 92


Divisors of 96.
1, 2, 3, 4, 6, 8, 12, 16, 24, 32, 48, 96


Divisors of 98.
1, 2, 7, 14, 49, 98


Divisors of 99.
1, 3, 9, 11, 33, 99


Divisors of 100.
1, 2, 4, 5, 10, 20, 25, 50, 100


Divisors of 102.
1, 2, 3, 6, 17, 34, 51, 102


Divisors of 104.
1, 2, 4, 8, 13, 26, 52, 104


Divisors of 105.
1, 3, 5, 7, 15, 21, 35, 105


Divisors of 108.
1, 2, 3, 4, 6, 9, 12, 18, 27, 36, 54, 108


Divisors of 110.
1, 2, 5, 10, 11, 22, 55, 110


Divisors of 112.
1, 2, 4, 7, 8, 14, 16, 28, 56, 112


Divisors of 114.
1, 2, 3, 6, 19, 38, 57, 114


Divisors of 116.
1, 2, 4, 29, 58, 116


Divisors of 117.
1, 3, 9, 13, 39, 117


Divisors of 120.
1, 2, 3, 4, 5, 6, 8, 10, 12, 15, 20, 24, 30, 40, 60, 120


Divisors of 124.
1, 2, 4, 31, 62, 124


Divisors of 126.
1, 2, 3, 6, 7, 9, 14, 18, 21, 42, 63, 126


Divisors of 130.
1, 2, 5, 10, 13, 26, 65, 130


Divisors of 132.
1, 2, 3, 4, 6, 11, 12, 22, 33, 44, 66, 132


Divisors of 135.
1, 3, 5, 9, 15, 27, 45, 135


Divisors of 136.
1, 2, 4, 8, 17, 34, 68, 136


Divisors of 138.
1, 2, 3, 6, 23, 46, 69, 138


Divisors of 140.
1, 2, 4, 5, 7, 10, 14, 20, 28, 35, 70, 140


Divisors of 144.
1, 2, 3, 4, 6, 8, 9, 12, 16, 18, 24, 36, 48, 72, 144


Divisors of 147.
1, 3, 7, 21, 49, 147


Divisors of 148.
1, 2, 4, 37, 74, 148


Divisors of 150.
1, 2, 3, 5, 6, 10, 15, 25, 30, 50, 75, 150


Divisors of 152.
1, 2, 4, 8, 19, 38, 76, 152


Divisors of 153.
1, 3, 9, 17, 51, 153


Divisors of 154.
1, 2, 7, 11, 14, 22, 77, 154


Divisors of 156.
1, 2, 3, 4, 6, 12, 13, 26, 39, 52, 78, 156


Divisors of 160.
1, 2, 4, 5, 8, 10, 16, 20, 32, 40, 80, 160


Divisors of 162.
1, 2, 3, 6, 9, 18, 27, 54, 81, 162


Divisors of 164.
1, 2, 4, 41, 82, 164


Divisors of 165.
1, 3, 5, 11, 15, 33, 55, 165


Divisors of 168.
1, 2, 3, 4, 6, 7, 8, 12, 14, 21, 24, 28, 42, 56, 84, 168


Divisors of 170.
1, 2, 5, 10, 17, 34, 85, 170


Divisors of 171.
1, 3, 9, 19, 57, 171


Divisors of 172.
1, 2, 4, 43, 86, 172


Divisors of 174.
1, 2, 3, 6, 29, 58, 87, 174


Divisors of 175.
1, 5, 7, 25, 35, 175


Divisors of 176.
1, 2, 4, 8, 11, 16, 22, 44, 88, 176


Divisors of 180.
1, 2, 3, 4, 5, 6, 9, 10, 12, 15, 18, 20, 30, 36, 45, 60, 90, 180


Divisors of 182.
1, 2, 7, 13, 14, 26, 91, 182


Divisors of 184.
1, 2, 4, 8, 23, 46, 92, 184


Divisors of 186.
1, 2, 3, 6, 31, 62, 93, 186


Divisors of 188.
1, 2, 4, 47, 94, 188


Divisors of 189.
1, 3, 7, 9, 21, 27, 63, 189


Divisors of 190.
1, 2, 5, 10, 19, 38, 95, 190


Divisors of 192.
1, 2, 3, 4, 6, 8, 12, 16, 24, 32, 48, 64, 96, 192


Divisors of 195.
1, 3, 5, 13, 15, 39, 65, 195


Divisors of 196.
1, 2, 4, 7, 14, 28, 49, 98, 196


Divisors of 198.
1, 2, 3, 6, 9, 11, 18, 22, 33, 66, 99, 198


Divisors of 200.
1, 2, 4, 5, 8, 10, 20, 25, 40, 50, 100, 200


Divisors of 204.
1, 2, 3, 4, 6, 12, 17, 34, 51, 68, 102, 204


Divisors of 207.
1, 3, 9, 23, 69, 207


Divisors of 208.
1, 2, 4, 8, 13, 16, 26, 52, 104, 208


Divisors of 210.
1, 2, 3, 5, 6, 7, 10, 14, 15, 21, 30, 35, 42, 70, 105, 210


Divisors of 212.
1, 2, 4, 53, 106, 212


Divisors of 216.
1, 2, 3, 4, 6, 8, 9, 12, 18, 24, 27, 36, 54, 72, 108, 216


Divisors of 220.
1, 2, 4, 5, 10, 11, 20, 22, 44, 55, 110, 220


Divisors of 222.
1, 2, 3, 6, 37, 74, 111, 222


Divisors of 224.
1, 2, 4, 7, 8, 14, 16, 28, 32, 56, 112, 224


Divisors of 225.
1, 3, 5, 9, 15, 25, 45, 75, 225


Divisors of 228.
1, 2, 3, 4, 6, 12, 19, 38, 57, 76, 114, 228


Divisors of 230.
1, 2, 5, 10, 23, 46, 115, 230


Divisors of 231.
1, 3, 7, 11, 21, 33, 77, 231


Divisors of 232.
1, 2, 4, 8, 29, 58, 116, 232


Divisors of 234.
1, 2, 3, 6, 9, 13, 18, 26, 39, 78, 117, 234


Divisors of 236.
1, 2, 4, 59, 118, 236


Divisors of 238.
1, 2, 7, 14, 17, 34, 119, 238


Divisors of 240.
1, 2, 3, 4, 5, 6, 8, 10, 12, 15, 16, 20, 24, 30, 40, 48, 60, 80, 120, 240


Divisors of 242.
1, 2, 11, 22, 121, 242


Divisors of 244.
1, 2, 4, 61, 122, 244


Divisors of 245.
1, 5, 7, 35, 49, 245


Divisors of 246.
1, 2, 3, 6, 41, 82, 123, 246


Divisors of 248.
1, 2, 4, 8, 31, 62, 124, 248


Divisors of 250.
1, 2, 5, 10, 25, 50, 125, 250


Divisors of 252.
1, 2, 3, 4, 6, 7, 9, 12, 14, 18, 21, 28, 36, 42, 63, 84, 126, 252


Divisors of 255.
1, 3, 5, 15, 17, 51, 85, 255


Divisors of 258.
1, 2, 3, 6, 43, 86, 129, 258


Divisors of 260.
1, 2, 4, 5, 10, 13, 20, 26, 52, 65, 130, 260


Divisors of 261.
1, 3, 9, 29, 87, 261


Divisors of 264.
1, 2, 3, 4, 6, 8, 11, 12, 22, 24, 33, 44, 66, 88, 132, 264


Divisors of 266.
1, 2, 7, 14, 19, 38, 133, 266


Divisors of 268.
1, 2, 4, 67, 134, 268


Divisors of 270.
1, 2, 3, 5, 6, 9, 10, 15, 18, 27, 30, 45, 54, 90, 135, 270


Divisors of 272.
1, 2, 4, 8, 16, 17, 34, 68, 136, 272


Divisors of 273.
1, 3, 7, 13, 21, 39, 91, 273


Divisors of 275.
1, 5, 11, 25, 55, 275


Divisors of 276.
1, 2, 3, 4, 6, 12, 23, 46, 69, 92, 138, 276


Divisors of 279.
1, 3, 9, 31, 93, 279


Divisors of 280.
1, 2, 4, 5, 7, 8, 10, 14, 20, 28, 35, 40, 56, 70, 140, 280


Divisors of 282.
1, 2, 3, 6, 47, 94, 141, 282


Divisors of 284.
1, 2, 4, 71, 142, 284


Divisors of 285.
1, 3, 5, 15, 19, 57, 95, 285


Divisors of 286.
1, 2, 11, 13, 22, 26, 143, 286


Divisors of 288.
1, 2, 3, 4, 6, 8, 9, 12, 16, 18, 24, 32, 36, 48, 72, 96, 144, 288


Divisors of 290.
1, 2, 5, 10, 29, 58, 145, 290


Divisors of 292.
1, 2, 4, 73, 146, 292


Divisors of 294.
1, 2, 3, 6, 7, 14, 21, 42, 49, 98, 147, 294


Divisors of 296.
1, 2, 4, 8, 37, 74, 148, 296


Divisors of 297.
1, 3, 9, 11, 27, 33, 99, 297


Divisors of 300.
1, 2, 3, 4, 5, 6, 10, 12, 15, 20, 25, 30, 50, 60, 75, 100, 150, 300


Divisors of 304.
1, 2, 4, 8, 16, 19, 38, 76, 152, 304


Divisors of 306.
1, 2, 3, 6, 9, 17, 18, 34, 51, 102, 153, 306


Divisors of 308.
1, 2, 4, 7, 11, 14, 22, 28, 44, 77, 154, 308


Divisors of 310.
1, 2, 5, 10, 31, 62, 155, 310


Divisors of 312.
1, 2, 3, 4, 6, 8, 12, 13, 24, 26, 39, 52, 78, 104, 156, 312


Divisors of 315.
1, 3, 5, 7, 9, 15, 21, 35, 45, 63, 105, 315


Divisors of 316.
1, 2, 4, 79, 158, 316


Divisors of 318.
1, 2, 3, 6, 53, 106, 159, 318


Divisors of 320.
1, 2, 4, 5, 8, 10, 16, 20, 32, 40, 64, 80, 160, 320


Divisors of 322.
1, 2, 7, 14, 23, 46, 161, 322


Divisors of 324.
1, 2, 3, 4, 6, 9, 12, 18, 27, 36, 54, 81, 108, 162, 324


Divisors of 325.
1, 5, 13, 25, 65, 325


Divisors of 328.
1, 2, 4, 8, 41, 82, 164, 328


Divisors of 330.
1, 2, 3, 5, 6, 10, 11, 15, 22, 30, 33, 55, 66, 110, 165, 330


Divisors of 332.
1, 2, 4, 83, 166, 332


Divisors of 333.
1, 3, 9, 37, 111, 333


Divisors of 336.
1, 2, 3, 4, 6, 7, 8, 12, 14, 16, 21, 24, 28, 42, 48, 56, 84, 112, 168, 336


Divisors of 338.
1, 2, 13, 26, 169, 338


Divisors of 340.
1, 2, 4, 5, 10, 17, 20, 34, 68, 85, 170, 340


Divisors of 342.
1, 2, 3, 6, 9, 18, 19, 38, 57, 114, 171, 342


Divisors of 344.
1, 2, 4, 8, 43, 86, 172, 344


Divisors of 345.
1, 3, 5, 15, 23, 69, 115, 345


Divisors of 348.
1, 2, 3, 4, 6, 12, 29, 58, 87, 116, 174, 348


Divisors of 350.
1, 2, 5, 7, 10, 14, 25, 35, 50, 70, 175, 350


Divisors of 351.
1, 3, 9, 13, 27, 39, 117, 351


Divisors of 352.
1, 2, 4, 8, 11, 16, 22, 32, 44, 88, 176, 352


Divisors of 354.
1, 2, 3, 6, 59, 118, 177, 354


Divisors of 356.
1, 2, 4, 89, 178, 356


Divisors of 357.
1, 3, 7, 17, 21, 51, 119, 357


Divisors of 360.
1, 2, 3, 4, 5, 6, 8, 9, 10, 12, 15, 18, 20, 24, 30, 36, 40, 45, 60, 72, 90, 120, 180, 360


Divisors of 363.
1, 3, 11, 33, 121, 363


Divisors of 364.
1, 2, 4, 7, 13, 14, 26, 28, 52, 91, 182, 364


Divisors of 366.
1, 2, 3, 6, 61, 122, 183, 366


Divisors of 368.
1, 2, 4, 8, 16, 23, 46, 92, 184, 368


Divisors of 369.
1, 3, 9, 41, 123, 369


Divisors of 370.
1, 2, 5, 10, 37, 74, 185, 370


Divisors of 372.
1, 2, 3, 4, 6, 12, 31, 62, 93, 124, 186, 372


Divisors of 374.
1, 2, 11, 17, 22, 34, 187, 374


Divisors of 375.
1, 3, 5, 15, 25, 75, 125, 375


Divisors of 376.
1, 2, 4, 8, 47, 94, 188, 376


Divisors of 378.
1, 2, 3, 6, 7, 9, 14, 18, 21, 27, 42, 54, 63, 126, 189, 378


Divisors of 380.
1, 2, 4, 5, 10, 19, 20, 38, 76, 95, 190, 380


Divisors of 384.
1, 2, 3, 4, 6, 8, 12, 16, 24, 32, 48, 64, 96, 128, 192, 384


Divisors of 385.
1, 5, 7, 11, 35, 55, 77, 385


Divisors of 387.
1, 3, 9, 43, 129, 387


Divisors of 388.
1, 2, 4, 97, 194, 388


Divisors of 390.
1, 2, 3, 5, 6, 10, 13, 15, 26, 30, 39, 65, 78, 130, 195, 390


Divisors of 392.
1, 2, 4, 7, 8, 14, 28, 49, 56, 98, 196, 392


Divisors of 396.
1, 2, 3, 4, 6, 9, 11, 12, 18, 22, 33, 36, 44, 66, 99, 132, 198, 396


Divisors of 399.
1, 3, 7, 19, 21, 57, 133, 399


Divisors of 400.
1, 2, 4, 5, 8, 10, 16, 20, 25, 40, 50, 80, 100, 200, 400


Divisors of 402.
1, 2, 3, 6, 67, 134, 201, 402


Divisors of 404.
1, 2, 4, 101, 202, 404


Divisors of 405.
1, 3, 5, 9, 15, 27, 45, 81, 135, 405


Divisors of 406.
1, 2, 7, 14, 29, 58, 203, 406


Divisors of 408.
1, 2, 3, 4, 6, 8, 12, 17, 24, 34, 51, 68, 102, 136, 204, 408


Divisors of 410.
1, 2, 5, 10, 41, 82, 205, 410


Divisors of 412.
1, 2, 4, 103, 206, 412


Divisors of 414.
1, 2, 3, 6, 9, 18, 23, 46, 69, 138, 207, 414


Divisors of 416.
1, 2, 4, 8, 13, 16, 26, 32, 52, 104, 208, 416


Divisors of 418.
1, 2, 11, 19, 22, 38, 209, 418


Divisors of 420.
1, 2, 3, 4, 5, 6, 7, 10, 12, 14, 15, 20, 21, 28, 30, 35, 42, 60, 70, 84, 105, 140, 210, 420


Divisors of 423.
1, 3, 9, 47, 141, 423


Divisors of 424.
1, 2, 4, 8, 53, 106, 212, 424


Divisors of 425.
1, 5, 17, 25, 85, 425


Divisors of 426.
1, 2, 3, 6, 71, 142, 213, 426


Divisors of 428.
1, 2, 4, 107, 214, 428


Divisors of 429.
1, 3, 11, 13, 33, 39, 143, 429


Divisors of 430.
1, 2, 5, 10, 43, 86, 215, 430


Divisors of 432.
1, 2, 3, 4, 6, 8, 9, 12, 16, 18, 24, 27, 36, 48, 54, 72, 108, 144, 216, 432


Divisors of 434.
1, 2, 7, 14, 31, 62, 217, 434


Divisors of 435.
1, 3, 5, 15, 29, 87, 145, 435


Divisors of 436.
1, 2, 4, 109, 218, 436


Divisors of 438.
1, 2, 3, 6, 73, 146, 219, 438


Divisors of 440.
1, 2, 4, 5, 8, 10, 11, 20, 22, 40, 44, 55, 88, 110, 220, 440


Divisors of 441.
1, 3, 7, 9, 21, 49, 63, 147, 441


Divisors of 442.
1, 2, 13, 17, 26, 34, 221, 442


Divisors of 444.
1, 2, 3, 4, 6, 12, 37, 74, 111, 148, 222, 444


Divisors of 448.
1, 2, 4, 7, 8, 14, 16, 28, 32, 56, 64, 112, 224, 448


Divisors of 450.
1, 2, 3, 5, 6, 9, 10, 15, 18, 25, 30, 45, 50, 75, 90, 150, 225, 450


Divisors of 452.
1, 2, 4, 113, 226, 452


Divisors of 455.
1, 5, 7, 13, 35, 65, 91, 455


Divisors of 456.
1, 2, 3, 4, 6, 8, 12, 19, 24, 38, 57, 76, 114, 152, 228, 456


Divisors of 459.
1, 3, 9, 17, 27, 51, 153, 459


Divisors of 460.
1, 2, 4, 5, 10, 20, 23, 46, 92, 115, 230, 460


Divisors of 462.
1, 2, 3, 6, 7, 11, 14, 21, 22, 33, 42, 66, 77, 154, 231, 462


Divisors of 464.
1, 2, 4, 8, 16, 29, 58, 116, 232, 464


Divisors of 465.
1, 3, 5, 15, 31, 93, 155, 465


Divisors of 468.
1, 2, 3, 4, 6, 9, 12, 13, 18, 26, 36, 39, 52, 78, 117, 156, 234, 468


Divisors of 470.
1, 2, 5, 10, 47, 94, 235, 470


Divisors of 472.
1, 2, 4, 8, 59, 118, 236, 472


Divisors of 474.
1, 2, 3, 6, 79, 158, 237, 474


Divisors of 475.
1, 5, 19, 25, 95, 475


Divisors of 476.
1, 2, 4, 7, 14, 17, 28, 34, 68, 119, 238, 476


Divisors of 477.
1, 3, 9, 53, 159, 477


Divisors of 480.
1, 2, 3, 4, 5, 6, 8, 10, 12, 15, 16, 20, 24, 30, 32, 40, 48, 60, 80, 96, 120, 160, 240, 480


Divisors of 483.
1, 3, 7, 21, 23, 69, 161, 483


Divisors of 484.
1, 2, 4, 11, 22, 44, 121, 242, 484


Divisors of 486.
1, 2, 3, 6, 9, 18, 27, 54, 81, 162, 243, 486


Divisors of 488.
1, 2, 4, 8, 61, 122, 244, 488


Divisors of 490.
1, 2, 5, 7, 10, 14, 35, 49, 70, 98, 245, 490


Divisors of 492.
1, 2, 3, 4, 6, 12, 41, 82, 123, 164, 246, 492


Divisors of 494.
1, 2, 13, 19, 26, 38, 247, 494


Divisors of 495.
1, 3, 5, 9, 11, 15, 33, 45, 55, 99, 165, 495


Divisors of 496.
1, 2, 4, 8, 16, 31, 62, 124, 248, 496


Divisors of 498.
1, 2, 3, 6, 83, 166, 249, 498


Divisors of 500.
1, 2, 4, 5, 10, 20, 25, 50, 100, 125, 250, 500


Divisors of 504.
1, 2, 3, 4, 6, 7, 8, 9, 12, 14, 18, 21, 24, 28, 36, 42, 56, 63, 72, 84, 126, 168, 252, 504


Divisors of 506.
1, 2, 11, 22, 23, 46, 253, 506


Divisors of 507.
1, 3, 13, 39, 169, 507


Divisors of 508.
1, 2, 4, 127, 254, 508


Divisors of 510.
1, 2, 3, 5, 6, 10, 15, 17, 30, 34, 51, 85, 102, 170, 255, 510


Divisors of 513.
1, 3, 9, 19, 27, 57, 171, 513


Divisors of 516.
1, 2, 3, 4, 6, 12, 43, 86, 129, 172, 258, 516


Divisors of 518.
1, 2, 7, 14, 37, 74, 259, 518


Divisors of 520.
1, 2, 4, 5, 8, 10, 13, 20, 26, 40, 52, 65, 104, 130, 260, 520


Divisors of 522.
1, 2, 3, 6, 9, 18, 29, 58, 87, 174, 261, 522


Divisors of 524.
1, 2, 4, 131, 262, 524


