Divisors of 525.
1, 3, 5, 7, 15, 21, 25, 35, 75, 105, 175, 525


Divisors of 528.
1, 2, 3, 4, 6, 8, 11, 12, 16, 22, 24, 33, 44, 48, 66, 88, 132, 176, 264, 528


Divisors of 530.
1, 2, 5, 10, 53, 106, 265, 530


Divisors of 531.
1, 3, 9, 59, 177, 531


Divisors of 532.
1, 2, 4, 7, 14, 19, 28, 38, 76, 133, 266, 532


Divisors of 534.
1, 2, 3, 6, 89, 178, 267, 534


Divisors of 536.
1, 2, 4, 8, 67, 134, 268, 536


Divisors of 539.
1, 7, 11, 49, 77, 539


Divisors of 540.
1, 2, 3, 4, 5, 6, 9, 10, 12, 15, 18, 20, 27, 30, 36, 45, 54, 60, 90, 108, 135, 180, 270, 540


Divisors of 544.
1, 2, 4, 8, 16, 17, 32, 34, 68, 136, 272, 544


Divisors of 546.
1, 2, 3, 6, 7, 13, 14, 21, 26, 39, 42, 78, 91, 182, 273, 546


Divisors of 548.
1, 2, 4, 137, 274, 548


Divisors of 549.
1, 3, 9, 61, 183, 549


Divisors of 550.
1, 2, 5, 10, 11, 22, 25, 50, 55, 110, 275, 550


Divisors of 552.
1, 2, 3, 4, 6, 8, 12, 23, 24, 46, 69, 92, 138, 184, 276, 552


Divisors of 555.
1, 3, 5, 15, 37, 111, 185, 555


Divisors of 556.
1, 2, 4, 139, 278, 556


Divisors of 558.
1, 2, 3, 6, 9, 18, 31, 62, 93, 186, 279, 558


Divisors of 560.
1, 2, 4, 5, 7, 8, 10, 14, 16, 20, 28, 35, 40, 56, 70, 80, 112, 140, 280, 560


Divisors of 561.
1, 3, 11, 17, 33, 51, 187, 561


Divisors of 564.
1, 2, 3, 4, 6, 12, 47, 94, 141, 188, 282, 564


Divisors of 567.
1, 3, 7, 9, 21, 27, 63, 81, 189, 567


Divisors of 568.
1, 2, 4, 8, 71, 142, 284, 568


Divisors of 570.
1, 2, 3, 5, 6, 10, 15, 19, 30, 38, 57, 95, 114, 190, 285, 570


Divisors of 572.
1, 2, 4, 11, 13, 22, 26, 44, 52, 143, 286, 572


Divisors of 574.
1, 2, 7, 14, 41, 82, 287, 574


Divisors of 575.
1, 5, 23, 25, 115, 575


Divisors of 576.
1, 2, 3, 4, 6, 8, 9, 12, 16, 18, 24, 32, 36, 48, 64, 72, 96, 144, 192, 288, 576


Divisors of 578.
1, 2, 17, 34, 289, 578


Divisors of 580.
1, 2, 4, 5, 10, 20, 29, 58, 116, 145, 290, 580


Divisors of 582.
1, 2, 3, 6, 97, 194, 291, 582


Divisors of 584.
1, 2, 4, 8, 73, 146, 292, 584


Divisors of 585.
1, 3, 5, 9, 13, 15, 39, 45, 65, 117, 195, 585


Divisors of 588.
1, 2, 3, 4, 6, 7, 12, 14, 21, 28, 42, 49, 84, 98, 147, 196, 294, 588


Divisors of 590.
1, 2, 5, 10, 59, 118, 295, 590


Divisors of 592.
1, 2, 4, 8, 16, 37, 74, 148, 296, 592


Divisors of 594.
1, 2, 3, 6, 9, 11, 18, 22, 27, 33, 54, 66, 99, 198, 297, 594


Divisors of 595.
1, 5, 7, 17, 35, 85, 119, 595


Divisors of 596.
1, 2, 4, 149, 298, 596


Divisors of 598.
1, 2, 13, 23, 26, 46, 299, 598


Divisors of 600.
1, 2, 3, 4, 5, 6, 8, 10, 12, 15, 20, 24, 25, 30, 40, 50, 60, 75, 100, 120, 150, 200, 300, 600


Divisors of 602.
1, 2, 7, 14, 43, 86, 301, 602


Divisors of 603.
1, 3, 9, 67, 201, 603


Divisors of 604.
1, 2, 4, 151, 302, 604


Divisors of 605.
1, 5, 11, 55, 121, 605


Divisors of 606.
1, 2, 3, 6, 101, 202, 303, 606


Divisors of 608.
1, 2, 4, 8, 16, 19, 32, 38, 76, 152, 304, 608


Divisors of 609.
1, 3, 7, 21, 29, 87, 203, 609


Divisors of 610.
1, 2, 5, 10, 61, 122, 305, 610


Divisors of 612.
1, 2, 3, 4, 6, 9, 12, 17, 18, 34, 36, 51, 68, 102, 153, 204, 306, 612


Divisors of 615.
1, 3, 5, 15, 41, 123, 205, 615


Divisors of 616.
1, 2, 4, 7, 8, 11, 14, 22, 28, 44, 56, 77, 88, 154, 308, 616


Divisors of 618.
1, 2, 3, 6, 103, 206, 309, 618


Divisors of 620.
1, 2, 4, 5, 10, 20, 31, 62, 124, 155, 310, 620


Divisors of 621.
1, 3, 9, 23, 27, 69, 207, 621


Divisors of 624.
1, 2, 3, 4, 6, 8, 12, 13, 16, 24, 26, 39, 48, 52, 78, 104, 156, 208, 312, 624


Divisors of 627.
1, 3, 11, 19, 33, 57, 209, 627


Divisors of 628.
1, 2, 4, 157, 314, 628


Divisors of 630.
1, 2, 3, 5, 6, 7, 9, 10, 14, 15, 18, 21, 30, 35, 42, 45, 63, 70, 90, 105, 126, 210, 315, 630


Divisors of 632.
1, 2, 4, 8, 79, 158, 316, 632


Divisors of 636.
1, 2, 3, 4, 6, 12, 53, 106, 159, 212, 318, 636


Divisors of 637.
1, 7, 13, 49, 91, 637


Divisors of 638.
1, 2, 11, 22, 29, 58, 319, 638


Divisors of 639.
1, 3, 9, 71, 213, 639


Divisors of 640.
1, 2, 4, 5, 8, 10, 16, 20, 32, 40, 64, 80, 128, 160, 320, 640


Divisors of 642.
1, 2, 3, 6, 107, 214, 321, 642


Divisors of 644.
1, 2, 4, 7, 14, 23, 28, 46, 92, 161, 322, 644


Divisors of 645.
1, 3, 5, 15, 43, 129, 215, 645


Divisors of 646.
1, 2, 17, 19, 34, 38, 323, 646


Divisors of 648.
1, 2, 3, 4, 6, 8, 9, 12, 18, 24, 27, 36, 54, 72, 81, 108, 162, 216, 324, 648


Divisors of 650.
1, 2, 5, 10, 13, 25, 26, 50, 65, 130, 325, 650


Divisors of 651.
1, 3, 7, 21, 31, 93, 217, 651


Divisors of 652.
1, 2, 4, 163, 326, 652


Divisors of 654.
1, 2, 3, 6, 109, 218, 327, 654


Divisors of 656.
1, 2, 4, 8, 16, 41, 82, 164, 328, 656


Divisors of 657.
1, 3, 9, 73, 219, 657


Divisors of 658.
1, 2, 7, 14, 47, 94, 329, 658


Divisors of 660.
1, 2, 3, 4, 5, 6, 10, 11, 12, 15, 20, 22, 30, 33, 44, 55, 60, 66, 110, 132, 165, 220, 330, 660


Divisors of 663.
1, 3, 13, 17, 39, 51, 221, 663


Divisors of 664.
1, 2, 4, 8, 83, 166, 332, 664


Divisors of 665.
1, 5, 7, 19, 35, 95, 133, 665


Divisors of 666.
1, 2, 3, 6, 9, 18, 37, 74, 111, 222, 333, 666


Divisors of 668.
1, 2, 4, 167, 334, 668


Divisors of 670.
1, 2, 5, 10, 67, 134, 335, 670


Divisors of 672.
1, 2, 3, 4, 6, 7, 8, 12, 14, 16, 21, 24, 28, 32, 42, 48, 56, 84, 96, 112, 168, 224, 336, 672


Divisors of 675.
1, 3, 5, 9, 15, 25, 27, 45, 75, 135, 225, 675


Divisors of 676.
1, 2, 4, 13, 26, 52, 169, 338, 676


Divisors of 678.
1, 2, 3, 6, 113, 226, 339, 678


Divisors of 680.
1, 2, 4, 5, 8, 10, 17, 20, 34, 40, 68, 85, 136, 170, 340, 680


Divisors of 682.
1, 2, 11, 22, 31, 62, 341, 682


Divisors of 684.
1, 2, 3, 4, 6, 9, 12, 18, 19, 36, 38, 57, 76, 114, 171, 228, 342, 684


Divisors of 686.
1, 2, 7, 14, 49, 98, 343, 686


Divisors of 688.
1, 2, 4, 8, 16, 43, 86, 172, 344, 688


Divisors of 690.
1, 2, 3, 5, 6, 10, 15, 23, 30, 46, 69, 115, 138, 230, 345, 690


Divisors of 692.
1, 2, 4, 173, 346, 692


Divisors of 693.
1, 3, 7, 9, 11, 21, 33, 63, 77, 99, 231, 693


Divisors of 696.
1, 2, 3, 4, 6, 8, 12, 24, 29, 58, 87, 116, 174, 232, 348, 696


Divisors of 700.
1, 2, 4, 5, 7, 10, 14, 20, 25, 28, 35, 50, 70, 100, 140, 175, 350, 700


Divisors of 702.
1, 2, 3, 6, 9, 13, 18, 26, 27, 39, 54, 78, 117, 234, 351, 702


Divisors of 704.
1, 2, 4, 8, 11, 16, 22, 32, 44, 64, 88, 176, 352, 704


Divisors of 705.
1, 3, 5, 15, 47, 141, 235, 705


Divisors of 708.
1, 2, 3, 4, 6, 12, 59, 118, 177, 236, 354, 708


Divisors of 710.
1, 2, 5, 10, 71, 142, 355, 710


Divisors of 711.
1, 3, 9, 79, 237, 711


Divisors of 712.
1, 2, 4, 8, 89, 178, 356, 712


Divisors of 714.
1, 2, 3, 6, 7, 14, 17, 21, 34, 42, 51, 102, 119, 238, 357, 714


Divisors of 715.
1, 5, 11, 13, 55, 65, 143, 715


Divisors of 716.
1, 2, 4, 179, 358, 716


Divisors of 720.
1, 2, 3, 4, 5, 6, 8, 9, 10, 12, 15, 16, 18, 20, 24, 30, 36, 40, 45, 48, 60, 72, 80, 90, 120, 144, 180, 240, 360, 720


Divisors of 722.
1, 2, 19, 38, 361, 722


Divisors of 724.
1, 2, 4, 181, 362, 724


Divisors of 725.
1, 5, 25, 29, 145, 725


Divisors of 726.
1, 2, 3, 6, 11, 22, 33, 66, 121, 242, 363, 726


Divisors of 728.
1, 2, 4, 7, 8, 13, 14, 26, 28, 52, 56, 91, 104, 182, 364, 728


Divisors of 730.
1, 2, 5, 10, 73, 146, 365, 730


Divisors of 732.
1, 2, 3, 4, 6, 12, 61, 122, 183, 244, 366, 732


Divisors of 735.
1, 3, 5, 7, 15, 21, 35, 49, 105, 147, 245, 735


Divisors of 736.
1, 2, 4, 8, 16, 23, 32, 46, 92, 184, 368, 736


Divisors of 738.
1, 2, 3, 6, 9, 18, 41, 82, 123, 246, 369, 738


Divisors of 740.
1, 2, 4, 5, 10, 20, 37, 74, 148, 185, 370, 740


Divisors of 741.
1, 3, 13, 19, 39, 57, 247, 741


Divisors of 742.
1, 2, 7, 14, 53, 106, 371, 742


Divisors of 744.
1, 2, 3, 4, 6, 8, 12, 24, 31, 62, 93, 124, 186, 248, 372, 744


Divisors of 747.
1, 3, 9, 83, 249, 747


Divisors of 748.
1, 2, 4, 11, 17, 22, 34, 44, 68, 187, 374, 748


Divisors of 750.
1, 2, 3, 5, 6, 10, 15, 25, 30, 50, 75, 125, 150, 250, 375, 750


Divisors of 752.
1, 2, 4, 8, 16, 47, 94, 188, 376, 752


Divisors of 754.
1, 2, 13, 26, 29, 58, 377, 754


Divisors of 756.
1, 2, 3, 4, 6, 7, 9, 12, 14, 18, 21, 27, 28, 36, 42, 54, 63, 84, 108, 126, 189, 252, 378, 756


Divisors of 759.
1, 3, 11, 23, 33, 69, 253, 759


Divisors of 760.
1, 2, 4, 5, 8, 10, 19, 20, 38, 40, 76, 95, 152, 190, 380, 760


Divisors of 762.
1, 2, 3, 6, 127, 254, 381, 762


Divisors of 764.
1, 2, 4, 191, 382, 764


Divisors of 765.
1, 3, 5, 9, 15, 17, 45, 51, 85, 153, 255, 765


Divisors of 768.
1, 2, 3, 4, 6, 8, 12, 16, 24, 32, 48, 64, 96, 128, 192, 256, 384, 768


Divisors of 770.
1, 2, 5, 7, 10, 11, 14, 22, 35, 55, 70, 77, 110, 154, 385, 770


Divisors of 772.
1, 2, 4, 193, 386, 772


Divisors of 774.
1, 2, 3, 6, 9, 18, 43, 86, 129, 258, 387, 774


Divisors of 775.
1, 5, 25, 31, 155, 775


Divisors of 776.
1, 2, 4, 8, 97, 194, 388, 776


Divisors of 777.
1, 3, 7, 21, 37, 111, 259, 777


Divisors of 780.
1, 2, 3, 4, 5, 6, 10, 12, 13, 15, 20, 26, 30, 39, 52, 60, 65, 78, 130, 156, 195, 260, 390, 780


Divisors of 782.
1, 2, 17, 23, 34, 46, 391, 782


Divisors of 783.
1, 3, 9, 27, 29, 87, 261, 783


Divisors of 784.
1, 2, 4, 7, 8, 14, 16, 28, 49, 56, 98, 112, 196, 392, 784


Divisors of 786.
1, 2, 3, 6, 131, 262, 393, 786


Divisors of 788.
1, 2, 4, 197, 394, 788


Divisors of 790.
1, 2, 5, 10, 79, 158, 395, 790


Divisors of 792.
1, 2, 3, 4, 6, 8, 9, 11, 12, 18, 22, 24, 33, 36, 44, 66, 72, 88, 99, 132, 198, 264, 396, 792


Divisors of 795.
1, 3, 5, 15, 53, 159, 265, 795


Divisors of 796.
1, 2, 4, 199, 398, 796


Divisors of 798.
1, 2, 3, 6, 7, 14, 19, 21, 38, 42, 57, 114, 133, 266, 399, 798


Divisors of 800.
1, 2, 4, 5, 8, 10, 16, 20, 25, 32, 40, 50, 80, 100, 160, 200, 400, 800


Divisors of 801.
1, 3, 9, 89, 267, 801


Divisors of 804.
1, 2, 3, 4, 6, 12, 67, 134, 201, 268, 402, 804


Divisors of 805.
1, 5, 7, 23, 35, 115, 161, 805


Divisors of 806.
1, 2, 13, 26, 31, 62, 403, 806


Divisors of 808.
1, 2, 4, 8, 101, 202, 404, 808


Divisors of 810.
1, 2, 3, 5, 6, 9, 10, 15, 18, 27, 30, 45, 54, 81, 90, 135, 162, 270, 405, 810


Divisors of 812.
1, 2, 4, 7, 14, 28, 29, 58, 116, 203, 406, 812


Divisors of 814.
1, 2, 11, 22, 37, 74, 407, 814


Divisors of 816.
1, 2, 3, 4, 6, 8, 12, 16, 17, 24, 34, 48, 51, 68, 102, 136, 204, 272, 408, 816


Divisors of 819.
1, 3, 7, 9, 13, 21, 39, 63, 91, 117, 273, 819


Divisors of 820.
1, 2, 4, 5, 10, 20, 41, 82, 164, 205, 410, 820


Divisors of 822.
1, 2, 3, 6, 137, 274, 411, 822


Divisors of 824.
1, 2, 4, 8, 103, 206, 412, 824


Divisors of 825.
1, 3, 5, 11, 15, 25, 33, 55, 75, 165, 275, 825


Divisors of 826.
1, 2, 7, 14, 59, 118, 413, 826


Divisors of 828.
1, 2, 3, 4, 6, 9, 12, 18, 23, 36, 46, 69, 92, 138, 207, 276, 414, 828


Divisors of 830.
1, 2, 5, 10, 83, 166, 415, 830


Divisors of 832.
1, 2, 4, 8, 13, 16, 26, 32, 52, 64, 104, 208, 416, 832


Divisors of 833.
1, 7, 17, 49, 119, 833


Divisors of 834.
1, 2, 3, 6, 139, 278, 417, 834


Divisors of 836.
1, 2, 4, 11, 19, 22, 38, 44, 76, 209, 418, 836


Divisors of 837.
1, 3, 9, 27, 31, 93, 279, 837


Divisors of 840.
1, 2, 3, 4, 5, 6, 7, 8, 10, 12, 14, 15, 20, 21, 24, 28, 30, 35, 40, 42, 56, 60, 70, 84, 105, 120, 140, 168, 210, 280, 420, 840


Divisors of 844.
1, 2, 4, 211, 422, 844


Divisors of 845.
1, 5, 13, 65, 169, 845


Divisors of 846.
1, 2, 3, 6, 9, 18, 47, 94, 141, 282, 423, 846


Divisors of 847.
1, 7, 11, 77, 121, 847


Divisors of 848.
1, 2, 4, 8, 16, 53, 106, 212, 424, 848


Divisors of 850.
1, 2, 5, 10, 17, 25, 34, 50, 85, 170, 425, 850


Divisors of 852.
1, 2, 3, 4, 6, 12, 71, 142, 213, 284, 426, 852


Divisors of 854.
1, 2, 7, 14, 61, 122, 427, 854


Divisors of 855.
1, 3, 5, 9, 15, 19, 45, 57, 95, 171, 285, 855


Divisors of 856.
1, 2, 4, 8, 107, 214, 428, 856


Divisors of 858.
1, 2, 3, 6, 11, 13, 22, 26, 33, 39, 66, 78, 143, 286, 429, 858


Divisors of 860.
1, 2, 4, 5, 10, 20, 43, 86, 172, 215, 430, 860


Divisors of 861.
1, 3, 7, 21, 41, 123, 287, 861


Divisors of 864.
1, 2, 3, 4, 6, 8, 9, 12, 16, 18, 24, 27, 32, 36, 48, 54, 72, 96, 108, 144, 216, 288, 432, 864


Divisors of 867.
1, 3, 17, 51, 289, 867


Divisors of 868.
1, 2, 4, 7, 14, 28, 31, 62, 124, 217, 434, 868


Divisors of 870.
1, 2, 3, 5, 6, 10, 15, 29, 30, 58, 87, 145, 174, 290, 435, 870


Divisors of 872.
1, 2, 4, 8, 109, 218, 436, 872


Divisors of 873.
1, 3, 9, 97, 291, 873


Divisors of 874.
1, 2, 19, 23, 38, 46, 437, 874


Divisors of 875.
1, 5, 7, 25, 35, 125, 175, 875


Divisors of 876.
1, 2, 3, 4, 6, 12, 73, 146, 219, 292, 438, 876


Divisors of 880.
1, 2, 4, 5, 8, 10, 11, 16, 20, 22, 40, 44, 55, 80, 88, 110, 176, 220, 440, 880


Divisors of 882.
1, 2, 3, 6, 7, 9, 14, 18, 21, 42, 49, 63, 98, 126, 147, 294, 441, 882


Divisors of 884.
1, 2, 4, 13, 17, 26, 34, 52, 68, 221, 442, 884


Divisors of 885.
1, 3, 5, 15, 59, 177, 295, 885


Divisors of 888.
1, 2, 3, 4, 6, 8, 12, 24, 37, 74, 111, 148, 222, 296, 444, 888


Divisors of 890.
1, 2, 5, 10, 89, 178, 445, 890


Divisors of 891.
1, 3, 9, 11, 27, 33, 81, 99, 297, 891


Divisors of 892.
1, 2, 4, 223, 446, 892


Divisors of 894.
1, 2, 3, 6, 149, 298, 447, 894


Divisors of 896.
1, 2, 4, 7, 8, 14, 16, 28, 32, 56, 64, 112, 128, 224, 448, 896


Divisors of 897.
1, 3, 13, 23, 39, 69, 299, 897


Divisors of 900.
1, 2, 3, 4, 5, 6, 9, 10, 12, 15, 18, 20, 25, 30, 36, 45, 50, 60, 75, 90, 100, 150, 180, 225, 300, 450, 900


Divisors of 902.
1, 2, 11, 22, 41, 82, 451, 902


Divisors of 903.
1, 3, 7, 21, 43, 129, 301, 903


Divisors of 904.
1, 2, 4, 8, 113, 226, 452, 904


Divisors of 906.
1, 2, 3, 6, 151, 302, 453, 906


Divisors of 908.
1, 2, 4, 227, 454, 908


Divisors of 909.
1, 3, 9, 101, 303, 909


Divisors of 910.
1, 2, 5, 7, 10, 13, 14, 26, 35, 65, 70, 91, 130, 182, 455, 910


Divisors of 912.
1, 2, 3, 4, 6, 8, 12, 16, 19, 24, 38, 48, 57, 76, 114, 152, 228, 304, 456, 912


Divisors of 915.
1, 3, 5, 15, 61, 183, 305, 915


Divisors of 916.
1, 2, 4, 229, 458, 916


Divisors of 918.
1, 2, 3, 6, 9, 17, 18, 27, 34, 51, 54, 102, 153, 306, 459, 918


Divisors of 920.
1, 2, 4, 5, 8, 10, 20, 23, 40, 46, 92, 115, 184, 230, 460, 920


Divisors of 924.
1, 2, 3, 4, 6, 7, 11, 12, 14, 21, 22, 28, 33, 42, 44, 66, 77, 84, 132, 154, 231, 308, 462, 924


Divisors of 925.
1, 5, 25, 37, 185, 925


Divisors of 927.
1, 3, 9, 103, 309, 927


Divisors of 928.
1, 2, 4, 8, 16, 29, 32, 58, 116, 232, 464, 928


