Divisors of 970.
1, 2, 5, 10, 97, 194, 485, 970


Divisors of 972.
1, 2, 3, 4, 6, 9, 12, 18, 27, 36, 54, 81, 108, 162, 243, 324, 486, 972


Divisors of 975.
1, 3, 5, 13, 15, 25, 39, 65, 75, 195, 325, 975


Divisors of 976.
1, 2, 4, 8, 16, 61, 122, 244, 488, 976


Divisors of 978.
1, 2, 3, 6, 163, 326, 489, 978


Divisors of 980.
1, 2, 4, 5, 7, 10, 14, 20, 28, 35, 49, 70, 98, 140, 196, 245, 490, 980


Divisors of 981.
1, 3, 9, 109, 327, 981


Divisors of 984.
1, 2, 3, 4, 6, 8, 12, 24, 41, 82, 123, 164, 246, 328, 492, 984


Divisors of 986.
1, 2, 17, 29, 34, 58, 493, 986


Divisors of 987.
1, 3, 7, 21, 47, 141, 329, 987


Divisors of 988.
1, 2, 4, 13, 19, 26, 38, 52, 76, 247, 494, 988


Divisors of 990.
1, 2, 3, 5, 6, 9, 10, 11, 15, 18, 22, 30, 33, 45, 55, 66, 90, 99, 110, 165, 198, 330, 495, 990


Divisors of 992.
1, 2, 4, 8, 16, 31, 32, 62, 124, 248, 496, 992


Divisors of 994.
1, 2, 7, 14, 71, 142, 497, 994


Divisors of 996.
1, 2, 3, 4, 6, 12, 83, 166, 249, 332, 498, 996


Divisors of 999.
1, 3, 9, 27, 37, 111, 333, 999


Divisors of 1000.
1, 2, 4, 5, 8, 10, 20, 25, 40, 50, 100, 125, 200, 250, 500, 1000


Divisors of 1001.
1, 7, 11, 13, 77, 91, 143, 1001


Divisors of 1002.
1, 2, 3, 6, 167, 334, 501, 1002


Divisors of 1004.
1, 2, 4, 251, 502, 1004


Divisors of 1005.
1, 3, 5, 15, 67, 201, 335, 1005


Divisors of 1008.
1, 2, 3, 4, 6, 7, 8, 9, 12, 14, 16, 18, 21, 24, 28, 36, 42, 48, 56, 63, 72, 84, 112, 126, 144, 168, 252, 336, 504, 1008


Divisors of 1010.
1, 2, 5, 10, 101, 202, 505, 1010


Divisors of 1012.
1, 2, 4, 11, 22, 23, 44, 46, 92, 253, 506, 1012


Divisors of 1014.
1, 2, 3, 6, 13, 26, 39, 78, 169, 338, 507, 1014


Divisors of 1015.
1, 5, 7, 29, 35, 145, 203, 1015


Divisors of 1016.
1, 2, 4, 8, 127, 254, 508, 1016


Divisors of 1017.
1, 3, 9, 113, 339, 1017


Divisors of 1020.
1, 2, 3, 4, 5, 6, 10, 12, 15, 17, 20, 30, 34, 51, 60, 68, 85, 102, 170, 204, 255, 340, 510, 1020


Divisors of 1022.
1, 2, 7, 14, 73, 146, 511, 1022


Duplicate of <a href="/A003523" title="Divisors of 2^10 - 1.">A003523</a>.
1, 3, 11, 31, 33, 93, 341, 1023


Smallest k such that circle x^2 + y^2 = k passes through exactly 4n integer points.
1, 5, 25, 65, 625, 325, 15625, 1105, 4225, 8125, 9765625, 5525, 244140625, 203125, 105625, 27625, 152587890625, 71825, 3814697265625, 138125, 2640625, 126953125, 2384185791015625, 160225, 17850625, 3173828125, 1221025, 3453125


Number of partitions of n into parts having a common factor.
0, 0, 1, 1, 2, 1, 4, 1, 5, 3, 8, 1, 14, 1, 16, 9, 22, 1, 38, 1, 45, 17, 57, 1, 94, 7, 102, 30, 138, 1, 218, 1, 231, 58, 298, 21, 451, 1, 491, 103, 644, 1, 919, 1, 1005, 203, 1256, 1, 1784, 15, 1993, 299, 2439, 1, 3365, 62, 3735, 492, 4566, 1, 6252, 1, 6843, 819, 8349, 107, 11096


Numbers n such that sigma(phi(n)) = n.
1, 3, 15, 28, 255, 744, 2418, 20440, 65535, 548856, 2835756, 4059264, 4451832, 10890040, 13192608, 23001132, 54949482, 110771178, 220174080, 445701354, 4294967295, 16331433888, 18377794080, 94951936080, 204721968000, 386940247200, 601662398400, 1433565580920


Entries of <a href="/A001273" title="Smallest number that takes n steps to reach 1 under iteration of sum-of-squares-of-digits map (= smallest &quot;happy number&quot; of ...">A001273</a> with trailing 9's stripped (at n=13 term becomes periodic with period 49).
1, 10, 13, 23, 1, 7, 356, 78, 3788, 78888, 258, 888888, 157, 2, 688, 26, 15, 128, 57, 188, 15, 2688, 2688, 888888, 277, 37888, 56, 25, 5, 12, 258, 178, 46, 8, 58, 2588, 17, 77, 17, 77, 17, 77, 88888, 7, 5, 12, 1688, 18888, 178, 37888, 46, 38, 18, 36, 6, 2688, 288, 488


Numbers that are the sum of two 4th powers in more than one way.
635318657, 3262811042, 8657437697, 10165098512, 51460811217, 52204976672, 68899596497, 86409838577, 138519003152, 160961094577, 162641576192, 264287694402, 397074160625, 701252453457, 823372979472, 835279626752


Numbers that are the sum of two positive cubes in at least three ways (all solutions).
87539319, 119824488, 143604279, 175959000, 327763000, 700314552, 804360375, 958595904, 1148834232, 1407672000, 1840667192, 1915865217, 2363561613, 2622104000, 3080802816, 3235261176, 3499524728, 3623721192, 3877315533, 4750893000, 5544709352, 5602516416


Number of subsets of {1,...,n} containing an arithmetic progression of length 3.
0, 0, 0, 1, 3, 9, 24, 63, 150, 343, 746, 1605, 3391, 7075, 14624, 30076, 61385, 124758, 252618, 510161, 1027632, 2066304, 4148715, 8322113, 16680369, 33413592, 66904484, 133923906, 268009597, 536257466, 1072861536, 2146225299, 4293173040, 8587388627


Number of subsets of { 1, ..., n } containing an A.P. of length 4.
0, 0, 0, 0, 1, 3, 8, 25, 64, 148, 356, 826, 1863, 4205, 9246, 19865, 42935, 90872, 190561, 399104, 829883, 1710609, 3523315, 7224223, 14755538, 30092167, 61177910, 124028647, 251168840, 507216174, 1022829206, 2061466047, 4149639752


Number of subsets of { 1, ..., n } containing an A.P. of length 5.
0, 0, 0, 0, 0, 1, 3, 8, 20, 56, 144, 332, 751, 1803, 4163, 9401, 20404, 45169, 98753, 213575, 457945, 990624, 2119184, 4493766, 9460916, 19947914, 41567180, 86219409, 178237782, 369985101, 765030649, 1572706886, 3224800994, 6617409989


Number of subsets of { 1, ..., n } containing an A.P. of length 6.
0, 0, 0, 0, 0, 0, 1, 3, 8, 20, 48, 136, 344, 788, 1775, 3947, 9373, 21533, 48327, 104676, 224997, 496490, 1082575, 2334984, 4997364, 10532236, 22568064, 48062489, 101796210, 214545469, 450146443, 946329292, 1980769346


Number of subsets of { 1, ..., n } containing an A.P. of length 7.
0, 0, 0, 0, 0, 0, 0, 1, 3, 8, 20, 48, 112, 300, 752, 1712, 3839, 8507, 18668, 43437, 98919, 221527, 478718, 1027994, 2196398, 4811804, 10446823, 22508560, 48207309, 101582640, 213430157, 456774962, 972054283


Number of subsets of { 1, ..., n } containing an A.P. of length 8.
0, 0, 0, 0, 0, 0, 0, 0, 1, 3, 8, 20, 48, 112, 256, 684, 1696, 3840, 8575, 18939, 41452, 90046, 206952, 466731, 1037736, 2233540, 4782408, 10194180, 21638844, 47278465, 102437882, 220088444, 470234676


Number of subsets of { 1, ..., n } containing an A.P. of length 9.
0, 0, 0, 0, 0, 0, 0, 0, 0, 1, 3, 8, 20, 48, 112, 256, 576, 1488, 3648, 8208, 18239, 40123, 87532, 189630, 408376, 932127, 2091911, 4632601, 9939498, 21220735, 45121371, 95597951, 201891450


Number of subsets of { 1, ..., n } containing an A.P. of length 10.
0, 0, 0, 0, 0, 0, 0, 0, 0, 0, 1, 3, 8, 20, 48, 112, 256, 576, 1280, 3280, 7968, 17840, 39487, 86587, 188396, 407230, 875320, 1872332, 4218648, 9382099, 20646176, 44125836, 93902740


Smallest square that begins with n.
0, 1, 25, 36, 4, 529, 64, 729, 81, 9, 100, 1156, 121, 1369, 144, 1521, 16, 1764, 1849, 196, 2025, 2116, 225, 2304, 2401, 25, 2601, 2704, 289, 2916, 3025, 3136, 324, 3364, 3481, 35344, 36, 3721, 3844, 3969, 400, 41209, 4225, 4356, 441, 45369, 4624, 4761, 484, 49


Smallest cube that begins with n.
0, 1, 27, 343, 4096, 512, 64, 729, 8, 9261, 1000, 110592, 125, 1331, 140608, 15625, 166375, 1728, 185193, 19683, 205379, 216, 226981, 238328, 24389, 250047, 262144, 27, 287496, 29791, 300763, 314432, 32768, 3375, 343, 35937, 3652264, 373248


Smallest 4th power that begins with n.
0, 1, 256, 38416, 4096, 50625, 625, 707281, 81, 923521, 10000, 1185921, 1296, 130321, 14641, 1500625, 16, 17850625, 1874161, 194481, 20736, 21381376, 22667121, 234256, 2401, 256, 26873856, 279841, 28561, 29986576, 303595776, 3111696, 322417936


Smallest nonnegative integer m such that m! begins with n in base 10.
0, 2, 9, 8, 7, 3, 6, 14, 96, 27, 22, 5, 15, 42, 25, 89, 69, 76, 63, 16, 87, 113, 54, 4, 23, 30, 205, 85, 34, 28, 62, 164, 41, 245, 17, 9, 36, 128, 11, 8, 185, 53, 351, 73, 369, 118, 12, 265, 129, 7, 21, 38, 235, 66, 46, 258, 81, 597, 279, 43, 72, 13, 559, 18, 203, 120, 311


Smallest prime that begins with n.
11, 2, 3, 41, 5, 61, 7, 83, 97, 101, 11, 127, 13, 149, 151, 163, 17, 181, 19, 2003, 211, 223, 23, 241, 251, 263, 271, 281, 29, 307, 31, 3203, 331, 347, 353, 367, 37, 383, 397, 401, 41, 421, 43, 443, 457, 461, 47, 487, 491, 503, 5101, 521, 53, 541, 557, 563, 571, 587, 59


Index of smallest triangular number beginning with n.
1, 6, 2, 9, 10, 3, 12, 40, 13, 4, 47, 15, 16, 53, 5, 57, 18, 60, 19, 63, 6, 66, 21, 69, 22, 72, 23, 7, 76, 24, 79, 25, 81, 82, 26, 8, 27, 87, 88, 28, 91, 92, 29, 94, 9, 30, 97, 98, 31, 100, 101, 32, 103, 104, 10, 33, 107, 108, 34, 346, 110, 111, 35, 113, 114, 11, 116, 369, 117


Smallest power of 2 that begins with n.
1, 2, 32, 4, 512, 64, 70368744177664, 8, 9007199254740992, 1024, 1125899906842624, 128, 131072, 140737488355328, 151115727451828646838272, 16, 17179869184, 18014398509481984, 19342813113834066795298816, 2048, 2147483648


Number of ways to color cells of n X n square with 2 colors so that no subsquare of side &gt;1 has all corners same color.
1, 2, 14, 276, 10980, 781712, 58339148, 3066831440


Pillai's arithmetical function: Sum_{k=1..n} gcd(k, n).
1, 3, 5, 8, 9, 15, 13, 20, 21, 27, 21, 40, 25, 39, 45, 48, 33, 63, 37, 72, 65, 63, 45, 100, 65, 75, 81, 104, 57, 135, 61, 112, 105, 99, 117, 168, 73, 111, 125, 180, 81, 195, 85, 168, 189, 135, 93, 240, 133, 195, 165, 200, 105, 243, 189, 260, 185, 171, 117, 360


Number of elements in the set {(x,y): 1 &lt;= x,y &lt;= n, gcd(x,y)=1}.
1, 3, 7, 11, 19, 23, 35, 43, 55, 63, 83, 91, 115, 127, 143, 159, 191, 203, 239, 255, 279, 299, 343, 359, 399, 423, 459, 483, 539, 555, 615, 647, 687, 719, 767, 791, 863, 899, 947, 979, 1059, 1083, 1167, 1207, 1255, 1299, 1391, 1423, 1507, 1547, 1611, 1659, 1763


Sum of gcd(x, y) for 1 &lt;= x, y &lt;= n.
1, 5, 12, 24, 37, 61, 80, 112, 145, 189, 220, 288, 325, 389, 464, 544, 593, 701, 756, 880, 989, 1093, 1160, 1336, 1441, 1565, 1700, 1880, 1965, 2205, 2296, 2488, 2665, 2829, 3028, 3328, 3437, 3621, 3832, 4152, 4273, 4621, 4748, 5040, 5373, 5597, 5736, 6168


Number of ways to place n^2 nonattacking kings on 2n X 2n chessboard.
1, 4, 79, 3600, 281571, 32572756, 5109144543, 1027533353168, 254977173389319, 75925129079783308, 26568150968269086211, 10749154284380665611224, 4963704194366362387891227, 2588716234142991968960920692, 1511548995678989691821551648635


Number of lines through at least 2 points of an n X n grid of points.
0, 0, 6, 20, 62, 140, 306, 536, 938, 1492, 2306, 3296, 4722, 6460, 8830, 11568, 14946, 18900, 23926, 29544, 36510, 44388, 53586, 63648, 75674, 88948, 104374, 121032, 139966, 160636, 184466, 209944, 239050, 270588, 305478, 342480, 383370, 427020


Number of lines through exactly 2 points of an n X n grid of points.
0, 0, 6, 12, 48, 108, 248, 428, 764, 1196, 1900, 2668, 3824, 5244, 7248, 9380, 12192, 15372, 19528, 24020, 29732, 36052, 43808, 51836, 61636, 72492, 85308, 98492, 114012, 130668, 150196, 170828, 194768, 220276, 249452, 279284, 312572, 348036


Number of lines through exactly 3 points of an n X n grid of points.
0, 0, 0, 8, 4, 16, 36, 64, 100, 204, 252, 396, 572, 780, 1020, 1484, 1756, 2260, 2828, 3540, 4332, 5556, 6372, 7716, 9188, 10684, 12292, 14684, 16588, 19324, 22268, 25420, 28780, 33164, 36452, 41036, 45892, 51324, 57060, 64540, 70500, 77724, 85300, 93228


Number of lines through exactly 4 points of an n X n grid of points.
0, 0, 0, 0, 10, 4, 4, 20, 44, 36, 64, 124, 200, 236, 272, 308, 548, 692, 852, 1108, 1396, 1452, 1768, 2116, 2496, 2908, 3568, 4292, 5428, 5956, 6500, 7444, 8452, 8980, 10208, 11516, 13348, 14700, 16116, 17596, 20124, 22476, 24956, 28092, 31404, 33052, 36032


Number of lines through exactly 5 points of an n X n grid of points.
0, 0, 0, 0, 0, 12, 4, 4, 4, 24, 52, 40, 20, 76, 148, 236, 204, 228, 252, 356, 476, 612, 764, 932, 1116, 1524, 1548, 1556, 1548, 1884, 2252, 2652, 3084, 3820, 4620, 5484, 5524, 6140, 6788, 7468, 8180, 8588, 8996, 9932, 10916, 12868, 13820, 14804, 15820, 17668


Number of lines through exactly 6 points of an n X n grid of points.
0, 0, 0, 0, 0, 0, 14, 4, 4, 4, 4, 28, 60, 44, 20, 20, 88, 172, 272, 228, 168, 180, 284, 404, 540, 484, 628, 788, 964, 1276, 1620, 1612, 1588, 1548, 1492, 1420, 2072, 2484, 2928, 3404, 3912, 4788, 5728, 5852, 5960, 6052, 6692, 7364, 8068, 8004, 8520, 9468, 10464


Number of lines through exactly 7 points of an n X n grid of points.
0, 0, 0, 0, 0, 0, 0, 16, 4, 4, 4, 4, 4, 32, 68, 48, 20, 20, 20, 100, 196, 308, 252, 180, 92, 196, 316, 452, 604, 532, 444, 596, 764, 1084, 1436, 1820, 1644, 1588, 1516, 1428, 1324, 1540, 1772, 2196, 2652, 3140, 3660, 4212, 4796, 6012, 6084, 6140, 6180, 6204, 6212


Number of lines through exactly 8 points of an n X n grid of points.
0, 0, 0, 0, 0, 0, 0, 0, 18, 4, 4, 4, 4, 4, 4, 36, 76, 52, 20, 20, 20, 20, 112, 220, 344, 276, 192, 92, 92, 212, 348, 500, 668, 580, 476, 356, 516, 844, 1204, 1596, 2020, 1804, 1556, 1452, 1332, 1196, 1420, 1660, 1916, 1788, 2256, 2756, 3288, 3852, 4448, 5300, 6200, 6220


Number of lines through exactly 9 points of an n X n grid of points.
0, 0, 0, 0, 0, 0, 0, 0, 0, 20, 4, 4, 4, 4, 4, 4, 4, 40, 84, 56, 20, 20, 20, 20, 20, 124, 244, 380, 300, 204, 92, 92, 92, 228, 380, 548, 732, 628, 508, 372, 220, 556, 924, 1324, 1756, 2220, 1964, 1676, 1356, 1204, 1036, 1268, 1516, 1780, 2060, 1908, 1740, 2252, 2796, 3372


Number of lines through exactly 10 points of an n X n grid of points.
0, 0, 0, 0, 0, 0, 0, 0, 0, 0, 22, 4, 4, 4, 4, 4, 4, 4, 4, 44, 92, 60, 20, 20, 20, 20, 20, 20, 136, 268, 416, 324, 216, 92, 92, 92, 92, 244, 412, 596, 796, 676, 540, 388, 220, 220, 596, 1004, 1444, 1916, 2420, 2124, 1796, 1436, 1044, 844, 1084, 1340, 1612, 1900, 2204


Number of partitions of n into divisors of n.
1, 2, 2, 4, 2, 8, 2, 10, 5, 11, 2, 45, 2, 14, 14, 36, 2, 81, 2, 92, 18, 20, 2, 458, 7, 23, 23, 156, 2, 742, 2, 202, 26, 29, 26, 2234, 2, 32, 30, 1370, 2, 1654, 2, 337, 286, 38, 2, 9676, 9, 407, 38, 454, 2, 3132, 38, 3065, 42, 47, 2, 73155, 2, 50, 493, 1828, 44, 5257, 2, 740, 50, 5066


Binary partition function: number of partitions of n into powers of 2.
1, 1, 2, 2, 4, 4, 6, 6, 10, 10, 14, 14, 20, 20, 26, 26, 36, 36, 46, 46, 60, 60, 74, 74, 94, 94, 114, 114, 140, 140, 166, 166, 202, 202, 238, 238, 284, 284, 330, 330, 390, 390, 450, 450, 524, 524, 598, 598, 692, 692, 786, 786, 900, 900, 1014, 1014, 1154, 1154, 1294, 1294


n is the sum of k nonzero squares for all 1 &lt;= k &lt;= n-14.
169, 225, 289, 625, 676, 841, 900, 1156, 1225, 1369, 1521, 1681, 2025, 2500, 2601, 2704, 2809, 3025, 3364, 3600, 3721, 4225, 4624, 4900, 5329, 5476, 5625, 6084, 6724, 7225, 7569, 7921, 8100, 8281, 9025, 9409, 10000, 10201, 10404, 10816, 11025, 11236


n is the sum of k nonzero squares for all 2 &lt;= k &lt;= n-14.
17, 18, 26, 34, 45, 50, 53, 61, 65, 68, 72, 73, 74, 82, 89, 90, 97, 98, 101, 104, 106, 109, 113, 116, 117, 122, 125, 136, 137, 145, 146, 149, 153, 157, 162, 164, 169, 170, 173, 178, 180, 181, 185, 193, 194, 197, 200, 202, 205, 212, 218, 221, 225, 226, 229, 233, 234, 241


n is the sum of k nonzero squares for all 3 &lt;= k &lt;= n-14.
17, 18, 19, 21, 22, 26, 27, 30, 34, 35, 36, 38, 42, 43, 44, 45, 46, 48, 49, 50, 51, 53, 54, 57, 59, 61, 62, 65, 66, 67, 68, 69, 70, 72, 73, 74, 75, 76, 77, 78, 81, 82, 83, 84, 86, 88, 89, 90, 91, 93, 94, 97, 98, 99, 101, 102, 104, 105, 106, 107, 108, 109, 110, 113, 114, 115, 116


n is the sum of k nonzero squares for all 4 &lt;= k &lt;= n-14.
18, 19, 20, 21, 22, 23, 25, 26, 27, 28, 30, 31, 34, 35, 36, 37, 38, 39, 40, 42, 43, 44, 45, 46, 47, 48, 49, 50, 51, 52, 53, 54, 55, 57, 58, 59, 60, 61, 62, 63, 64, 65, 66, 67, 68, 69, 70, 71, 72, 73, 74, 75, 76, 77, 78, 79, 80, 81, 82, 83, 84, 85, 86, 87, 88, 89, 90, 91, 92, 93, 94, 95


n is the sum of k nonzero squares for all 5 &lt;= k &lt;= n-14 (contains all integers &gt;= 19 except 33).
19, 20, 21, 22, 23, 24, 25, 26, 27, 28, 29, 30, 31, 32, 34, 35, 36, 37, 38, 39, 40, 41, 42, 43, 44, 45, 46, 47, 48, 49, 50, 51, 52, 53, 54, 55, 56, 57, 58, 59, 60, 61, 62, 63, 64, 65, 66, 67, 68, 69, 70, 71, 72, 73, 74, 75, 76, 77, 78, 79, 80, 81, 82, 83, 84, 85, 86, 87, 88, 89, 90, 91


Numbers that are not the sum of 2 nonzero squares.
1, 3, 4, 6, 7, 9, 11, 12, 14, 15, 16, 19, 21, 22, 23, 24, 27, 28, 30, 31, 33, 35, 36, 38, 39, 42, 43, 44, 46, 47, 48, 49, 51, 54, 55, 56, 57, 59, 60, 62, 63, 64, 66, 67, 69, 70, 71, 75, 76, 77, 78, 79, 81, 83, 84, 86, 87, 88, 91, 92, 93, 94, 95, 96, 99, 102, 103, 105, 107, 108, 110


Numbers n such that n is a substring of its square when both are written in base 2.
0, 1, 2, 4, 8, 16, 27, 32, 41, 54, 64, 82, 108, 128, 145, 164, 165, 256, 283, 290, 328, 487, 512, 545, 566, 580, 974, 1024, 1090, 1132, 1160, 1773, 1948, 2048, 2113, 2180, 2320, 2701, 3546, 3896, 4096, 4226, 4261, 4360, 4757, 5402, 7092, 7625, 8079, 8192


Numbers n such that n is a substring of its square in base 3 (written in base 10).
0, 1, 3, 7, 9, 27, 32, 43, 81, 131, 243, 287, 706, 729, 1330, 1390, 1679, 1832, 2187, 2899, 3848, 4170, 5234, 6436, 6561, 11544, 12510, 14261, 19308, 19683, 30433, 33181, 34135, 35203, 35323, 37530, 38669, 42783, 59049, 72070, 79583, 93539, 99543


Numbers n such that n is a substring of its square in base 4 (written in base 10).
0, 1, 4, 16, 41, 54, 64, 164, 165, 256, 290, 487, 545, 566, 1024, 1160, 1948, 2180, 3546, 4096, 4226, 4261, 7625, 8321, 8720, 9514, 13813, 13867, 15913, 16158, 16384, 16904, 33284, 46126, 54854, 55468, 63652, 64632, 65536, 66050, 67616, 113047, 130591


Numbers n such that n is a substring of its square in base 5 (written in base 10).
0, 1, 5, 14, 25, 38, 125, 349, 408, 543, 625, 3125, 4743, 5292, 10888, 12196, 13201, 15625, 25509, 26460, 36536, 43614, 55038, 57837, 78125, 136888, 207889, 219698, 234783, 390625, 445663, 1090347, 1098490, 1336564, 1437874, 1720752, 1915227


Numbers n such that n is a substring of its square in base 6 (written in base 10).
0, 1, 3, 4, 6, 9, 18, 24, 28, 36, 54, 81, 108, 136, 144, 168, 216, 324, 486, 648, 816, 864, 1008, 1216, 1296, 1944, 2916, 3888, 4896, 5184, 6048, 6458, 6561, 7296, 7776, 8451, 11664, 16768, 17496, 22779, 23328, 23985, 29376, 29889, 31104, 34299, 34549, 36288


Numbers n such that n is a substring of its square in base 7 (written in base 10).
0, 1, 7, 30, 49, 285, 343, 911, 1900, 2208, 2401, 13962, 16807, 59763, 64098, 69128, 85880, 97734, 117649, 195032, 418341, 754422, 823543, 2162126, 2629229, 2790841, 3488518, 3842400, 4960401, 5764801, 7923812, 8559490, 15134882, 19765943


Numbers n such that n is a substring of its square in base 8 (written in base 10).
0, 1, 8, 27, 64, 283, 290, 512, 545, 1948, 2320, 4096, 4360, 8452, 13813, 16158, 16642, 23063, 26139, 27427, 27734, 32768, 33025, 67616, 87723, 110503, 129264, 130591, 133136, 184504, 206573, 226094, 262144, 264200, 526340, 701784, 1044728, 1050626


Numbers n such that n is a substring of its square in base 9 (written in base 10).
0, 1, 9, 32, 43, 81, 287, 706, 729, 4170, 6561, 30433, 37530, 38669, 42783, 59049, 99543, 192211, 281782, 394981, 415578, 531441, 561785, 666112, 1723076, 2046242, 3039924, 3485488, 4782969, 8684182, 11512384, 12684634, 18346925, 19988197


Numbers k such that decimal expansion of k^2 contains k as a substring.
0, 1, 5, 6, 10, 25, 50, 60, 76, 100, 250, 376, 500, 600, 625, 760, 1000, 2500, 3760, 3792, 5000, 6000, 6250, 7600, 9376, 10000, 14651, 25000, 37600, 50000, 60000, 62500, 76000, 90625, 93760, 100000, 109376, 250000, 376000, 495475, 500000, 505025


Minimal number of smaller integer-sided squares that tile an n X n square.
4, 6, 4, 8, 4, 9, 4, 6, 4, 11, 4, 11, 4, 6, 4, 12, 4, 13, 4, 6, 4, 13, 4, 8, 4, 6, 4, 14, 4, 15, 4, 6, 4, 8, 4, 15, 4, 6, 4, 15, 4, 16, 4, 6, 4, 16, 4, 9, 4, 6, 4, 16, 4, 8, 4, 6, 4, 17, 4, 17, 4, 6, 4, 8, 4


Number of squares on infinite chessboard at &lt;= n knight's moves from a fixed square.
1, 9, 41, 109, 205, 325, 473, 649, 853, 1085, 1345, 1633, 1949, 2293, 2665, 3065, 3493, 3949, 4433, 4945, 5485, 6053, 6649, 7273, 7925, 8605, 9313, 10049, 10813, 11605, 12425, 13273, 14149, 15053, 15985, 16945, 17933, 18949, 19993, 21065, 22165


Number of steps for knight to reach (n,0) on infinite chessboard.
0, 3, 2, 3, 2, 3, 4, 5, 4, 5, 6, 7, 6, 7, 8, 9, 8, 9, 10, 11, 10, 11, 12, 13, 12, 13, 14, 15, 14, 15, 16, 17, 16, 17, 18, 19, 18, 19, 20, 21, 20, 21, 22, 23, 22, 23, 24, 25, 24, 25, 26, 27, 26, 27, 28, 29, 28, 29, 30, 31, 30, 31, 32, 33, 32, 33, 34, 35, 34, 35, 36, 37, 36, 37, 38, 39, 38, 39, 40, 41, 40, 41, 42, 43


Number of steps for knight to reach (n,n) on infinite chessboard.
0, 2, 4, 2, 4, 4, 4, 6, 6, 6, 8, 8, 8, 10, 10, 10, 12, 12, 12, 14, 14, 14, 16, 16, 16, 18, 18, 18, 20, 20, 20, 22, 22, 22, 24, 24, 24, 26, 26, 26, 28, 28, 28, 30, 30, 30, 32, 32, 32, 34, 34, 34, 36, 36, 36, 38, 38, 38, 40, 40, 40, 42, 42, 42, 44, 44, 44


Squares on infinite chessboard at n moves from center using a {2,3} fairy knight.
1, 8, 32, 88, 192, 304, 372, 416, 472, 540, 608, 676, 744, 812, 880, 948, 1016, 1084, 1152, 1220, 1288, 1356, 1424, 1492, 1560, 1628, 1696, 1764, 1832, 1900, 1968, 2036, 2104, 2172, 2240, 2308, 2376, 2444, 2512, 2580, 2648, 2716, 2784, 2852, 2920, 2988


Number of steps for {2,3} fairy knight to reach (n,0) on infinite chessboard.
0, 5, 4, 5, 2, 5, 2, 5, 4, 5, 4, 7, 4, 5, 6, 7, 6, 7, 6, 7, 8, 9, 8, 9, 8, 9, 10, 11, 10, 11, 10, 11, 12, 13, 12, 13, 12, 13, 14, 15, 14, 15, 14, 15, 16, 17, 16, 17, 16, 17, 18, 19, 18, 19, 18, 19, 20, 21, 20, 21, 20, 21, 22, 23, 22, 23, 22, 23, 24, 25, 24, 25, 24, 25, 26, 27, 26, 27, 26, 27


Number of steps for {2,3} fairy knight to reach (n,n) on infinite chessboard.
0, 2, 4, 6, 4, 2, 4, 6, 6, 6, 4, 6, 6, 6, 8, 6, 8, 8, 8, 10, 8, 10, 10, 10, 12, 10, 12, 12, 12, 14, 12, 14, 14, 14, 16, 14, 16, 16, 16, 18, 16, 18, 18, 18, 20, 18, 20, 20, 20, 22, 20, 22, 22, 22, 24, 22, 24, 24, 24, 26, 24, 26, 26, 26, 28, 26, 28, 28, 28, 30, 28, 30, 30, 30, 32, 30, 32, 32


Number of squares on infinite chessboard at n knight's moves from center.
1, 8, 32, 68, 96, 120, 148, 176, 204, 232, 260, 288, 316, 344, 372, 400, 428, 456, 484, 512, 540, 568, 596, 624, 652, 680, 708, 736, 764, 792, 820, 848, 876, 904, 932, 960, 988, 1016, 1044, 1072, 1100, 1128, 1156


Number of n-dimensional unimodular lattices without roots.
1, 0, 0, 0, 0, 0, 0, 0, 0, 0, 0, 0, 0, 0, 0, 0, 0, 0, 0, 0, 0, 0, 0, 1, 2, 0, 1, 3, 38


Arises from generalized Lucas-Lehmer test for primality.
4, 10, 52, 724, 970, 10084, 95050, 140452, 1956244, 9313930, 27246964, 379501252, 912670090, 5285770564, 73621286644, 89432354890, 1025412242452, 8763458109130, 14282150107684, 198924689265124


Number of iterations required for the sum of n and its prime divisors = t to reach a prime (where t replaces n in each iteration) in <a href="/A016837" title="Primes reached after k iterations of sum of n and its prime divisors = t (where t replaces n in each iteration).">A016837</a>.
4, 2, 3, 2, 1, 2, 2, 2, 1, 3, 1, 2, 1, 1, 3, 2, 2, 2, 1, 1, 2, 2, 2, 2, 1, 3, 3, 2, 3, 5, 4, 1, 1, 1, 2, 2, 1, 2, 2, 10, 3, 2, 1, 6, 1, 3, 1, 5, 5, 1, 5, 3, 2, 1, 5, 1, 1, 2, 7, 3, 4, 4, 4, 1, 10, 3, 1, 4, 6, 3, 6, 3, 1, 6, 3, 4, 2, 2, 2, 2, 9, 2, 5, 1, 1, 3


Strobogrammatic numbers: numbers that are the same upside down (using calculator-style numerals).
0, 1, 2, 5, 8, 11, 22, 55, 69, 88, 96, 101, 111, 121, 151, 181, 202, 212, 222, 252, 282, 505, 515, 525, 555, 585, 609, 619, 629, 659, 689, 808, 818, 828, 858, 888, 906, 916, 926, 956, 986, 1001, 1111, 1221, 1551, 1691, 1881, 1961, 2002, 2112, 2222, 2552, 2692, 2882


Strobogrammatic primes: the same upside down (calculator-style numerals).
2, 5, 11, 101, 151, 181, 619, 659, 6229, 10501, 12821, 15551, 16091, 18181, 19861, 60209, 60509, 61519, 61819, 62129, 116911, 119611, 160091, 169691, 191161, 196961, 605509, 620029, 625529, 626929, 650059, 655559, 656959, 682289, 686989, 688889


Strobogrammatic squares: the same upside down (probably finite).
0, 1, 6889, 69169, 109181601


Strobogrammatic squares: the same upside down (calculator-style numerals).
0, 1, 121, 6889, 10201, 69169, 1002001, 5221225, 100020001, 109181601, 522808225, 602555209, 10000200001, 62188888129, 1000002000001, 1212225222121, 100000020000001, 10000000200000001, 10022212521222001, 12102202520220121


Numbers that are the sum of 2 cubes in more than 1 way (primitive solutions).
1729, 4104, 20683, 39312, 40033, 64232, 65728, 134379, 149389, 171288, 195841, 216027, 327763, 402597, 439101, 443889, 515375, 684019, 704977, 805688, 842751, 920673, 955016, 984067, 994688, 1009736, 1016496, 1073375, 1092728, 1331064


a(n)^2 is smallest square beginning with n.
0, 1, 5, 6, 2, 23, 8, 27, 9, 3, 10, 34, 11, 37, 12, 39, 4, 42, 43, 14, 45, 46, 15, 48, 49, 5, 51, 52, 17, 54, 55, 56, 18, 58, 59, 188, 6, 61, 62, 63, 20, 203, 65, 66, 21, 213, 68, 69, 22, 7, 71, 72, 23, 73, 74, 235, 75, 24, 241, 77, 78, 247, 25, 251, 8, 81, 257, 26, 83, 263, 84, 267, 27


a(n)^3 is smallest cube beginning with n.
0, 1, 3, 7, 16, 8, 4, 9, 2, 21, 10, 48, 5, 11, 52, 25, 55, 12, 57, 27, 59, 6, 61, 62, 29, 63, 64, 3, 66, 31, 67, 68, 32, 15, 7, 33, 154, 72, 73, 34, 16, 161, 35, 76, 164, 77, 36, 78, 169, 17, 37, 8, 174, 81, 38, 82, 178, 83, 18, 39, 182, 85, 184, 86, 4, 87, 188, 189, 19, 191, 89, 193, 9


a(n)^4 is smallest fourth power beginning with n.
0, 1, 4, 14, 8, 15, 5, 29, 3, 31, 10, 33, 6, 19, 11, 35, 2, 65, 37, 21, 12, 68, 69, 22, 7, 4, 72, 23, 13, 74, 132, 42, 134, 24, 43, 77, 138, 44, 14, 25, 8, 45, 144, 81, 46, 26, 147, 83, 47, 84, 15, 151, 85, 27, 86, 273, 154, 49, 276, 88, 157, 28, 5, 159, 283, 9, 286, 51, 91, 289, 29


Smallest factorial that begins with n.
1, 2, 362880, 40320, 5040, 6, 720, 87178291200


Smallest triangular number that begins with n.
1, 21, 3, 45, 55, 6, 78, 820, 91, 10, 1128, 120, 136, 1431, 15, 1653, 171, 1830, 190, 2016, 21, 2211, 231, 2415, 253, 2628, 276, 28, 2926, 300, 3160, 325, 3321, 3403, 351, 36, 378, 3828, 3916, 406, 4186, 4278, 435, 4465, 45, 465, 4753, 4851, 496, 5050, 5151, 528


2^a(n) is smallest power of 2 beginning with n.
0, 1, 5, 2, 9, 6, 46, 3, 53, 10, 50, 7, 17, 47, 77, 4, 34, 54, 84, 11, 31, 51, 61, 81, 8, 18, 38, 48, 68, 78, 98, 5, 25, 35, 45, 55, 75, 85, 95, 12, 22, 32, 42, 145, 52, 62, 72, 82, 92, 102, 9, 19, 29, 39, 142, 49, 59, 162, 69, 79, 89, 192, 99, 6, 16, 119, 26


Smallest power of 3 that begins with n.
1, 27, 3, 4782969, 59049, 6561, 729, 81, 9, 10460353203, 1162261467, 129140163, 1350851717672992089, 14348907, 1594323, 16677181699666569, 177147, 1853020188851841, 19683, 205891132094649, 2187, 22876792454961


3^a(n) is smallest power of 3 beginning with n.
0, 3, 1, 14, 10, 8, 6, 4, 2, 21, 19, 17, 38, 15, 13, 34, 11, 32, 9, 30, 7, 28, 49, 5, 26, 47, 3, 24, 45, 66, 22, 43, 108, 20, 85, 41, 106, 18, 83, 39, 104, 60, 16, 81, 37, 102, 14, 123, 79, 35, 100, 56, 12, 77, 33, 142, 98, 54, 10, 75, 31, 140, 96, 52, 8, 117, 73, 29, 138, 94, 50, 6


Smallest power of 4 that begins with n.
1, 256, 302231454903657293676544, 4, 5070602400912917605986812821504, 64, 70368744177664, 81129638414606681695789005144064, 91343852333181432387730302044767688728495783936, 1024, 1125899906842624


4^a(n) is smallest power of 4 beginning with n.
0, 4, 39, 1, 51, 3, 23, 53, 78, 5, 25, 40, 60, 75, 90, 2, 17, 27, 42, 52, 62, 72, 82, 92, 4, 9, 19, 24, 34, 39, 49, 54, 59, 64, 74, 79, 84, 89, 94, 6, 11, 16, 21, 119, 26, 31, 36, 41, 46, 51, 56, 154, 61, 66, 71, 267, 76, 81, 86, 184, 91, 96, 194, 3, 8, 204, 13, 18, 116, 23, 317, 28


Smallest power of 5 that begins with n.
1, 25, 3125, 48828125, 5, 625, 78125, 88817841970012523233890533447265625, 9765625, 108420217248550443400745280086994171142578125, 11920928955078125, 125, 1387778780781445675529539585113525390625, 1490116119384765625, 15625


5^a(n) is smallest power of 5 beginning with n.
0, 2, 5, 11, 1, 4, 7, 50, 10, 63, 23, 3, 56, 26, 6, 69, 49, 29, 9, 82, 62, 42, 22, 12, 2, 75, 55, 45, 25, 15, 5, 88, 68, 58, 48, 38, 28, 18, 8, 91, 81, 71, 61, 51, 41, 31, 21, 11, 104, 94, 84, 74, 167, 64, 54, 44, 137, 34, 24, 117, 14, 4, 97, 87, 180, 77, 67, 160, 57, 150, 47, 37, 130


Smallest power of 6 that begins with n.
1, 216, 36, 46656, 50021738714629030177311081962496059484833406150976385567830453518336, 6, 7776, 80204967233062404407033075859456


6^a(n) is smallest power of 6 beginning with n.
0, 3, 2, 6, 87, 1, 5, 41, 176, 9, 117, 4, 13, 94, 175, 8, 26, 89, 152, 215, 3, 30, 84, 129, 174, 219, 7, 16, 52, 88, 133, 169, 205, 241, 268, 2, 38, 65, 101, 128, 155, 182, 209, 236, 263, 6, 15, 42, 69, 87, 114, 141, 159, 177, 204, 222, 240, 267, 285, 10, 28, 46, 64, 82, 100


Smallest power of 7 that begins with n.
1, 2401, 343, 49, 5764801, 678223072849, 7, 823543, 96889010407, 107006904423598033356356300384937784807, 117649, 129934811447123020117172145698449, 13841287201, 1481113296616977741464105532513750734030421355207


7^a(n) is smallest power of 7 beginning with n.
0, 4, 3, 2, 8, 14, 1, 7, 13, 45, 6, 38, 12, 57, 31, 5, 50, 37, 11, 69, 43, 30, 17, 4, 49, 36, 23, 10, 68, 55, 42, 29, 16, 3, 61, 48, 35, 106, 22, 9, 67, 138, 54, 41, 28, 99, 15, 228, 2, 60, 131, 47, 260, 34, 21, 92, 8, 150, 66, 137, 53, 195, 40, 182, 27, 98, 14, 85, 298, 72, 285


Smallest power of 8 that begins with n.
1, 262144, 32768, 4096, 512, 64, 73786976294838206464, 8, 9223372036854775808, 1073741824, 1152921504606846976, 1237940039285380274899124224, 134217728, 144115188075855872, 154742504910672534362390528, 16777216


8^a(n) is smallest power of 8 beginning with n.
0, 6, 5, 4, 3, 2, 22, 1, 21, 10, 20, 30, 9, 19, 29, 8, 49, 18, 28, 7, 110, 17, 58, 27, 37, 6, 47, 16, 57, 26, 98, 5, 139, 46, 15, 118, 25, 190, 97, 4, 169, 107, 14, 179, 117, 55, 24, 158, 96, 34, 3, 137, 75, 13, 209, 147, 85, 54, 23, 157, 126, 64, 33, 2, 167, 105, 74, 12, 208, 146


Smallest power of 9 that begins with n.
1, 282429536481, 387420489, 4782969, 59049, 6561, 729, 81, 9, 109418989131512359209, 11972515182562019788602740026717047105681, 12157665459056928801, 1350851717672992089


9^a(n) is smallest power of 9 beginning with n.
0, 12, 9, 7, 5, 4, 3, 2, 1, 21, 42, 20, 19, 40, 18, 17, 60, 16, 59, 15, 80, 14, 101, 57, 13, 78, 34, 12, 77, 33, 11, 98, 54, 10, 119, 75, 53, 9, 118, 96, 52, 30, 8, 95, 73, 51, 7, 138, 94, 72, 50, 28, 6, 115, 93, 71, 49, 27, 5, 114, 92, 70, 48, 26, 4, 135, 113, 91, 69, 47, 25, 3, 134


Smallest fifth power that begins with n.
0, 1, 243, 32, 4084101, 59049, 6436343, 7776, 844596301, 9765625, 1024, 11881376, 1252332576, 130691232, 1419857, 1564031349, 16807, 17210368, 1889568, 1934917632, 20511149, 21003416576, 229345007, 2373046875, 243, 254803968


a(n)^5 is smallest fifth power beginning with n.
0, 1, 3, 2, 21, 9, 23, 6, 61, 25, 4, 26, 66, 42, 17, 69, 7, 28, 18, 72, 29, 116, 47, 75, 3, 48, 192, 77, 31, 124, 79, 5, 2, 32, 51, 129, 205, 13, 52, 33, 21, 53, 212, 134, 85, 34, 136, 86, 137, 87, 55, 22, 35, 14, 352, 56, 224, 142, 226, 9, 36, 144, 91, 363, 23, 58, 146, 232, 147, 37


Smallest sixth power that begins with n.
0, 1, 262144, 34012224, 4096, 531441, 64, 729, 85766121, 9474296896, 1000000, 117649, 1291467969, 13841287201, 148035889, 15625, 16777216, 1771561, 1838265625, 191102976, 208422380089, 2176782336, 22164361129, 2313060765625, 24137569


a(n)^6 is smallest sixth power beginning with n.
0, 1, 8, 18, 4, 9, 2, 3, 21, 46, 10, 7, 33, 49, 23, 5, 16, 11, 35, 24, 77, 36, 53, 115, 17, 37, 8, 55, 81, 12, 26, 121, 83, 263, 18, 39, 124, 85, 27, 271, 4, 127, 59, 87, 188, 189, 6, 19, 13, 89, 131, 61, 132, 9, 42, 133, 62, 134, 197, 29, 92, 292, 63, 43, 2, 201, 137, 202, 64, 138


Smallest seventh power that begins with n.
0, 1, 2187, 35831808, 4782969, 52523350144, 62748517, 78125, 823543, 94931877133, 10000000, 114415582592, 128, 13492928512, 14645194571776, 1522435234375, 16384, 170859375, 1801088541, 19487171, 2097152, 2187, 2207984167552


a(n)^7 is smallest seventh power beginning with n.
0, 1, 3, 12, 9, 34, 13, 5, 7, 37, 10, 38, 2, 28, 76, 55, 4, 15, 21, 11, 8, 3, 58, 42, 22, 114, 16, 6, 116, 84, 117, 44, 85, 119, 23, 12, 167, 45, 234, 63, 88, 17, 33, 46, 89, 24, 173, 9, 174, 65, 47, 91, 34, 127, 66, 92, 128, 248, 48, 129, 67, 18, 13, 181, 35, 351, 131, 49, 183, 95, 255


Smallest eighth power that begins with n.
0, 1, 256, 390625, 43046721, 5764801, 6561, 78310985281, 815730721, 9682651996416, 100000000, 11019960576, 128063081718016, 1370114370683136, 1475789056, 152587890625, 1679616, 1785793904896, 1853020188851841, 191707312997281


a(n)^8 is smallest eighth power beginning with n.
0, 1, 2, 5, 9, 7, 3, 23, 13, 42, 10, 18, 58, 78, 14, 25, 6, 34, 81, 61, 26, 11, 35, 47, 63, 2, 113, 85, 27, 86, 115, 65, 87, 49, 277, 37, 66, 21, 158, 5, 67, 283, 12, 9, 286, 51, 287, 91, 289, 122, 29, 69, 123, 39, 22, 93, 221, 7, 222, 125, 94, 223, 53, 126, 71, 3, 95, 127, 226, 17


Smallest ninth power that begins with n.
0, 1, 262144, 387420489, 40353607, 512, 68719476736, 794280046581, 8662995818654939, 922190162669056, 10077696, 118587876497, 1207269217792, 134217728, 14507145975869, 15633814156853823, 165216101262848


a(n)^9 is smallest ninth power beginning with n.
0, 1, 4, 9, 7, 2, 16, 21, 59, 46, 6, 17, 22, 8, 29, 63, 38, 137, 23, 3, 14, 109, 141, 11, 184, 86, 4, 52, 87, 188, 113, 68, 19, 191, 148, 32, 149, 193, 9, 54, 7, 117, 91, 152, 118, 71, 33, 92, 154, 332, 43, 2, 93, 201, 26, 121, 261, 94, 73, 122, 34, 44, 264, 57, 123, 343, 74, 344, 16


Smallest tenth power that begins with n.
0, 1, 282475249, 3486784401, 41426511213649, 59049, 60466176, 79792266297612001, 819628286980801, 9765625, 1024, 1125899906842624, 12157665459056928801, 137858491849, 141167095653376, 1531578985264449, 16679880978201


a(n)^10 is smallest tenth power beginning with n.
0, 1, 7, 9, 23, 3, 6, 49, 31, 5, 2, 32, 81, 13, 26, 33, 21, 42, 67, 85, 17, 43, 86, 109, 69, 11, 22, 35, 7, 28, 56, 89, 71, 113, 9, 18, 36, 72, 91, 182, 115, 23, 29, 58, 116, 232, 185, 147, 37, 74, 148, 59, 47, 94, 375, 188, 75, 15, 189, 3, 6, 12, 38, 24, 48, 152, 96, 121, 192, 305


Least nonsquare having square residues for all moduli 2 through n.
2, 3, 12, 21, 21, 21, 60, 184, 184, 280, 280, 364, 364, 364, 1456, 3124, 3124, 5236, 5236, 5236, 5236, 17185, 17185, 25249, 25249, 25249, 25249, 49504, 49504, 49504, 49504, 49504, 49504, 49504, 49504, 233776, 233776, 233776, 233776, 364144, 364144


Squares using at most two distinct digits, not ending in 0.
1, 4, 9, 16, 25, 36, 49, 64, 81, 121, 144, 225, 441, 484, 676, 1444, 7744, 11881, 29929, 44944, 55225, 69696, 9696996, 6661661161


Squares using no more than two distinct digits.
0, 1, 4, 9, 16, 25, 36, 49, 64, 81, 100, 121, 144, 225, 400, 441, 484, 676, 900, 1444, 7744, 10000, 11881, 29929, 40000, 44944, 55225, 69696, 90000, 1000000, 4000000, 9000000, 9696996, 100000000, 400000000, 900000000, 6661661161, 10000000000


Waring's problem: least positive integer requiring maximum number of terms when expressed as a sum of positive n-th powers.
1, 7, 23, 79, 223, 703, 2175, 6399, 19455, 58367, 176127, 528383, 1589247, 4767743, 14319615, 42991615, 129105919, 387186687, 1161822207, 3486515199, 10458497023, 31377588223, 94136958975, 282427654143, 847282962431, 2541815332863


Waring's problem: historical upper bounds on <a href="/A079611" title="Waring's problem: conjectured values for G(n), the smallest number m such that every sufficiently large number is the sum of...">A079611</a>, as stated in a web page in 1996.
1, 4, 7, 16, 18, 27, 36, 42, 55, 63, 70, 79, 87, 95, 103, 112, 120, 129, 138, 146


Numbers which are not the sum of seven nonnegative cubes.
15, 22, 23, 50, 114, 167, 175, 186, 212, 231, 238, 239, 303, 364, 420, 428, 454


Shortest representation as sum of positive cubes requires exactly 8 cubes.
15, 22, 50, 114, 167, 175, 186, 212, 231, 238, 303, 364, 420, 428, 454


Smallest expression as sum of positive cubes requires exactly 7 cubes.
7, 14, 21, 42, 47, 49, 61, 77, 85, 87, 103, 106, 111, 112, 113, 122, 140, 148, 159, 166, 174, 178, 185, 204, 211, 223, 229, 230, 237, 276, 292, 295, 300, 302, 311, 327, 329, 337, 340, 356, 363, 390, 393, 401, 412, 419, 427, 438, 446, 453, 465, 491, 510, 518, 553, 616


Number of positive knots with n crossings.
0, 0, 1, 0, 1, 0, 1, 1, 1, 3, 2, 7, 9, 17, 47


Number of ways to write 1/n as a sum of exactly 2 unit fractions.
1, 2, 2, 3, 2, 5, 2, 4, 3, 5, 2, 8, 2, 5, 5, 5, 2, 8, 2, 8, 5, 5, 2, 11, 3, 5, 4, 8, 2, 14, 2, 6, 5, 5, 5, 13, 2, 5, 5, 11, 2, 14, 2, 8, 8, 5, 2, 14, 3, 8, 5, 8, 2, 11, 5, 11, 5, 5, 2, 23, 2, 5, 8, 7, 5, 14, 2, 8, 5, 14, 2, 18, 2, 5, 8, 8, 5, 14, 2, 14, 5, 5, 2, 23, 5, 5, 5, 11, 2, 23, 5, 8, 5, 5, 5, 17, 2, 8, 8


Blasius sequence: from coefficients in expansion of solution to Blasius's equation in boundary layer theory.
1, 1, 11, 375, 27897, 3817137, 865874115, 303083960103, 155172279680289, 111431990979621729, 108511603921116483579, 139360142400556127213655, 230624017175131841824732233, 482197541715276031774659298833


Numbers n such that sigma(n)/phi(n) sets a new record.
1, 2, 4, 6, 12, 24, 30, 60, 120, 180, 210, 360, 420, 840, 1260, 1680, 2520, 4620, 9240, 13860, 18480, 27720, 55440, 110880, 120120, 180180, 240240, 360360, 720720, 1441440, 2162160, 3603600, 4084080, 4324320, 6126120, 12252240, 24504480, 36756720, 61261200


Weight distribution of [ 512,130,64 ] third-order Reed-Muller code.
1, 0, 0, 0, 0, 0, 0, 0, 6304280, 91931532672, 27817105940480, 29533455515648, 12583593752692060, 361519028967047168, 17833197403694489600, 12590654537544499200, 1020786087075313090560, 4318594506377763225600


a(n) = ( a(n-1)*a(n-7) + a(n-4)^2 ) / a(n-8); a(0) = ... = a(7) = 1.
1, 1, 1, 1, 1, 1, 1, 1, 2, 3, 4, 5, 9, 18, 34, 93, 180, 348, 724, 3033, 9666, 24986, 83761, 261033, 1023728, 3923791, 26128126, 105734485, 381740209, 1895904805, 14058722881, 97964968321, 517832518189, 4364261070929, 25225712161101, 181840424632390


Weight distribution of [512,382,16] 9th-order Reed-Muller (or RM) code.
1, 0, 0, 0, 0, 0, 0, 0, 105911904, 0, 0, 0, 1838630653440, 0, 509913567887360, 1721378550054912, 131916883632582384, 2108688723817267200, 74239828158397841408, 1712014250742613278720, 63207760722959840830976, 2147443289652067471196160


Theta series of 14-dimensional lattice of det 3^7 and minimal norm 2.
1, 0, 756, 8736, 44226


Smallest positive integer not representable as the sum of at most n distinct numbers of form 2^a*3^b.
1, 5, 23, 431, 18431, 3448733, 1441896119


Sum of two distinct powers of 2.
3, 5, 6, 9, 10, 12, 17, 18, 20, 24, 33, 34, 36, 40, 48, 65, 66, 68, 72, 80, 96, 129, 130, 132, 136, 144, 160, 192, 257, 258, 260, 264, 272, 288, 320, 384, 513, 514, 516, 520, 528, 544, 576, 640, 768, 1025, 1026, 1028, 1032, 1040, 1056, 1088, 1152, 1280, 1536, 2049, 2050, 2052, 2056, 2064, 2080, 2112, 2176, 2304, 2560, 3072


Central hexanomial coefficients: largest coefficient of (1+x+...+x^5)^n.
1, 1, 6, 27, 146, 780, 4332, 24017, 135954, 767394, 4395456, 25090131, 144840476, 833196442, 4836766584, 27981391815, 163112472594, 947712321234, 5542414273884, 32312202610863, 189456975899496, 1107575676600876


a(n+2) = 5*a(n+1) - 3*a(n).
1, 4, 17, 73, 314, 1351, 5813, 25012, 107621, 463069, 1992482, 8573203, 36888569, 158723236, 682950473, 2938582657, 12644061866, 54404561359, 234090621197, 1007239421908, 4333925245949, 18647907964021, 80237764082258, 345245096519227, 1485512190349361


Define the sequence S(a(0),a(1)) by a(n+2) is the least integer such that a(n+2)/a(n+1) &gt; a(n+1)/a(n) for n &gt;= 0. This is S(1,5).
1, 5, 26, 136, 712, 3728, 19520, 102208, 535168, 2802176, 14672384, 76825600, 402264064, 2106281984, 11028635648, 57746685952, 302365573120, 1583206694912, 8289777876992, 43405840482304, 227275931385856, 1190032226385920, 6231089632772096, 32626408891088896


Define the sequence S(a(0),a(1)) by a(n+2) is the least integer such that a(n+2)/a(n+1) &gt; a(n+1)/a(n) for n &gt;= 0. This is S(1,6).
1, 6, 37, 229, 1418, 8781, 54377, 336734, 2085253, 12913101, 79965442, 495192589, 3066520913, 18989683446, 117595179557, 728217839669, 4509548979898, 27925753660941, 172932530727097, 1070898946784974, 6631629973859333, 41066915083090461, 254310255712336562


Duplicate of <a href="/A024537" title="a(n) = floor( a(n-1)/(sqrt(2) - 1) ), with a(0) = 1.">A024537</a>.
2, 4, 9, 21, 50, 120, 289, 697, 1682, 4060, 9801, 23661, 57122, 137904, 332929


Define the Shallit sequence S(a_0,a_1) by a_{n+2} is the least integer &gt; a_{n+1}^2/a_n for n &gt;= 0. This is S(2,6).
2, 6, 19, 61, 196, 630, 2026, 6516, 20957, 67403, 216786, 697242, 2242518, 7212542, 23197479, 74609345, 239963764, 771788146, 2482278709, 7983677414, 25677658524, 82586271099, 265619708576, 854304579262, 2747673800490, 8837259564290, 28423008798464


Define the sequence S(a_0,a_1) by a_{n+2} is the least integer such that a_{n+2}/a_{n+1} &gt; a_{n+1}/a_n for n &gt;= 0. This is S(2,7).
2, 7, 25, 90, 325, 1174, 4241, 15321, 55349, 199956, 722370, 2609667, 9427803, 34059315, 123044249, 444515318, 1605876501, 5801463374, 20958633656, 75716124779, 273535557978, 988187148996, 3569970385786, 12897039359739, 46592438107869, 168321986797406


Define sequence S(a_0,a_1) by a_{n+2} is least integer such that a_{n+2}/a_{n+1}&gt;a_{n+1}/a_n for n &gt;= 0. This is S(3,4).
3, 4, 6, 10, 17, 29, 50, 87, 152, 266, 466, 817, 1433, 2514, 4411, 7740, 13582, 23834, 41825, 73397, 128802, 226031, 396656, 696082, 1221538, 2143649, 3761841, 6601570, 11584947, 20330164, 35676950, 62608682, 109870577, 192809421, 338356946, 593775047


Define the sequence S(a_0,a_1) by a_{n+2} is the least integer such that a_{n+2}/a_{n+1}&gt;a_{n+1}/a_n for n &gt;= 0. This is S(3,6).
3, 6, 13, 29, 65, 146, 328, 737, 1657, 3726, 8379, 18843, 42375, 95295, 214305, 481942, 1083821, 2437364, 5481296, 12326680, 27721007, 62340730, 140195723, 315280889, 709023335, 1594495915, 3585801902, 8063975053, 18134770251, 40782602860, 91714461944


Pisot sequence L(4,5).
4, 5, 7, 10, 15, 23, 36, 57, 91, 146, 235, 379, 612, 989, 1599, 2586, 4183, 6767, 10948, 17713, 28659, 46370, 75027, 121395, 196420, 317813, 514231, 832042, 1346271, 2178311, 3524580, 5702889, 9227467, 14930354, 24157819, 39088171, 63245988, 102334157, 165580143


Expansion of 1/((1-4x)(1-5x)(1-9x)).
1, 18, 223, 2376, 23485, 222894, 2067787, 18935172, 172107529, 1557684810, 14063797111, 126801537408, 1142367430933, 10287141958566, 92613721463395, 833671786093884, 7503791834428897, 67537872487648962


Expansion of 1/((1-4x)(1-5x)(1-10x)).
1, 19, 251, 2879, 30891, 320439, 3266131, 32986399, 331554971, 3324266759, 33287301411, 333100377519, 3332157369451, 33327408774679, 333303531583091, 3333183608754239, 33332581847126331, 333329564449052199


a(n) = 9*a(n - 1) - a(n - 2) for n&gt;1, a(0)=0, a(1)=1.
0, 1, 9, 80, 711, 6319, 56160, 499121, 4435929, 39424240, 350382231, 3114015839, 27675760320, 245967827041, 2186034683049, 19428344320400, 172669064200551, 1534593233484559, 13638670037160480, 121213437100959761


Pisot sequence T(2,5), a(n) = floor(a(n-1)^2/a(n-2)).
2, 5, 12, 28, 65, 150, 346, 798, 1840, 4242, 9779, 22543, 51967, 119796, 276157, 636604, 1467515, 3382951, 7798460, 17977197, 41441465, 95531857, 220222323, 507661769, 1170274058, 2697743762, 6218903474, 14335965099, 33047609788, 76182140871, 175616894078


Define the generalized Pisot sequence T(a(0),a(1)) by: a(n+2) is the greatest integer such that a(n+2)/a(n+1) &lt; a(n+1)/a(n). This is T(2,6).
2, 6, 17, 48, 135, 379, 1064, 2987, 8385, 23538, 66074, 185477, 520654, 1461532, 4102678, 11516659, 32328502, 90749586, 254743859, 715093440, 2007344278, 5634831512, 15817578736, 44401646533, 124640202381, 349878467638, 982146528794, 2756991050447


Define the sequence T(a(0),a(1)) by a(n+2) is the greatest integer such that a(n+2)/a(n+1) &lt; a(n+1)/a(n) for n &gt;= 0. This is T(2,8).
2, 8, 31, 120, 464, 1794, 6936, 26816, 103676, 400832, 1549696, 5991432, 23164064, 89556864, 346244592, 1338650240, 5175487232, 20009459744, 77360538496, 299091179520, 1156345798592, 4470662117376, 17284466110464, 66825172844672


Define the generalized Pisot sequence T(a(0),a(1)) by: a(n+2) is the greatest integer such that a(n+2)/a(n+1) &lt; a(n+1)/a(n). This is T(3,5).
3, 5, 8, 12, 17, 24, 33, 45, 61, 82, 110, 147, 196, 261, 347, 461, 612, 812, 1077, 1428, 1893, 2509, 3325, 4406, 5838, 7735, 10248, 13577, 17987, 23829, 31568, 41820, 55401, 73392, 97225, 128797, 170621, 226026, 299422, 396651, 525452, 696077, 922107


Define the generalized Pisot sequence T(a(0),a(1)) by: a(n+2) is the greatest integer such that a(n+2)/a(n+1) &lt; a(n+1)/a(n). This is T(3,6).
3, 6, 11, 20, 36, 64, 113, 199, 350, 615, 1080, 1896, 3328, 5841, 10251, 17990, 31571, 55404, 97228, 170624, 299425, 525455, 922110, 1618191, 2839728, 4983376, 8745216, 15346785, 26931731, 47261894, 82938843, 145547524, 255418100, 448227520, 786584465


Define the generalized Pisot sequence T(a(0),a(1)) by: a(n+2) is the greatest integer such that a(n+2)/a(n+1) &lt; a(n+1)/a(n). This is T(3,9).
3, 9, 26, 75, 216, 622, 1791, 5157, 14849, 42756, 123111, 354484, 1020696, 2938977, 8462447, 24366645, 70160958, 202020427, 581694636, 1674922950, 4822748423, 13886550633, 39984728949, 115131438424, 331507764639, 954538564968


Pisot sequence T(3,10), a(n) = floor(a(n-1)^2/a(n-2)).
3, 10, 33, 108, 353, 1153, 3766, 12300, 40172, 131202, 428506, 1399501, 4570771, 14928140, 48755311, 159234864, 520061125, 1698519827, 5547366384, 18117700664, 59172417076, 193257136076, 631177877968, 2061427183105, 6732621943159, 21988745758766


Define the generalized Pisot sequence T(a(0),a(1)) by: a(n+2) is the greatest integer such that a(n+2)/a(n+1) &lt; a(n+1)/a(n). This is T(4,8).
4, 8, 15, 28, 52, 96, 177, 326, 600, 1104, 2031, 3736, 6872, 12640, 23249, 42762, 78652, 144664, 266079, 489396, 900140, 1655616, 3045153, 5600910, 10301680, 18947744, 34850335, 64099760, 117897840, 216847936, 398845537, 733591314, 1349284788, 2481721640


Define the generalized Pisot sequence T(a(0),a(1)) by: a(n+2) is the greatest integer such that a(n+2)/a(n+1) &lt; a(n+1)/a(n). This is T(8,16).
8, 16, 31, 60, 116, 224, 432, 833, 1606, 3096, 5968, 11504, 22175, 42744, 82392, 158816, 306128, 590081, 1137418, 2192444, 4226072, 8146016, 15701951, 30266484, 58340524, 112454976, 216763936, 417825921, 805385358, 1552430192, 2992405408, 5768046880


Define the generalized Pisot sequence T(a(0),a(1)) by: a(n+2) is the greatest integer such that a(n+2)/a(n+1) &lt; a(n+1)/a(n). This is T(16,32).
16, 32, 63, 124, 244, 480, 944, 1856, 3649, 7174, 14104, 27728, 54512, 107168, 210687, 414200, 814296, 1600864, 3147216, 6187264, 12163841, 23913482, 47012668, 92424472, 181701728, 357216192, 702268543, 1380623604, 2714234540, 5336044608, 10490387488


Isotropic subspaces of an n-dimensional symplectic space over GF(4).
1, 3, 9, 27, 297, 891, 38313, 114939


Isotropic subspaces of a 2n-dimensional unitary space over GF(4).
5, 85, 5525, 1419925


Number of ways to partition an n-cube into subcubes (without reducing isomorphic cases); number of labeled squashed n-cubes; ways to make a tautology from disjoint terms with n Boolean variables; number of Rivest compression schemes for n-bit retrieval.
1, 2, 8, 154, 89512


For each permutation p of {1,2,...,n} define maxjump(p) = max(p(i) - i); a(n) is sum of maxjumps of all p.
0, 1, 7, 45, 313, 2421, 20833, 198309, 2073793, 23664021, 292834513, 3907994949, 55967406433, 856355084661, 13944569166193, 240803714700069, 4395998055854593, 84596337986326101, 1711691067680320273


Define {b(n)} by b(1)=3, b(n) (n &gt;= 2) is smallest number such that b(1)^2+...+b(n)^2 = m^2 for some m and all b(i) are distinct. Sequence gives values of m.
3, 5, 13, 85, 157, 12325, 12461, 106285, 276341, 339709, 10363909, 17238541, 1936511509, 51335823965, 133473142309, 872709007405, 1574530008629, 667511933218429, 698925273030725, 707670964169285, 1839944506840141


Define {b(n)} by b(1)=3, b(n) (n &gt;= 2) is smallest number such that b(1)^2+...+b(n)^2 = m^2 for some m and all b(i) are distinct. Sequence gives values of m^2.
9, 25, 169, 7225, 24649, 151905625, 155276521, 11296501225, 76364348281, 115402204681, 107410609760281, 297167295808681, 3750076824489457081, 2635366822165468321225, 17815079717838565851481, 761621011605820344834025


a(1)=3; for n&gt;1, a(n) is smallest positive integer such that a(1)^2+...+a(n)^2 = m^2 for some m.
3, 4, 12, 84, 132, 12324, 1836, 105552, 255084, 197580, 10358340, 13775220, 1936434780, 51299286012, 123205977516, 862441842612, 1310543298204, 667510076211780, 207181940072172, 110912831751840, 1698410314006284


The number of permutations of n cards in which 2 is the first card hit and 3 the next hit after 2.
0, 1, 2, 12, 72, 480, 3600, 30240


The number of permutations of n cards in which 4 will be the next hit after 2.
0, 3, 10, 60, 408, 3120, 26640, 252000, 2620800, 29756160, 366508800, 4869849600, 69455232000, 1058593536000, 17174123366400, 295534407168000, 5377157001216000, 103149354147840000, 2080771454361600000


From the game of Mousetrap.
2, 11, 50, 348, 2712, 23520, 225360, 2368800, 27135360, 336752640, 4503340800, 64585382400, 989138304000, 16115529830400, 278360283801600, 5081622594048000, 97772197146624000, 1977622100213760000


From the game of Mousetrap.
0, 0, 0, 2, 8, 42, 256, 1810, 14568, 131642, 1320128, 14551074, 174879880, 2276108362, 31894886208, 478775722802, 7664993150696, 130369025763930, 2347604596782208, 44619881467365442, 892659329531868168, 18750556523491299434, 412601744979927877760, 9491630163800726992722


Consider smallest m such that m^2 = x1^2 + ... + xn^2 with 0 &lt; x1 &lt; ... &lt; xn. Sequence gives values of m.
1, 5, 7, 9, 10, 13, 14, 17, 19, 23, 23, 30, 30, 34, 38, 41, 45, 48, 52, 59, 60, 64, 68, 70, 75, 83, 85, 91, 97, 102, 106, 109, 114, 120, 123, 130, 137, 140, 146, 152, 158, 161, 167, 175, 180, 187, 190, 196, 203, 211, 217, 223, 228, 236, 242, 248, 255, 261, 267, 275, 282, 288


Consider smallest m such that m^2 = x1^2 + ... + xn^2 with 0 &lt; x1 &lt; ... &lt; xn. Sequence gives values of m^2.
1, 25, 49, 81, 100, 169, 196, 289, 361, 529, 529, 900, 900, 1156, 1444, 1681, 2025, 2304, 2704, 3481, 3600, 4096, 4624, 4900, 5625, 6889, 7225, 8281, 9409, 10404, 11236, 11881, 12996, 14400, 15129, 16900, 18769, 19600, 21316, 23104, 24964, 25921, 27889


Consider smallest m such that m^2 = x_1^2 + ... + x_n^2 with 0 &lt; x_1 &lt; ... &lt; x_n. Sequence gives least value of x_n.
1, 4, 6, 6, 7, 9, 9, 11, 11, 13, 12, 16, 15, 16, 20, 21, 19, 22, 22, 22, 23, 25, 28, 24, 26, 29, 32, 36, 34, 33, 34, 35, 36, 38, 38, 39, 40, 45, 42, 44, 44, 44, 48, 48, 49, 50, 49, 51, 52, 54, 57, 56, 57, 56, 61, 63, 59, 61, 64, 64, 65, 65, 69, 67, 69, 76, 76, 71, 75, 73, 80, 73


Decimal expansion of e^Pi - Pi.
1, 9, 9, 9, 9, 0, 9, 9, 9, 7, 9, 1, 8, 9, 4, 7, 5, 7, 6, 7, 2, 6, 6, 4, 4, 2, 9, 8, 4, 6, 6, 9, 0, 4, 4, 4, 9, 6, 0, 6, 8, 9, 3, 6, 8, 4, 3, 2, 2, 5, 1, 0, 6, 1, 7, 2, 4, 7, 0, 1, 0, 1, 8, 1, 7, 2, 1, 6, 5, 2, 5, 9, 4, 4, 4, 0, 4, 2, 4, 3, 7, 8, 4, 8, 8, 8, 9, 3, 7, 1, 7, 1, 7, 2, 5, 4, 3, 2, 1


Continued fraction for e^Pi - Pi.
19, 1, 1110, 11, 1, 2, 2, 2, 2, 1, 61, 3, 2083, 1, 2, 1, 2, 3, 1, 2, 9, 2, 28, 1, 3, 2, 2, 10, 3, 1, 3, 1, 1, 1, 4, 14, 1, 2, 2, 1, 1, 20, 2, 12, 1, 25, 1, 37, 1, 18, 1, 1, 1, 1, 6, 2, 1, 1, 150, 1, 2, 11, 1, 8, 1, 1, 11, 3, 19, 7, 1, 3, 7, 1, 151, 1, 4, 1, 12, 8, 1, 1, 182, 1, 12, 3, 7, 1, 22, 2


Cycle class sequence c(2n) (the number of true cycles of length 2n in which a certain node is included) for zeolite ABW = Li-A (Barrer and White).
2, 6, 32, 170, 1038, 6419, 39528, 260163, 1718940


Cycle class sequence c(2n) (the number of true cycles of length 2n in which a certain node is included) for zeolite AEI = AlPO4-18 [ Al24P24O96 ].
3, 7, 40, 181, 751, 4362, 30172, 201561, 1326983


Cycle class sequence c(2n) (the number of true cycles of length 2n in which a certain node is included) for zeolite AEI = AlPO4-18 [ Al24P24O96 ].
3, 7, 40, 182, 743, 4352, 30332, 201543, 1325921


Cycle class sequence c(2n) (the number of true cycles of length 2n in which a certain node is included) for zeolite AEI = AlPO4-18 [ Al24P24O96 ].
3, 7, 40, 182, 744, 4348, 30316, 201606, 1325951


Cycle class sequence c(2n) (the number of true cycles of length 2n in which a certain node is included) for zeolite AEL = AlPO4-11 [ Al20P20O80 ].
0, 11, 28, 266, 1120, 7778, 44302, 302172, 1978796


Cycle class sequence c(2n) (the number of true cycles of length 2n in which a certain node is included) for zeolite AEL = AlPO4-11 [ Al20P20O80 ].
1, 13, 23, 252, 1011, 7399, 41917, 288815, 1888898


Cycle class sequence c(2n) (the number of true cycles of length 2n in which a certain node is included) for zeolite AEL = AlPO4-11 [ Al20P20O80 ].
1, 13, 27, 250, 1027, 7325, 41828, 286471, 1880024


Cycle class sequence c(2n) (the number of true cycles of length 2n in which a certain node is included) for zeolite AET = AlPO4-8 [ Al36P36O144 ].
0, 11, 32, 285, 1349, 9222, 54014, 353731, 2251144


Cycle class sequence c(2n) (the number of true cycles of length 2n in which a certain node is included) for zeolite AET = AlPO4-8 [ Al36P36O144 ].
1, 13, 24, 275, 1194, 8899, 51733, 347529, 2210618


Cycle class sequence c(2n) (the number of true cycles of length 2n in which a certain node is included) for zeolite AET = AlPO4-8 [ Al36P36O144 ].
1, 14, 33, 308, 1356, 9515, 54475, 357706, 2245183


Cycle class sequence c(2n) (the number of true cycles of length 2n in which a certain node is included) for zeolite AET = AlPO4-8 [ Al36P36O144 ].
1, 14, 34, 269, 1202, 7994, 46169, 303556, 1940569


Cycle class sequence c(2n) (the number of true cycles of length 2n in which a certain node is included) for zeolite AET = AlPO4-8 [ Al36P36O144 ].
2, 16, 34, 261, 1054, 7154, 40978, 273252, 1750672


Cycle class sequence c(2n) (the number of true cycles of length 2n in which a certain node is included) for zeolite AFG = Afghanite (Na2,Ca,K2)12 [ Al24Si24O96 ].
2, 6, 33, 202, 1042, 6206, 38572, 252894, 1685564


Cycle class sequence c(2n) (the number of true cycles of length 2n in which a certain node is included) for zeolite AFG = Afghanite (Na2,Ca,K2)12 [ Al24Si24O96 ].
2, 6, 34, 217, 1092, 6616, 39640, 254593, 1678272


Cycle class sequence c(2n) (the number of true cycles of length 2n in which a certain node is included) for zeolite AFG = Afghanite (Na2,Ca,K2)12 [ Al24Si24O96 ].
2, 7, 36, 234, 1096, 6501, 38976, 250928, 1658180


Cycle class sequence c(2n) (the number of true cycles of length 2n in which a certain node is included) for zeolite AFI = AlPO4-5 [ Al12P12O48 ] . R . q H2O.
1, 13, 28, 270, 1176, 7952, 43772, 285525, 1808560


Cycle class sequence c(2n) (the number of true cycles of length 2n in which a certain node is included) for zeolite AFO = AlPO4-41 [ Al20P20O80 ].
0, 11, 32, 277, 1286, 8696, 50544, 332333, 2140956


Cycle class sequence c(2n) (the number of true cycles of length 2n in which a certain node is included) for zeolite AFO = AlPO4-41 [ Al20P20O80 ].
1, 12, 18, 213, 868, 6811, 40267, 283800, 1893581


Cycle class sequence c(2n) (the number of true cycles of length 2n in which a certain node is included) for zeolite AFO = AlPO4-41 [ Al20P20O80 ].
1, 13, 23, 255, 1076, 7925, 45657, 309062, 2001564


Cycle class sequence c(2n) (the number of true cycles of length 2n in which a certain node is included) for zeolite AFO = AlPO4-41 [ Al20P20O80 ].
1, 14, 32, 285, 1214, 8375, 47347, 313140, 2002655


Cycle class sequence c(2n) (the number of true cycles of length 2n in which a certain node is included) for zeolite AFR = SAPO-40 [ Si7Al29P28O128 ] . 4 TPA . OH.
2, 9, 43, 185, 1068, 5908, 33711, 201908, 1252537


Cycle class sequence c(2n) (the number of true cycles of length 2n in which a certain node is included) for zeolite AFR = SAPO-40 [ Si7Al29P28O128 ] . 4 TPA . OH.
3, 11, 38, 171, 1016, 5660, 32322, 191194, 1184443


Cycle class sequence c(2n) (the number of true cycles of length 2n in which a certain node is included) for zeolite AFR = SAPO-40 [ Si7Al29P28O128 ] . 4 TPA . OH.
3, 11, 41, 169, 978, 5369, 31352, 189377, 1176219


Cycle class sequence c(2n) (the number of true cycles of length 2n in which a certain node is included) for zeolite AFR = SAPO-40 [ Si7Al29P28O128 ] . 4 TPA . OH.
3, 11, 44, 190, 1084, 5876, 33127, 195616, 1195351


Cycle class sequence c(2n) (the number of true cycles of length 2n in which a certain node is included) for zeolite AFS = MAPSO-46.
3, 6, 24, 189, 1050, 5130, 29586, 183822, 1132146


Cycle class sequence c(2n) (the number of true cycles of length 2n in which a certain node is included) for zeolite AFS = MAPSO-46.
3, 9, 42, 236, 1280, 6087, 32623, 190235, 1136383


Cycle class sequence c(2n) (the number of true cycles of length 2n in which a certain node is included) for zeolite AFS = MAPSO-46.
3, 9, 52, 291, 1445, 6420, 32959, 187727, 1102665


Cycle class sequence c(2n) (the number of true cycles of length 2n in which a certain node is included) for zeolite AFT = AlPO4-52.
3, 7, 40, 181, 767, 4629, 31167, 202271, 1304340


Cycle class sequence c(2n) (the number of true cycles of length 2n in which a certain node is included) for zeolite AFT = AlPO4-52.
3, 7, 41, 184, 802, 4763, 30995, 198601, 1284125


Cycle class sequence c(2n) (the number of true cycles of length 2n in which a certain node is included) for zeolite AFT = AlPO4-52.
3, 7, 41, 185, 828, 4993, 32018, 201111, 1281355


Cycle class sequence c(2n) (the number of true cycles of length 2n in which a certain node is included) for zeolite AFX = SAPO-56 [ Al23Si5P20O96 ].
3, 7, 41, 184, 801, 4749, 30806, 195875, 1262979


Cycle class sequence c(2n) (the number of true cycles of length 2n in which a certain node is included) for zeolite AFX = SAPO-56 [ Al23Si5P20O96 ].
3, 7, 41, 186, 838, 5219, 33542, 205666, 1279046


Cycle class sequence c(2n) (the number of true cycles of length 2n in which a certain node is included) for zeolite AFY = CoAPO-50 R3 [ Co3Al5P8O32 ] .7 H2O.
3, 15, 30, 120, 723, 4212, 24408, 140430, 858489


Cycle class sequence c(2n) (the number of true cycles of length 2n in which a certain node is included) for zeolite AFY = CoAPO-50 R3 [ Co3Al5P8O32 ] .7 H2O.
4, 17, 40, 120, 584, 3223, 19196, 119786, 785597


Cycle class sequence c(2n) (the number of true cycles of length 2n in which a certain node is included) for zeolite AHT = AlPO4-H2 [ Al6P6O12 ] . 8H2 O.
1, 13, 28, 215, 902, 6262, 37975, 261155, 1720431


Cycle class sequence c(2n) (the number of true cycles of length 2n in which a certain node is included) for zeolite AHT = AlPO4-H2 [ Al6P6O12 ] . 8H2 O.
2, 16, 32, 220, 872, 5886, 35346, 242546, 1605278


Cycle class sequence c(2n) (the number of true cycles of length 2n in which a certain node is included) for zeolite ANA = Analcime Na16[ Al16Si32O96 ] . 16 H2O.
2, 2, 32, 210, 1034, 6286, 41600, 272256, 1824470


Cycle class sequence c(2n) (the number of true cycles of length 2n in which a certain node is included) for zeolite APC = AlPO4-C [ Al16P16O64 ] (1,2).
2, 7, 29, 138, 979, 6229, 38079, 238494, 1565844


Cycle class sequence c(2n) (the number of true cycles of length 2n in which a certain node is included) for zeolite APC = AlPO4-C [ Al16P16O64 ] (1,2).
3, 5, 23, 137, 986, 6175, 36845, 230163, 1516136


Cycle class sequence c(2n) (the number of true cycles of length 2n in which a certain node is included) for zeolite APD = AlPO4-D [ Al16P16O64 ].
1, 11, 23, 170, 1081, 6673, 43084, 275081, 1851148


Cycle class sequence c(2n) (the number of true cycles of length 2n in which a certain node is included) for zeolite APD = AlPO4-D [ Al16P16O64 ].
2, 7, 25, 155, 1109, 6599, 41916, 268294, 1804922


Cycle class sequence c(2n) (the number of true cycles of length 2n in which a certain node is included) for zeolite AST = AlPO4-16 [ Al20P20O80 ] .4 R . 16 H2O.
0, 6, 24, 192, 924, 6432, 39096, 251712, 1601904


Cycle class sequence c(2n) (the number of true cycles of length 2n in which a certain node is included) for zeolite AST = AlPO4-16 [ Al20P20O80 ] .4 R . 16 H2O.
3, 15, 24, 162, 792, 5448, 33090, 213894, 1362564


Cycle class sequence c(2n) (the number of true cycles of length 2n in which a certain node is included) for zeolite ATN = MAPO-39 Hn [ MgnAl8-n P8O32 ].
2, 6, 35, 160, 1026, 6251, 39860, 258021, 1710770


Cycle class sequence c(2n) (the number of true cycles of length 2n in which a certain node is included) for zeolite ATO = AlPO4-31 [ Al18P18O72 ].
1, 9, 48, 180, 1322, 6853, 43804, 283623, 1885015


Cycle class sequence c(2n) (the number of true cycles of length 2n in which a certain node is included) for zeolite ATS = MAPO-36 H[ MgAl11P12O48 ].
2, 8, 44, 192, 1120, 6399, 37026, 234776, 1511252


Cycle class sequence c(2n) (the number of true cycles of length 2n in which a certain node is included) for zeolite ATS = MAPO-36 H[ MgAl11P12O48 ].
2, 8, 44, 192, 1128, 6451, 37264, 235812, 1515012


Cycle class sequence c(2n) (the number of true cycles of length 2n in which a certain node is included) for zeolite ATS = MAPO-36 H[ MgAl11P12O48 ].
2, 8, 52, 216, 1184, 6715, 38070, 236911, 1513556


Cycle class sequence c(2n) (the number of true cycles of length 2n in which a certain node is included) for zeolite ATT = AlPO4-12-TAMU [ Al12P12O48 ] . 4 R.
2, 4, 24, 174, 1056, 5888, 36040, 236972, 1551794


Cycle class sequence c(2n) (the number of true cycles of length 2n in which a certain node is included) for zeolite ATT = AlPO4-12-TAMU [ Al12P12O48 ] . 4 R.
3, 7, 28, 168, 1005, 5596, 33768, 220112, 1441963


Cycle class sequence c(2n) (the number of true cycles of length 2n in which a certain node is included) for zeolite ATV = AlPO4-25 [ Al12P12O48 ].
0, 10, 20, 244, 1028, 7831, 45586, 320653, 2114588


Cycle class sequence c(2n) (the number of true cycles of length 2n in which a certain node is included) for zeolite ATV = AlPO4-25 [ Al12P12O48 ].
1, 13, 24, 258, 1022, 7596, 43227, 302017, 1981321


Cycle class sequence c(2n) (the number of true cycles of length 2n in which a certain node is included) for zeolite AWW = AlPO4-22 [ Al24P24O96 ] . 2 R.
2, 4, 39, 208, 981, 5909, 37421, 241885, 1610770


Cycle class sequence c(2n) (the number of true cycles of length 2n in which a certain node is included) for zeolite AWW = AlPO4-22 [ Al24P24O96 ] . 2 R.
3, 7, 42, 219, 1011, 5598, 34646, 224809, 1501860


Cycle class sequence c(2n) (the number of true cycles of length 2n in which a certain node is included) for zeolite BPH = Beryllophosphate-H Na7K7 [ Be14P14O56 ] . 20 H2O.
3, 6, 24, 189, 1050, 5130, 29586, 183822, 1132146


Cycle class sequence c(2n) (the number of true cycles of length 2n in which a certain node is included) for zeolite BPH = Beryllophosphate-H Na7K7 [ Be14P14O56 ] . 20 H2O.
3, 9, 42, 236, 1280, 6087, 32623, 190235, 1136383


Cycle class sequence c(2n) (the number of true cycles of length 2n in which a certain node is included) for zeolite BPH = Beryllophosphate-H Na7K7 [ Be14P14O56 ] . 20 H2O.
3, 9, 52, 291, 1445, 6420, 32959, 187727, 1102665


Cycle class sequence c(2n) (the number of true cycles of length 2n in which a certain node is included) for zeolite CAN = Cancrinite Na6[ Al6Si6O24 ] . CaCO3 . 2 H2O.
2, 7, 36, 230, 1104, 6657, 38976, 247431, 1617560


Cycle class sequence c(2n) (the number of true cycles of length 2n in which a certain node is included) for zeolite CHA = Chabazite Ca6[ Al12Si24O72 ] . 40 H2O.
3, 7, 40, 180, 758, 4417, 29836, 200559, 1331295


Cycle class sequence c(2n) (the number of true cycles of length 2n in which a certain node is included) for zeolite CLO = Cloverite.
3, 12, 10, 50, 306, 1788, 9420, 54166, 320796


Cycle class sequence c(2n) (the number of true cycles of length 2n in which a certain node is included) for zeolite CLO = Cloverite.
3, 14, 20, 121, 631, 3593, 19440, 113290, 670273


