Number of 7-ary search trees on n keys.
1, 1, 1, 1, 1, 1, 1, 7, 28, 84, 210, 462, 924, 1758, 3444, 7602, 19278, 52458, 142044, 368130, 905136, 2130198, 4895919, 11280885, 26685540, 65491062, 165584034, 423910572, 1080774261, 2717940687, 6731334225, 16494155097, 40308269022


Number of simplices in minimal decomposition of n-cube.
1, 2, 5, 16, 67


Simplexity of the n-cube: minimal cardinality of triangulation of n-cube using n-simplices whose vertices are vertices of the n-cube.
1, 2, 5, 16, 67, 308, 1493


Number of simplices in minimal corner-slicing triangulation of n-cube.
1, 2, 5, 16, 67, 324, 1820


a(n) is smallest number with same number of divisors as 2*a(n-1).
1, 2, 4, 6, 12, 24, 48, 60, 120, 240, 360, 720, 1260, 2520, 5040, 10080, 20160, 27720, 55440, 110880, 221760, 332640, 665280, 1081080, 2162160, 4324320, 8648640, 17297280, 21621600, 43243200, 73513440, 147026880, 294053760, 367567200, 735134400, 1396755360, 2793510720


Hoax numbers: composite numbers whose digit-sum equals the sum of the digit-sums of its distinct prime factors.
22, 58, 84, 85, 94, 136, 160, 166, 202, 234, 250, 265, 274, 308, 319, 336, 346, 355, 361, 364, 382, 391, 424, 438, 454, 456, 476, 483, 516, 517, 526, 535, 562, 627, 634, 644, 645, 650, 654, 660, 663, 690, 702, 706, 732, 735, 762, 778, 855, 860


Droll numbers: sum of even prime divisors equals sum of odd prime divisors.
72, 240, 672, 800, 2240, 4224, 5184, 6272, 9984, 14080, 17280, 33280, 39424, 48384, 52224, 57600, 93184, 116736, 161280, 174080, 192000, 247808, 304128, 373248, 389120, 451584, 487424, 537600, 565248, 585728, 640000, 718848


X^m=X rings without normal forms: integers m &gt; 1 for which there exist a prime p and integers a,b &gt; 0 such that both p^a-1 and p^b-1 divide m-1 but p^lcm(a,b)-1 does not divide m-1.
22, 43, 85, 94, 105, 106, 148, 169, 187, 209, 211, 218, 232, 274, 280, 295, 313, 316, 337, 358, 373, 382, 400, 417, 421, 435, 463, 466, 484, 521, 526, 547, 559, 589, 610, 625, 631, 652, 673, 715, 736, 745, 763, 778, 799, 833, 838, 841, 862, 869, 890, 904, 925, 931, 937


Nim-values for the impartial game Take-a-Triangle.
0, 1, 0, 1, 0, 1, 2, 3, 2, 0, 1, 0, 1, 0, 1, 2, 3, 2, 0, 1, 0, 1, 0, 1, 2, 3, 2, 0, 1, 0, 1, 0, 1, 2, 3, 2, 3, 2, 3, 4, 5, 4, 5, 4, 5, 3, 2, 3, 4, 5, 4, 0, 1, 0, 1, 2, 3, 2, 3, 2, 0, 1, 0, 1, 2, 3, 2, 3, 2, 0, 1, 0, 1, 4, 5, 2, 3, 2, 3, 5, 4, 5, 4, 5, 6, 0, 1, 3, 5, 4, 5, 4, 5, 6, 0, 1, 3, 6, 7


GCD( binomial[ n + 3, n ] + binomial[ n + 4, n + 1 ], binomial[ n + 5, n + 2 ] ].
2, 5, 1, 7, 20, 3, 5, 11, 2, 65, 7, 5, 8, 17, 15, 19, 10, 7, 11, 115, 4, 25, 13, 9, 70, 29, 5, 31, 16, 55, 17, 35, 6, 37, 95, 13, 20, 41, 7, 215, 22, 15, 23, 47, 40, 49, 25, 17, 26, 265


a(n+1) (n &gt;= 1) is smallest number &gt; a(n) which is the sum of cubes of distinct earlier terms.
1, 1, 2, 8, 9, 10, 512, 513, 514, 520, 521, 522, 729, 730, 731, 737, 738, 739, 1000, 1001, 1002, 1008, 1009, 1010, 1241, 1242, 1243, 1249, 1250, 1251, 1512, 1513, 1514, 1520, 1521, 1522, 1729, 1730, 1731, 1737, 1738, 1739, 2241, 2242, 2243, 2249, 2250, 2251


Expansion of 1/((1-4x)(1-7x)(1-8x)).
1, 19, 245, 2675, 26661, 251139, 2278165, 20125075, 174364421, 1488724259, 12567504885, 105148209075, 873459639781, 7213661997379, 59291458568405, 485407880414675, 3960800821356741, 32229188196998499


Numbers written in base of double factorial numbers.
1, 10, 100, 101, 110, 200, 201, 1000, 1001, 1010, 1100, 1101, 1110, 1200, 10000, 10001, 10010, 10100, 10101, 10110, 10200, 10201, 11000, 11001, 11010, 11100, 11101, 11110, 11200, 11201, 12000


a(n) = (n!)^3 + 1.
2, 2, 9, 217, 13825, 1728001, 373248001, 128024064001, 65548320768001, 47784725839872001, 47784725839872000001, 63601470092869632000001, 109903340320478724096000001, 241457638684091756838912000001


a(n) = 1 + 0!*1!*2!*...*n!.
2, 2, 3, 13, 289, 34561, 24883201, 125411328001, 5056584744960001, 1834933472251084800001, 6658606584104736522240000001, 265790267296391946810949632000000001


Delete all 2s, 3s, 5s, 7s from the sequence of nonnegative integers.
0, 1, 4, 6, 8, 9, 10, 11, 1, 1, 14, 1, 16, 1, 18, 19, 0, 1, 4, 6, 8, 9, 0, 1, 4, 6, 8, 9, 40, 41, 4, 4, 44, 4, 46, 4, 48, 49, 0, 1, 4, 6, 8, 9, 60, 61, 6, 6, 64, 6, 66, 6, 68, 69, 0, 1, 4, 6, 8, 9, 80, 81, 8, 8, 84, 8, 86, 8, 88, 89, 90, 91, 9, 9, 94, 9, 96


Erroneous version of <a href="/A031976" title="Remove digits 0, 1, 4, 9 from n.">A031976</a>.
2, 3, 5, 6, 7, 8, 2, 3, 5, 6, 7, 8, 2, 2, 22, 23, 2, 25, 26, 27, 28, 2, 3, 3, 32, 33, 3, 35, 36, 37, 38, 3, 2, 3, 5, 6, 7, 8, 5, 5, 52, 52, 5, 55, 56, 57, 58, 5, 6, 6, 62


Smarandache-Wellin numbers: a(n) = concatenation of first n primes (written in base 10).
2, 23, 235, 2357, 235711, 23571113, 2357111317, 235711131719, 23571113171923, 2357111317192329, 235711131719232931, 23571113171923293137, 2357111317192329313741, 235711131719232931374143, 23571113171923293137414347


Concatenate odd numbers.
1, 13, 135, 1357, 13579, 1357911, 135791113, 13579111315, 1357911131517, 135791113151719, 13579111315171921, 1357911131517192123, 135791113151719212325, 13579111315171921232527, 1357911131517192123252729, 135791113151719212325272931


a(n) is the concatenation of the first n positive even numbers.
2, 24, 246, 2468, 246810, 24681012, 2468101214, 246810121416, 24681012141618, 2468101214161820, 246810121416182022, 24681012141618202224, 2468101214161820222426, 246810121416182022242628, 24681012141618202224262830, 2468101214161820222426283032


Concatenate squares.
1, 14, 149, 14916, 1491625, 149162536, 14916253649, 1491625364964, 149162536496481, 149162536496481100, 149162536496481100121, 149162536496481100121144, 149162536496481100121144169


Concatenate cubes.
1, 18, 1827, 182764, 182764125, 182764125216, 182764125216343, 182764125216343512, 182764125216343512729, 1827641252163435127291000, 18276412521634351272910001331, 182764125216343512729100013311728


Concatenation of Fibonacci(1) through Fibonacci(n).
1, 11, 112, 1123, 11235, 112358, 11235813, 1123581321, 112358132134, 11235813213455, 1123581321345589, 1123581321345589144, 1123581321345589144233, 1123581321345589144233377, 1123581321345589144233377610, 1123581321345589144233377610987


Duplicate terms of <a href="/A007908" title="Concatenation of the numbers from 1 to n.">A007908</a>.
11, 1212, 123123, 12341234, 1234512345, 123456123456, 12345671234567, 1234567812345678, 123456789123456789, 1234567891012345678910, 12345678910111234567891011, 123456789101112123456789101112


Poincar<unkown> series [or Poincare series] for depths of roots in a certain root system.
2, 3, 6, 12, 27, 60, 138, 315, 726, 1668, 3843, 8844, 20370, 46899, 108006, 248700, 572715, 1318812, 3036954, 6993387, 16104246, 37084404, 85397139, 196650348, 452841762, 1042792803, 2401318086, 5529696492, 12733650747, 29322740220


Poincar<unkown> series [or Poincare series] for depths of roots in a certain root system.
4, 5, 8, 13, 24, 44, 83, 158, 303, 582, 1120, 2157, 4156, 8009, 15436, 29752, 57347, 110538, 213067, 410698, 791644, 1525941, 2941344, 5669621, 10928544, 21065444, 40604947, 78268550, 150867479, 290806414, 560547384, 1080489821, 2082711092


Poincar<unkown> series [or Poincare series] for depths of roots in a certain root system.
4, 4, 5, 6, 8, 11, 15, 21, 30, 43, 62, 90, 131, 191, 279, 408, 597, 874, 1280, 1875, 2747, 4025, 5898, 8643, 12666, 18562, 27203, 39867, 58427, 85628, 125493, 183918, 269544, 395035, 578951, 848493, 1243526, 1822475, 2670966, 3914490, 5736963, 8407927


Poincar<unkown> series [or Poincare series] for depths of roots in a certain root system.
5, 5, 6, 8, 11, 16, 25, 38, 59, 93, 148, 235, 376, 602, 966, 1550, 2491, 4003, 6436, 10348, 16643, 26766, 43052, 69247, 111387, 179169, 288207, 463601, 745744, 1199593, 1929661, 3104041, 4993156, 8031978, 12920238, 20783483, 33432314, 53779215


Sum of a(n) terms of 1/sqrt(k) first strictly exceeds n.
1, 2, 3, 5, 7, 10, 14, 18, 22, 27, 33, 39, 45, 52, 60, 68, 76, 85, 95, 105, 115, 126, 138, 150, 162, 175, 189, 202, 217, 232, 247, 263, 280, 297, 314, 332, 351, 370, 389, 409, 430, 451, 472, 494, 517, 540, 563, 587, 612, 637, 662, 688, 715, 741, 769, 797, 825


Smallest number m such that m^m is divisible by n.
0, 2, 3, 2, 5, 6, 7, 4, 3, 10, 11, 6, 13, 14, 15, 4, 17, 6, 19, 10, 21, 22, 23, 6, 5, 26, 3, 14, 29, 30, 31, 4, 33, 34, 35, 6, 37, 38, 39, 10, 41, 42, 43, 22, 15, 46, 47, 6, 7, 10, 51, 26, 53, 6, 55, 14, 57, 58, 59, 30, 61, 62, 21, 4, 65, 66, 67, 34, 69, 70, 71, 6, 73, 74, 15, 38, 77, 78


Let I_c(n,d) be maximal number of independent sets in d-regular simple connected graphs with n vertices; sequence gives I_c(2n,4).
5, 15, 35, 84, 207, 498, 1202, 2970


Fibonacci(n) divides n!.
1, 2, 3, 4, 5, 6, 8, 12, 24


Let I_c(n,d) be the maximal number of independent sets in d-regular simple connected graphs with n vertices; sequence gives I_c(n,5).
6, 10, 16, 31, 40, 68, 93, 154, 215, 354, 531


Let I_c(n,d) be the maximal number of independent sets in d-regular simple connected graphs with n nodes; sequence gives I_c(2n,6).
7, 18, 63, 133, 285


Let I_c(n,d) be the maximal number of independent sets in d-regular simple connected graphs with n nodes; sequence gives I_c(n,7).
8, 13, 22, 33, 58, 127, 145, 262


a(n) = number of necklaces of n beads with up to n unlabeled colors.
1, 2, 5, 20, 109, 784, 6757, 68240, 787477, 10224812, 147512053, 2340964372, 40527565261, 760095929840, 15352212731933, 332228417657960, 7668868648772701, 188085259070219000, 4884294069438337429


Number of special orbits for dihedral group of degree n.
1, 2, 4, 14, 61, 414, 3416, 34274, 394009, 5113712, 73758368, 1170495180, 20263806277, 380048113202, 7676106638884, 166114210737254, 3834434327929981, 94042629562443206, 2442147034770292496, 66942194906543381336, 1931543452346146410965, 58519191359170883258606


Triangle of numbers T(n,k) = k!*Stirling2(n,k) read by rows (n &gt;= 1, 1 &lt;= k &lt;= n).
1, 1, 2, 1, 6, 6, 1, 14, 36, 24, 1, 30, 150, 240, 120, 1, 62, 540, 1560, 1800, 720, 1, 126, 1806, 8400, 16800, 15120, 5040, 1, 254, 5796, 40824, 126000, 191520, 141120, 40320, 1, 510, 18150, 186480, 834120, 1905120, 2328480, 1451520, 362880, 1, 1022, 55980


Number of steps from one unit vector to next in linear quantum cellular automata.
2, 4, 7, 8, 16, 15, 15, 16, 63, 256, 128, 511, 32, 31, 31, 32, 256, 4095, 1023, 127, 4095, 524288, 131072, 255


Number of steps from one unit vector to next in linear quantum cellular automata.
2, 4, 16, 8, 15, 15, 128, 16, 64, 341, 32, 256, 31, 31, 4095, 32, 512, 1023, 127, 4095, 512, 1024, 255


Number of steps from one unit vector to next in linear quantum cellular automata.
1, 7, 16, 32, 15, 15, 32, 63, 512, 256, 511, 64, 31, 31, 64, 512, 4095, 1023, 127, 4095, 1048576, 262144, 255


Number of steps from one unit vector to next in linear quantum cellular automata.
2, 4, 32, 8, 15, 64, 63, 16, 32, 128, 4096, 31, 31, 4095, 16384, 32, 1023, 127, 128, 4096, 299593, 255


Number of steps from one unit vector to next in linear quantum cellular automata.
2, 4, 15, 8, 256, 63, 32, 16, 511, 1024, 31, 31, 1024, 21846, 4095, 32, 127, 4095, 32768, 8192, 255


Squares whose digits are squares.
0, 1, 4, 9, 49, 100, 144, 400, 441, 900, 1444, 4900, 9409, 10000, 10404, 11449, 14400, 19044, 40000, 40401, 44100, 44944, 90000, 144400, 419904, 490000, 491401, 904401, 940900, 994009, 1000000, 1004004, 1014049, 1040400, 1100401, 1144900, 1440000, 1904400


Cubes whose digits are cubes.
0, 1, 8, 1000, 8000, 1000000, 8000000, 1000000000, 8000000000, 1000000000000, 8000000000000, 1000000000000000, 8000000000000000, 1000000000000000000, 8000000000000000000, 1000000000000000000000


Primes whose digits are primes.
2, 3, 5, 7, 23, 37, 53, 73, 223, 227, 233, 257, 277, 337, 353, 373, 523, 557, 577, 727, 733, 757, 773, 2237, 2273, 2333, 2357, 2377, 2557, 2753, 2777, 3253, 3257, 3323, 3373, 3527, 3533, 3557, 3727, 3733, 5227, 5233, 5237, 5273, 5323, 5333, 5527, 5557


Squares which are a decimal concatenation of two or more squares.
49, 100, 144, 169, 361, 400, 441, 900, 1225, 1369, 1444, 1600, 1681, 1936, 2500, 3249, 3600, 4225, 4900, 6400, 8100, 9025, 9409, 10000, 10404, 11025, 11449, 11664, 12100, 12544, 14161, 14400, 14641, 15625, 16641, 16900, 19044, 19600, 22500, 25600, 28900


Cubes formed by concatenating other cubes.
1000, 8000, 10648, 27000, 64000, 125000, 216000, 343000, 512000, 729000, 1000000, 1331000, 1728000, 2197000, 2744000, 3375000, 4096000, 4913000, 5832000, 6859000, 8000000, 9261000, 10648000, 12167000, 13824000, 15625000, 17576000, 19683000


Primes formed by concatenating other primes.
23, 37, 53, 73, 113, 137, 173, 193, 197, 211, 223, 227, 229, 233, 241, 257, 271, 277, 283, 293, 311, 313, 317, 331, 337, 347, 353, 359, 367, 373, 379, 383, 389, 397, 433, 523, 541, 547, 557, 571, 577, 593, 613, 617, 673, 677, 719, 727, 733, 743, 757, 761, 773, 797, 977


a(n) is the concatenation of n and 2n.
12, 24, 36, 48, 510, 612, 714, 816, 918, 1020, 1122, 1224, 1326, 1428, 1530, 1632, 1734, 1836, 1938, 2040, 2142, 2244, 2346, 2448, 2550, 2652, 2754, 2856, 2958, 3060, 3162, 3264, 3366, 3468, 3570, 3672, 3774, 3876, 3978, 4080


a(n) is the concatenation of n and 3n.
13, 26, 39, 412, 515, 618, 721, 824, 927, 1030, 1133, 1236, 1339, 1442, 1545, 1648, 1751, 1854, 1957, 2060, 2163, 2266, 2369, 2472, 2575, 2678, 2781, 2884, 2987, 3090, 3193, 3296, 3399, 34102, 35105, 36108


a(n) is the concatenation of n and 4n.
14, 28, 312, 416, 520, 624, 728, 832, 936, 1040, 1144, 1248, 1352, 1456, 1560, 1664, 1768, 1872, 1976, 2080, 2184, 2288, 2392, 2496, 25100, 26104, 27108, 28112, 29116, 30120, 31124, 32128, 33132, 34136, 35140, 36144, 37148, 38152, 39156, 40160, 41164


a(n) is the concatenation of n and 5n.
15, 210, 315, 420, 525, 630, 735, 840, 945, 1050, 1155, 1260, 1365, 1470, 1575, 1680, 1785, 1890, 1995, 20100, 21105, 22110, 23115, 24120, 25125, 26130, 27135, 28140, 29145, 30150, 31155, 32160, 33165, 34170, 35175, 36180, 37185, 38190, 39195, 40200


Smallest number whose square is divisible by n.
1, 2, 3, 2, 5, 6, 7, 4, 3, 10, 11, 6, 13, 14, 15, 4, 17, 6, 19, 10, 21, 22, 23, 12, 5, 26, 9, 14, 29, 30, 31, 8, 33, 34, 35, 6, 37, 38, 39, 20, 41, 42, 43, 22, 15, 46, 47, 12, 7, 10, 51, 26, 53, 18, 55, 28, 57, 58, 59, 30, 61, 62, 21, 8, 65, 66, 67, 34, 69, 70, 71, 12, 73, 74, 15, 38, 77


Smallest number whose cube is divisible by n.
1, 2, 3, 2, 5, 6, 7, 2, 3, 10, 11, 6, 13, 14, 15, 4, 17, 6, 19, 10, 21, 22, 23, 6, 5, 26, 3, 14, 29, 30, 31, 4, 33, 34, 35, 6, 37, 38, 39, 10, 41, 42, 43, 22, 15, 46, 47, 12, 7, 10, 51, 26, 53, 6, 55, 14, 57, 58, 59, 30, 61, 62, 21, 4, 65, 66, 67, 34, 69, 70, 71, 6, 73, 74, 15, 38, 77, 78


Dimension of space of Jacobi forms of weight 4 and index n.
1, 1, 1, 1, 2, 1, 1, 2, 2, 2, 2, 2, 2, 3, 2, 2, 4, 3, 3, 4, 3, 3, 4, 4, 3, 6, 4, 5, 5, 5, 3, 6, 6, 5, 6, 5, 6, 8, 6, 6, 6, 7, 5, 9, 7, 7, 8, 8, 7, 11, 9, 8, 9, 10, 8, 9, 8, 10, 11, 10, 7, 12, 10, 10, 13, 11, 9, 14, 11, 11, 10


Coordination sequence for G_2 lattice.
1, 12, 30, 48, 66, 84, 102, 120, 138, 156, 174, 192, 210, 228, 246, 264, 282, 300, 318, 336, 354, 372, 390, 408, 426, 444, 462, 480, 498, 516, 534, 552, 570, 588, 606, 624, 642, 660, 678, 696, 714, 732, 750, 768, 786, 804, 822, 840, 858, 876, 894, 912, 930, 948, 966, 984, 1002, 1020, 1038, 1056


Coordination sequence for F_4 lattice.
1, 48, 384, 1392, 3456, 6960, 12288, 19824, 29952, 43056, 59520, 79728, 104064, 132912, 166656, 205680, 250368, 301104, 358272, 422256, 493440, 572208, 658944, 754032, 857856, 970800, 1093248, 1225584


Distance between vowels when alphabet is written around a daisy wheel.
4, 4, 6, 6, 6, 4, 4, 6, 6, 6, 4, 4, 6, 6, 6, 4, 4, 6, 6, 6, 4, 4, 6, 6, 6, 4, 4, 6, 6, 6, 4, 4, 6, 6, 6, 4, 4, 6, 6, 6, 4, 4, 6, 6, 6, 4, 4, 6, 6, 6, 4, 4, 6, 6, 6, 4, 4, 6, 6, 6, 4, 4, 6, 6, 6, 4, 4, 6, 6, 6, 4, 4, 6, 6, 6, 4, 4, 6, 6, 6, 4, 4, 6, 6, 6, 4, 4, 6, 6, 6


Coordination sequence for C_4 lattice.
1, 32, 192, 608, 1408, 2720, 4672, 7392, 11008, 15648, 21440, 28512, 36992, 47008, 58688, 72160, 87552, 104992, 124608, 146528, 170880, 197792, 227392, 259808, 295168, 333600, 375232, 420192, 468608


Coordination sequence for C_5 lattice.
1, 50, 450, 1970, 5890, 14002, 28610, 52530, 89090, 142130, 216002, 315570, 446210, 613810, 824770, 1086002, 1404930, 1789490, 2248130, 2789810, 3424002, 4160690, 5010370, 5984050, 7093250, 8350002


Coordination sequence for C_6 lattice.
1, 72, 912, 5336, 20256, 58728, 142000, 301560, 581184, 1038984, 1749456, 2805528, 4320608, 6430632, 9296112, 13104184, 18070656, 24442056, 32497680, 42551640, 54954912, 70097384, 88409904, 110366328, 136485568, 167333640, 203525712, 245728152, 294660576


Coordination sequence for C_7 lattice.
1, 98, 1666, 12642, 59906, 209762, 596610, 1459810, 3188738, 6376034, 11879042, 20889442, 35011074, 56345954, 87588482, 132127842, 194158594, 278799458, 392220290, 541777250, 736156162, 985524066


Coordination sequence for C_8 lattice.
1, 128, 2816, 27008, 157184, 658048, 2187520, 6140800, 15158272, 33830016, 69629696, 134110592, 244396544, 425000576, 710003968, 1145628544, 1793234944, 2732779648, 4066763520, 5924704640


a(n) = Product_{k in I} prime(k+1), where I are the indices of nonzero binary digits in n = Sum_{k in I} 2^k.
1, 2, 3, 6, 5, 10, 15, 30, 7, 14, 21, 42, 35, 70, 105, 210, 11, 22, 33, 66, 55, 110, 165, 330, 77, 154, 231, 462, 385, 770, 1155, 2310, 13, 26, 39, 78, 65, 130, 195, 390, 91, 182, 273, 546, 455, 910, 1365, 2730, 143, 286, 429, 858, 715, 1430, 2145, 4290


Unique numbers: 1-1, 21-12, 321-123, ..., 10987654321-12345678910, 1110987654321-1234567891011, etc.
0, 9, 198, 3087, 41976, 530865, 6419754, 75308643, 864197532, -1358024589, -123580236690, -2345801446791, 775432077543108, 178553219976533007, 27956332009875522906, 3805734210999774512805, 481583522109989673502704, 58259362312008979572492603


Order of the Mongean shuffle permutation of 2n cards: a(n) is least number m for which either 2^m + 1 or 2^m - 1 is divisible by 4n + 1.
1, 2, 3, 6, 4, 6, 10, 14, 5, 18, 10, 12, 21, 26, 9, 30, 6, 22, 9, 30, 27, 8, 11, 10, 24, 50, 12, 18, 14, 12, 55, 50, 7, 18, 34, 46, 14, 74, 24, 26, 33, 20, 78, 86, 29, 90, 18, 18, 48, 98, 33, 10, 45, 70, 15, 24, 60, 38, 29, 78, 12, 84, 41, 110, 8, 84, 26, 134, 12, 46, 35, 36, 68, 146


a(n) = smallest k &gt;= 1 such that {1^n, 2^n, 3^n, ..., k^n} can be partitioned into two sets with equal sum.
2, 3, 7, 12, 16, 24, 31, 39, 47, 44, 60, 71, 79


Number of bar segments in a certain way of representing the integers graphically.
0, 1, 2, 2, 3, 2, 3, 3, 3, 3, 4, 3, 3, 4, 3, 3, 4, 3, 4, 4, 4, 4, 4, 4, 4, 5, 4, 5, 4, 3, 5, 4, 5, 4, 4, 4, 4, 5, 5, 5, 4, 4, 5, 5, 4, 5, 4, 4, 4, 4, 6, 6, 4, 4, 5, 6, 5, 5, 5, 4, 4, 5, 5, 3, 6, 5, 5, 5, 6, 4, 5, 5, 5, 6, 4, 6, 4, 5, 5, 5, 4


Zeroth row of infinite Latin square.
0, 3, 1, 6, -1, -5, 2


Coordination sequence T1 for Zeolite Code SAO.
1, 4, 9, 16, 25, 39, 61, 84, 102, 124, 158, 200, 244, 284, 318, 360, 419, 481, 537, 592, 652, 720, 794, 871, 946, 1021, 1105, 1195, 1287, 1380, 1472, 1572, 1680, 1785, 1890, 2002, 2124, 2249, 2365, 2484, 2617, 2753, 2892, 3033, 3168, 3308, 3460, 3619


Coordination sequence T2 for Zeolite Code SAO.
1, 4, 9, 17, 27, 40, 61, 85, 106, 132, 167, 202, 237, 279, 322, 366, 420, 478, 534, 592, 654, 723, 798, 870, 940, 1020, 1109, 1197, 1286, 1379, 1474, 1573, 1678, 1787, 1894, 2001, 2119, 2245, 2368, 2491, 2620, 2752, 2888, 3030, 3170, 3311, 3463, 3618


Coordination sequence T3 for Zeolite Code SAO.
1, 4, 9, 16, 25, 39, 58, 79, 104, 130, 158, 195, 235, 275, 321, 372, 424, 477, 532, 589, 651, 721, 796, 871, 945, 1022, 1106, 1196, 1285, 1373, 1471, 1577, 1682, 1787, 1892, 2001, 2117, 2238, 2368, 2497, 2620, 2752, 2889, 3025, 3166, 3311, 3463, 3620


Coordination sequence T4 for Zeolite Code SAO.
1, 4, 10, 16, 25, 42, 61, 82, 108, 132, 156, 198, 244, 280, 320, 366, 418, 476, 536, 594, 652, 720, 796, 870, 946, 1024, 1104, 1196, 1288, 1374, 1472, 1576, 1678, 1784, 1892, 2008, 2126, 2240, 2366, 2490, 2610, 2752, 2896, 3030, 3170, 3312, 3462, 3620


Place n distinguishable balls in n boxes (in n^n ways); let T(n,k) = number of ways that the maximum in any box is k, for 1 &lt;= k &lt;= n; sequence gives triangle of numbers T(n,k).
1, 2, 2, 6, 18, 3, 24, 180, 48, 4, 120, 2100, 800, 100, 5, 720, 28800, 14700, 2250, 180, 6, 5040, 458640, 301350, 52920, 5292, 294, 7, 40320, 8361360, 6867840, 1342600, 153664, 10976, 448, 8, 362880, 172141200, 172872000, 36991080, 4644864, 387072, 20736, 648, 9


Place n distinguishable balls in n boxes (in n^n ways); let f(n,k) = number of ways that max in any box is k, for 1&lt;=k&lt;=n; sequence gives triangle of numbers f(n,k)/n.
1, 1, 1, 2, 6, 1, 6, 45, 12, 1, 24, 420, 160, 20, 1, 120, 4800, 2450, 375, 30, 1, 720, 65520, 43050, 7560, 756, 42, 1, 5040, 1045170, 858480, 167825, 19208, 1372, 56, 1, 40320, 19126800, 19208000, 4110120, 516096, 43008, 2304, 72, 1


Place n distinguishable balls in n boxes (in n^n ways); let f(n,k) = number of ways that max in any box is k, for 1&lt;=k&lt;=n; sequence gives f(n,2)/n.
0, 1, 6, 45, 420, 4800, 65520, 1045170, 19126800, 395448480, 9120988800, 232248416400, 6471820555200, 195912193276800, 6402199349145600, 224636583525354000, 8423131243022496000, 336138596955120960000, 14224375944427993344000, 636224790017466730080000


Place n distinguishable balls in n boxes (in n^n ways); let f(n,k) = number of ways that max in any box is k, for 1&lt;=k&lt;=n; sequence gives f(n,3)/n.
1, 12, 160, 2450, 43050, 858480, 19208000


Place n distinguishable balls in n boxes (in n^n ways); let f(n,k) = number of ways that max in any box is k, for 1&lt;=k&lt;=n; sequence gives f(n,n-2)/n.
2, 45, 160, 375, 756, 1372, 2304, 3645, 5500, 7986, 11232, 15379, 20580, 27000, 34816, 44217, 55404, 68590, 84000, 101871, 122452, 146004, 172800, 203125, 237276, 275562, 318304, 365835, 418500, 476656, 540672, 610929, 687820, 771750, 863136, 962407


Place n distinguishable balls in n boxes (in n^n ways); let f(n,k) = number of ways that max in any box is k, for 1&lt;=k&lt;=n; sequence gives f(n,4)/n.
1, 20, 375, 7560, 167825, 4110120


Place n distinguishable balls in n boxes (in n^n ways); let f(n,k) = number of ways that max in any box is k, for 1&lt;=k&lt;=n; sequence gives f(n,2).
0, 2, 18, 180, 2100, 28800, 458640, 8361360, 172141200, 3954484800, 100330876800, 2786980996800, 84133667217600, 2742770705875200, 96032990237184000, 3594185336405664000, 143193231131382432000, 6050494745192177280000, 270263142944131873536000


n*(n-1)^3/2.
0, 0, 1, 12, 54, 160, 375, 756, 1372, 2304, 3645, 5500, 7986, 11232, 15379, 20580, 27000, 34816, 44217, 55404, 68590, 84000, 101871, 122452, 146004, 172800, 203125, 237276, 275562, 318304, 365835, 418500, 476656, 540672, 610929, 687820, 771750, 863136


a(n) = n*(n-1)^4/2.
0, 0, 1, 24, 162, 640, 1875, 4536, 9604, 18432, 32805, 55000, 87846, 134784, 199927, 288120, 405000, 557056, 751689, 997272, 1303210, 1680000, 2139291, 2693944, 3358092, 4147200, 5078125, 6169176


a(n) = n^2*(n-1)^3/4.
0, 0, 1, 18, 108, 400, 1125, 2646, 5488, 10368, 18225, 30250, 47916, 73008, 107653, 154350, 216000, 295936, 397953, 526338, 685900, 882000, 1120581, 1408198, 1752048, 2160000, 2640625, 3203226


Zeroth row of infinite Latin square.
0, -2, -3, -7, -6, -12, -9


Vertical para-Fibonacci sequence: takes value i on later (i.e., b_j, j &gt;= 2) terms of i-th Fibonacci sequence defined by b_0 = i, b_1 = [ tau(i+1) ].
0, 0, 0, 1, 0, 2, 1, 0, 3, 2, 1, 4, 0, 5, 3, 2, 6, 1, 7, 4, 0, 8, 5, 3, 9, 2, 10, 6, 1, 11, 7, 4, 12, 0, 13, 8, 5, 14, 3, 15, 9, 2, 16, 10, 6, 17, 1, 18, 11, 7, 19, 4, 20, 12, 0, 21, 13, 8, 22, 5, 23, 14, 3, 24, 15, 9, 25, 2, 26, 16, 10, 27, 6, 28, 17, 1, 29, 18, 11, 30, 7, 31, 19, 4, 32, 20, 12


The left budding sequence: # of i such that 0&lt;i&lt;=n and 0 &lt; {tau*i} &lt;= {tau*n}, where {} is fractional part.
1, 1, 3, 2, 1, 5, 3, 8, 5, 2, 9, 5, 1, 10, 5, 15, 9, 3, 15, 8, 21, 13, 5, 20, 11, 2, 19, 9, 27, 16, 5, 25, 13, 1, 23, 10, 33, 19, 5, 30, 15, 41, 25, 9, 37, 20, 3, 33, 15, 46, 27, 8, 41, 21, 55, 34, 13, 49, 27, 5, 43, 20, 59, 35, 11, 52, 27, 2, 45, 19, 63, 36, 9, 55, 27, 74, 45, 16, 65


The right budding sequence: # of i such that 0&lt;i&lt;=n and {tau*n} &lt;= {tau*i} &lt; 1, where {} is fractional part.
1, 2, 1, 3, 5, 2, 5, 1, 5, 9, 3, 8, 13, 5, 11, 2, 9, 16, 5, 13, 1, 10, 19, 5, 15, 25, 9, 20, 3, 15, 27, 8, 21, 34, 13, 27, 5, 20, 35, 11, 27, 2, 19, 36, 9, 27, 45, 16, 35, 5, 25, 45, 13, 34, 1, 23, 45, 10, 33, 56, 19, 43, 5, 30, 55, 15, 41, 67, 25, 52, 9, 37, 65, 20, 49, 3, 33, 63, 15


Number of nondecreasing sequences that are differences of two permutations of 1,2,...,n.
1, 1, 2, 5, 16, 59, 246, 1105, 5270, 26231, 135036, 713898, 3857113


Fermat's Last Theorem: a(n) = 1 if x^n + y^n = z^n has a nontrivial solution in integers, otherwise a(n) = 0.
1, 1, 0, 0, 0, 0, 0, 0, 0, 0, 0, 0, 0, 0, 0, 0, 0, 0, 0, 0, 0, 0, 0, 0, 0, 0, 0, 0, 0, 0, 0, 0, 0, 0, 0, 0, 0, 0, 0, 0, 0, 0, 0, 0, 0, 0, 0, 0, 0, 0, 0, 0, 0, 0, 0, 0, 0, 0, 0, 0, 0, 0, 0, 0, 0, 0, 0, 0, 0, 0, 0, 0, 0, 0, 0, 0, 0, 0, 0, 0, 0, 0, 0, 0, 0, 0, 0, 0, 0, 0, 0, 0, 0, 0, 0, 0


Grundy function of game in which each player has to divide precisely one set of coins into two subsets of different sizes.
0, 0, 1, 0, 2, 1, 0, 2, 3, 0, 1, 4, 0, 2, 4, 0, 2, 3, 0, 1, 4, 0, 2, 4, 0, 2, 6, 0, 1, 3, 0, 2, 5, 0, 2, 6, 0, 1, 8, 0, 2, 3, 0, 2, 6, 0, 1, 4, 0, 2, 4, 0, 2, 3, 0, 1, 4, 0, 2, 8, 0, 2, 8, 0, 1, 3, 0, 2, 5, 0, 2, 7, 0, 1, 8, 0, 2, 3, 0, 2, 8, 0, 1, 4, 0, 2, 4, 0, 2, 3, 0, 1, 4, 0, 2, 8, 0, 2, 6


From George Gilbert's marks problem: jumping 3 marks at a time (initial positions).
1, 2, 7, 12, 17, 36, 41, 83, 275, 284, 307, 443, 444, 775, 869, 2523, 3485, 4069, 5772, 9689, 16403, 30902, 53359, 83792, 122933, 1090845, 1473689, 1510781, 1740110, 2652867, 2693291, 3008386, 3085790, 51051449, 55594816


From George Gilbert's marks problem: jumping 3 marks at a time (initial positions).
2, 22, 38, 114, 219, 354, 3035, 6182, 6502, 11935, 22946, 33122, 58975, 137394, 865634, 1060511, 2604630, 3041138, 13633887, 30516651, 51664754, 73000543, 126052390, 469204879, 12224092843, 14479084326, 19560684367


Conway's &quot;para-budding&quot; sequence.
1, 3, 2, 5, 8, 5, 9, 5, 10, 15, 9, 15, 21, 13, 20, 11, 19, 27, 16, 25, 13, 23, 33, 19, 30, 41, 25, 37, 20, 33, 46, 27, 41, 55, 34, 49, 27, 43, 59, 35, 52, 27, 45, 63, 36, 55, 74, 45, 65, 35, 56, 77, 45, 67, 34, 57, 80, 45, 69, 93, 56, 81, 43


From George Gilbert's marks problem: jumping 4 marks at a time (initial positions).
1, 2, 3, 7, 14, 30, 33, 66, 177, 227, 686, 932, 1283, 1623, 1827, 3603, 7429, 15750, 16438, 18650, 22139, 22967, 31412, 35482, 36075, 62639, 128086, 175642, 201758, 239985, 261506, 301601, 786609, 853738, 2283613, 2510846, 2568758


From George Gilbert's marks problem: jumping 4 marks at a time (final positions).
2, 4, 47, 233, 477, 538, 1163, 4544, 23938, 47952, 74329, 385194, 424332, 838758, 3601963, 8880674, 9376182, 10177957, 10622608, 12051969, 14306604, 23190118, 25373883, 28661729, 138953419, 1150488807, 1204511338


Decimal expansion of 2*Pi*e.
1, 7, 0, 7, 9, 4, 6, 8, 4, 4, 5, 3, 4, 7, 1, 3, 4, 1, 3, 0, 9, 2, 7, 1, 0, 1, 7, 3, 9, 0, 9, 3, 1, 4, 8, 9, 9, 0, 0, 6, 9, 7, 7, 7, 0, 7, 1, 5, 3, 0, 2, 2, 9, 9, 2, 3, 7, 5, 9, 2, 0, 2, 2, 6, 0, 3, 5, 8, 4, 5, 7, 2, 2, 2, 3, 1, 4, 6, 6, 1, 6, 1, 5, 1, 4, 5, 1, 2, 7, 7, 3, 9, 4, 2, 0, 9, 4, 7, 8, 8, 7, 8, 2, 7, 5


Decimal expansion of 2*Pi*e/3.
5, 6, 9, 3, 1, 5, 6, 1, 4, 8, 4, 4, 9, 0, 4, 4, 7, 1, 0, 3, 0, 9, 0, 3, 3, 9, 1, 3, 0, 3, 1, 0, 4, 9, 6, 6, 3, 3, 5, 6, 5, 9, 2, 3, 5, 7, 1, 7, 6, 7, 4, 3, 3, 0, 7, 9, 1, 9, 7, 3, 4, 0, 8, 6, 7, 8, 6, 1, 5, 2, 4, 0, 7, 4, 3, 8, 2, 2, 0, 5, 3, 8, 3, 8, 1, 7, 0, 9, 2, 4, 6, 4, 7, 3, 6, 4, 9, 2, 9


Decimal expansion of 2*Pi*e/5.
3, 4, 1, 5, 8, 9, 3, 6, 8, 9, 0, 6, 9, 4, 2, 6, 8, 2, 6, 1, 8, 5, 4, 2, 0, 3, 4, 7, 8, 1, 8, 6, 2, 9, 7, 9, 8, 0, 1, 3, 9, 5, 5, 4, 1, 4, 3, 0, 6, 0, 4, 5, 9, 8, 4, 7, 5, 1, 8, 4, 0, 4, 5, 2, 0, 7, 1, 6, 9, 1, 4, 4, 4, 4, 6, 2, 9, 3, 2, 3, 2, 3, 0, 2, 9, 0, 2, 5, 5, 4, 7, 8, 8, 4, 1, 8, 9, 5, 7


Decimal expansion of 2*Pi*e/7.
2, 4, 3, 9, 9, 2, 4, 0, 6, 3, 6, 2, 1, 0, 1, 9, 1, 6, 1, 5, 6, 1, 0, 1, 4, 5, 3, 4, 1, 5, 6, 1, 6, 4, 1, 4, 1, 4, 3, 8, 5, 3, 9, 5, 8, 1, 6, 4, 7, 1, 7, 5, 7, 0, 3, 3, 9, 4, 1, 7, 1, 7, 5, 1, 4, 7, 9, 7, 7, 9, 6, 0, 3, 1, 8, 7, 8, 0, 8, 8, 0, 2, 1, 6, 3, 5, 8, 9, 6, 7, 7, 0, 6, 0, 1, 3, 5, 4, 1


Decimal expansion of 2*Pi*e/9.
1, 8, 9, 7, 7, 1, 8, 7, 1, 6, 1, 4, 9, 6, 8, 1, 5, 7, 0, 1, 0, 3, 0, 1, 1, 3, 0, 4, 3, 4, 3, 6, 8, 3, 2, 2, 1, 1, 1, 8, 8, 6, 4, 1, 1, 9, 0, 5, 8, 9, 1, 4, 4, 3, 5, 9, 7, 3, 2, 4, 4, 6, 9, 5, 5, 9, 5, 3, 8, 4, 1, 3, 5, 8, 1, 2, 7, 4, 0, 1, 7, 9, 4, 6, 0, 5, 6, 9, 7, 4, 8, 8, 2, 4, 5, 4, 9, 7, 6


Decimal expansion of 2*Pi*e/11.
1, 5, 5, 2, 6, 7, 8, 9, 4, 9, 5, 7, 7, 0, 1, 2, 1, 9, 3, 7, 2, 0, 6, 4, 5, 6, 1, 2, 6, 4, 4, 8, 3, 1, 7, 2, 6, 3, 6, 9, 9, 7, 9, 7, 3, 3, 7, 7, 5, 4, 7, 5, 4, 4, 7, 6, 1, 4, 4, 7, 2, 9, 3, 2, 7, 5, 9, 8, 5, 9, 7, 4, 7, 4, 8, 3, 1, 5, 1, 0, 5, 5, 9, 2, 2, 2, 8, 4, 3, 3, 9, 9, 4, 7, 3, 5, 8, 8, 9


Decimal expansion of 2*Pi*e/13.
1, 3, 1, 3, 8, 0, 5, 2, 6, 5, 0, 2, 6, 7, 0, 2, 6, 2, 5, 4, 5, 5, 9, 3, 0, 9, 0, 3, 0, 0, 7, 1, 6, 5, 3, 0, 6, 9, 2, 8, 4, 4, 4, 3, 9, 0, 1, 1, 7, 7, 0, 9, 9, 9, 4, 1, 3, 5, 3, 2, 3, 2, 5, 0, 7, 9, 6, 8, 0, 4, 4, 0, 1, 7, 1, 6, 5, 1, 2, 4, 3, 1, 9, 3, 4, 2, 4, 0, 5, 9, 5, 3, 4, 0, 0, 7, 2, 9, 1


Decimal expansion of 2*Pi*e/15.
1, 1, 3, 8, 6, 3, 1, 2, 2, 9, 6, 8, 9, 8, 0, 8, 9, 4, 2, 0, 6, 1, 8, 0, 6, 7, 8, 2, 6, 0, 6, 2, 0, 9, 9, 3, 2, 6, 7, 1, 3, 1, 8, 4, 7, 1, 4, 3, 5, 3, 4, 8, 6, 6, 1, 5, 8, 3, 9, 4, 6, 8, 1, 7, 3, 5, 7, 2, 3, 0, 4, 8, 1, 4, 8, 7, 6, 4, 4, 1, 0, 7, 6, 7, 6, 3, 4, 1, 8, 4, 9, 2, 9, 4, 7, 2, 9, 8, 5


Decimal expansion of 2*Pi*e/17.
1, 0, 0, 4, 6, 7, 4, 6, 1, 4, 4, 3, 2, 1, 8, 4, 3, 6, 0, 6, 4, 2, 7, 7, 0, 6, 9, 0, 5, 3, 4, 8, 9, 1, 1, 1, 7, 0, 6, 2, 9, 2, 8, 0, 6, 3, 0, 3, 1, 1, 8, 9, 9, 9, 5, 5, 1, 5, 2, 4, 7, 1, 9, 1, 7, 8, 5, 7, 9, 1, 6, 0, 1, 3, 1, 2, 6, 2, 7, 1, 5, 3, 8, 3, 2, 0, 6, 6, 3, 3, 7, 6, 1, 2, 9, 9, 6, 9, 3


Decimal expansion of 2*Pi*e/19.
8, 9, 8, 9, 1, 9, 3, 9, 1, 8, 6, 0, 3, 7, 5, 4, 8, 0, 5, 7, 5, 1, 1, 0, 6, 1, 7, 8, 4, 7, 0, 0, 7, 8, 4, 1, 5, 8, 2, 6, 1, 9, 8, 4, 5, 8, 7, 0, 0, 1, 2, 1, 0, 1, 2, 5, 0, 4, 8, 4, 3, 2, 9, 4, 9, 2, 5, 5, 0, 3, 8, 0, 1, 2, 1, 8, 2, 4, 2, 9, 5, 5, 3, 3, 9, 5, 4, 0, 9, 1, 5, 4, 8, 4, 7, 0, 9, 4, 1


Decimal expansion of 2*Pi*e/21.
8, 1, 3, 3, 0, 8, 0, 2, 1, 2, 0, 7, 0, 0, 6, 3, 8, 7, 1, 8, 7, 0, 0, 4, 8, 4, 4, 7, 1, 8, 7, 2, 1, 3, 8, 0, 4, 7, 9, 5, 1, 3, 1, 9, 3, 8, 8, 2, 3, 9, 1, 9, 0, 1, 1, 3, 1, 3, 9, 0, 5, 8, 3, 8, 2, 6, 5, 9, 3, 2, 0, 1, 0, 6, 2, 6, 0, 2, 9, 3, 4, 0, 5, 4, 5, 2, 9, 8, 9, 2, 3, 5, 3, 3, 7, 8, 4, 7, 0


Decimal expansion of 2*Pi*e/23.
7, 4, 2, 5, 8, 5, 5, 8, 4, 5, 8, 0, 3, 1, 0, 1, 7, 9, 6, 0, 5, 5, 2, 6, 1, 6, 2, 5, 6, 9, 2, 6, 7, 3, 4, 7, 3, 9, 4, 3, 3, 8, 1, 3, 3, 5, 4, 4, 7, 9, 2, 6, 0, 5, 3, 8, 0, 8, 3, 4, 8, 8, 0, 8, 8, 5, 1, 5, 0, 3, 1, 4, 0, 1, 3, 6, 8, 0, 9, 3, 9, 7, 8, 8, 9, 1, 8, 5, 9, 7, 3, 6, 6, 1, 2, 8, 1, 6, 9


Decimal expansion of Pi*e.
8, 5, 3, 9, 7, 3, 4, 2, 2, 2, 6, 7, 3, 5, 6, 7, 0, 6, 5, 4, 6, 3, 5, 5, 0, 8, 6, 9, 5, 4, 6, 5, 7, 4, 4, 9, 5, 0, 3, 4, 8, 8, 8, 5, 3, 5, 7, 6, 5, 1, 1, 4, 9, 6, 1, 8, 7, 9, 6, 0, 1, 1, 3, 0, 1, 7, 9, 2, 2, 8, 6, 1, 1, 1, 5, 7, 3, 3, 0, 8, 0, 7, 5, 7, 2, 5, 6, 3, 8, 6, 9, 7, 1, 0, 4, 7, 3, 9, 4


Decimal expansion of Pi*e/2.
4, 2, 6, 9, 8, 6, 7, 1, 1, 1, 3, 3, 6, 7, 8, 3, 5, 3, 2, 7, 3, 1, 7, 7, 5, 4, 3, 4, 7, 7, 3, 2, 8, 7, 2, 4, 7, 5, 1, 7, 4, 4, 4, 2, 6, 7, 8, 8, 2, 5, 5, 7, 4, 8, 0, 9, 3, 9, 8, 0, 0, 5, 6, 5, 0, 8, 9, 6, 1, 4, 3, 0, 5, 5, 7, 8, 6, 6, 5, 4, 0, 3, 7, 8, 6, 2, 8, 1, 9, 3, 4, 8, 5, 5, 2, 3, 6, 9, 7


Decimal expansion of Pi*e/3.
2, 8, 4, 6, 5, 7, 8, 0, 7, 4, 2, 2, 4, 5, 2, 2, 3, 5, 5, 1, 5, 4, 5, 1, 6, 9, 5, 6, 5, 1, 5, 5, 2, 4, 8, 3, 1, 6, 7, 8, 2, 9, 6, 1, 7, 8, 5, 8, 8, 3, 7, 1, 6, 5, 3, 9, 5, 9, 8, 6, 7, 0, 4, 3, 3, 9, 3, 0, 7, 6, 2, 0, 3, 7, 1, 9, 1, 1, 0, 2, 6, 9, 1, 9, 0, 8, 5, 4, 6, 2, 3, 2, 3, 6, 8, 2, 4, 6, 4


Decimal expansion of Pi*e/4.
2, 1, 3, 4, 9, 3, 3, 5, 5, 5, 6, 6, 8, 3, 9, 1, 7, 6, 6, 3, 6, 5, 8, 8, 7, 7, 1, 7, 3, 8, 6, 6, 4, 3, 6, 2, 3, 7, 5, 8, 7, 2, 2, 1, 3, 3, 9, 4, 1, 2, 7, 8, 7, 4, 0, 4, 6, 9, 9, 0, 0, 2, 8, 2, 5, 4, 4, 8, 0, 7, 1, 5, 2, 7, 8, 9, 3, 3, 2, 7, 0, 1, 8, 9, 3, 1, 4, 0, 9, 6, 7, 4, 2, 7, 6, 1, 8, 4, 8


Expansion of 1/((1-4x)(1-7x)(1-9x)).
1, 20, 273, 3172, 33809, 342132, 3348241, 32033924, 301669137, 2808831124, 25937190929, 238042888356, 2174659962385, 19797924540596, 179763483454737, 1628947562960068, 14738065844679953, 133185374228264148


Decimal expansion of Pi*e/6.
1, 4, 2, 3, 2, 8, 9, 0, 3, 7, 1, 1, 2, 2, 6, 1, 1, 7, 7, 5, 7, 7, 2, 5, 8, 4, 7, 8, 2, 5, 7, 7, 6, 2, 4, 1, 5, 8, 3, 9, 1, 4, 8, 0, 8, 9, 2, 9, 4, 1, 8, 5, 8, 2, 6, 9, 7, 9, 9, 3, 3, 5, 2, 1, 6, 9, 6, 5, 3, 8, 1, 0, 1, 8, 5, 9, 5, 5, 5, 1, 3, 4, 5, 9, 5, 4, 2, 7, 3, 1, 1, 6, 1, 8, 4, 1, 2, 3, 2


Decimal expansion of Pi*e/7.
1, 2, 1, 9, 9, 6, 2, 0, 3, 1, 8, 1, 0, 5, 0, 9, 5, 8, 0, 7, 8, 0, 5, 0, 7, 2, 6, 7, 0, 7, 8, 0, 8, 2, 0, 7, 0, 7, 1, 9, 2, 6, 9, 7, 9, 0, 8, 2, 3, 5, 8, 7, 8, 5, 1, 6, 9, 7, 0, 8, 5, 8, 7, 5, 7, 3, 9, 8, 8, 9, 8, 0, 1, 5, 9, 3, 9, 0, 4, 4, 0, 1, 0, 8, 1, 7, 9, 4, 8, 3, 8, 5, 3, 0, 0, 6, 7, 7, 0


Decimal expansion of Pi*e/8.
1, 0, 6, 7, 4, 6, 6, 7, 7, 7, 8, 3, 4, 1, 9, 5, 8, 8, 3, 1, 8, 2, 9, 4, 3, 8, 5, 8, 6, 9, 3, 3, 2, 1, 8, 1, 1, 8, 7, 9, 3, 6, 1, 0, 6, 6, 9, 7, 0, 6, 3, 9, 3, 7, 0, 2, 3, 4, 9, 5, 0, 1, 4, 1, 2, 7, 2, 4, 0, 3, 5, 7, 6, 3, 9, 4, 6, 6, 6, 3, 5, 0, 9, 4, 6, 5, 7, 0, 4, 8, 3, 7, 1, 3, 8, 0, 9, 2, 4


Decimal expansion of Pi*e/9.
9, 4, 8, 8, 5, 9, 3, 5, 8, 0, 7, 4, 8, 4, 0, 7, 8, 5, 0, 5, 1, 5, 0, 5, 6, 5, 2, 1, 7, 1, 8, 4, 1, 6, 1, 0, 5, 5, 9, 4, 3, 2, 0, 5, 9, 5, 2, 9, 4, 5, 7, 2, 1, 7, 9, 8, 6, 6, 2, 2, 3, 4, 7, 7, 9, 7, 6, 9, 2, 0, 6, 7, 9, 0, 6, 3, 7, 0, 0, 8, 9, 7, 3, 0, 2, 8, 4, 8, 7, 4, 4, 1, 2, 2, 7, 4, 8, 8, 2


Expansion of 1/((1-4x)(1-7x)(1-10x)).
1, 21, 303, 3745, 42711, 464961, 4918663, 51086385, 524227671, 5336085601, 54018566823, 544793838225, 5480212349431, 55028108373441, 551863246323783, 5529708675105265, 55374624529091991, 554289026917064481


Decimal expansion of Pi*e/11.
7, 7, 6, 3, 3, 9, 4, 7, 4, 7, 8, 8, 5, 0, 6, 0, 9, 6, 8, 6, 0, 3, 2, 2, 8, 0, 6, 3, 2, 2, 4, 1, 5, 8, 6, 3, 1, 8, 4, 9, 8, 9, 8, 6, 6, 8, 8, 7, 7, 3, 7, 7, 2, 3, 8, 0, 7, 2, 3, 6, 4, 6, 6, 3, 7, 9, 9, 2, 9, 8, 7, 3, 7, 4, 1, 5, 7, 5, 5, 2, 7, 9, 6, 1, 1, 4, 2, 1, 6, 9, 9, 7, 3, 6, 7, 9, 4, 4, 9


Decimal expansion of Pi*e/12.
7, 1, 1, 6, 4, 4, 5, 1, 8, 5, 5, 6, 1, 3, 0, 5, 8, 8, 7, 8, 8, 6, 2, 9, 2, 3, 9, 1, 2, 8, 8, 8, 1, 2, 0, 7, 9, 1, 9, 5, 7, 4, 0, 4, 4, 6, 4, 7, 0, 9, 2, 9, 1, 3, 4, 8, 9, 9, 6, 6, 7, 6, 0, 8, 4, 8, 2, 6, 9, 0, 5, 0, 9, 2, 9, 7, 7, 7, 5, 6, 7, 2, 9, 7, 7, 1, 3, 6, 5, 5, 8, 0, 9, 2, 0, 6, 1, 6, 1


Decimal expansion of Pi*e/13.
6, 5, 6, 9, 0, 2, 6, 3, 2, 5, 1, 3, 3, 5, 1, 3, 1, 2, 7, 2, 7, 9, 6, 5, 4, 5, 1, 5, 0, 3, 5, 8, 2, 6, 5, 3, 4, 6, 4, 2, 2, 2, 1, 9, 5, 0, 5, 8, 8, 5, 4, 9, 9, 7, 0, 6, 7, 6, 6, 1, 6, 2, 5, 3, 9, 8, 4, 0, 2, 2, 0, 0, 8, 5, 8, 2, 5, 6, 2, 1, 5, 9, 6, 7, 1, 2, 0, 2, 9, 7, 6, 7, 0, 0, 3, 6, 4, 5, 7


Decimal expansion of Pi*e/14.
6, 0, 9, 9, 8, 1, 0, 1, 5, 9, 0, 5, 2, 5, 4, 7, 9, 0, 3, 9, 0, 2, 5, 3, 6, 3, 3, 5, 3, 9, 0, 4, 1, 0, 3, 5, 3, 5, 9, 6, 3, 4, 8, 9, 5, 4, 1, 1, 7, 9, 3, 9, 2, 5, 8, 4, 8, 5, 4, 2, 9, 3, 7, 8, 6, 9, 9, 4, 4, 9, 0, 0, 7, 9, 6, 9, 5, 2, 2, 0, 0, 5, 4, 0, 8, 9, 7, 4, 1, 9, 2, 6, 5, 0, 3, 3, 8, 5, 3


Expansion of 1/((1-4*x)*(1-7*x)*(1-11*x)).
1, 22, 335, 4400, 53661, 628122, 7178395, 80862100, 902846921, 10025125022, 110934086055, 1224883116600, 13505988249781, 148791855626722, 1638292574483315, 18032294531183900, 198432777621062241


Decimal expansion of Pi*e/16.
5, 3, 3, 7, 3, 3, 3, 8, 8, 9, 1, 7, 0, 9, 7, 9, 4, 1, 5, 9, 1, 4, 7, 1, 9, 2, 9, 3, 4, 6, 6, 6, 0, 9, 0, 5, 9, 3, 9, 6, 8, 0, 5, 3, 3, 4, 8, 5, 3, 1, 9, 6, 8, 5, 1, 1, 7, 4, 7, 5, 0, 7, 0, 6, 3, 6, 2, 0, 1, 7, 8, 8, 1, 9, 7, 3, 3, 3, 1, 7, 5, 4, 7, 3, 2, 8, 5, 2, 4, 1, 8, 5, 6, 9, 0, 4, 6, 2, 1


Decimal expansion of Pi*e/17.
5, 0, 2, 3, 3, 7, 3, 0, 7, 2, 1, 6, 0, 9, 2, 1, 8, 0, 3, 2, 1, 3, 8, 5, 3, 4, 5, 2, 6, 7, 4, 4, 5, 5, 5, 8, 5, 3, 1, 4, 6, 4, 0, 3, 1, 5, 1, 5, 5, 9, 4, 9, 9, 7, 7, 5, 7, 6, 2, 3, 5, 9, 5, 8, 9, 2, 8, 9, 5, 8, 0, 0, 6, 5, 6, 3, 1, 3, 5, 7, 6, 9, 1, 6, 0, 3, 3, 1, 6, 8, 8, 0, 6, 4, 9, 8, 4, 6, 7


Decimal expansion of Pi*e/18.
4, 7, 4, 4, 2, 9, 6, 7, 9, 0, 3, 7, 4, 2, 0, 3, 9, 2, 5, 2, 5, 7, 5, 2, 8, 2, 6, 0, 8, 5, 9, 2, 0, 8, 0, 5, 2, 7, 9, 7, 1, 6, 0, 2, 9, 7, 6, 4, 7, 2, 8, 6, 0, 8, 9, 9, 3, 3, 1, 1, 1, 7, 3, 8, 9, 8, 8, 4, 6, 0, 3, 3, 9, 5, 3, 1, 8, 5, 0, 4, 4, 8, 6, 5, 1, 4, 2, 4, 3, 7, 2, 0, 6, 1, 3, 7, 4, 4, 1


Decimal expansion of Pi*e/19.
4, 4, 9, 4, 5, 9, 6, 9, 5, 9, 3, 0, 1, 8, 7, 7, 4, 0, 2, 8, 7, 5, 5, 5, 3, 0, 8, 9, 2, 3, 5, 0, 3, 9, 2, 0, 7, 9, 1, 3, 0, 9, 9, 2, 2, 9, 3, 5, 0, 0, 6, 0, 5, 0, 6, 2, 5, 2, 4, 2, 1, 6, 4, 7, 4, 6, 2, 7, 5, 1, 9, 0, 0, 6, 0, 9, 1, 2, 1, 4, 7, 7, 6, 6, 9, 7, 7, 0, 4, 5, 7, 7, 4, 2, 3, 5, 4, 7, 0


Expansion of 1/((1-4*x)*(1-7*x)*(1-12*x)).
1, 23, 369, 5143, 66977, 841575, 10367953, 126315191, 1529146113, 18443562247, 221980457777, 2668373663319, 32052757927009, 384859080003239, 4619891122628241, 55449769683406327, 665474773978915265


