Decimal expansion of e/14.
1, 9, 4, 1, 6, 2, 9, 8, 7, 7, 4, 7, 0, 7, 4, 6, 5, 9, 6, 6, 8, 5, 9, 1, 9, 6, 2, 2, 3, 9, 4, 7, 5, 8, 9, 2, 6, 9, 6, 9, 4, 6, 2, 2, 0, 9, 7, 8, 5, 6, 8, 5, 4, 1, 0, 6, 9, 0, 6, 9, 1, 1, 6, 2, 6, 6, 0, 0, 5, 4, 7, 3, 5, 9, 6, 6, 8, 1, 9, 7, 1, 0, 4, 0, 8, 1, 3, 0, 1, 2, 7, 5, 1, 7, 9, 7, 6, 0, 1


G.f.: 1/((1-4x)(1-11x)(1-12x)).
1, 27, 505, 8115, 120241, 1695387, 23126185, 308127555, 4034342881, 52117311147, 666165944665, 8442335850195, 106239836635921, 1329127977509307, 16546285315207945, 205119670292296035, 2533642759410327361, 31197987005034321867, 383112856942345668025


Decimal expansion of e/16.
1, 6, 9, 8, 9, 2, 6, 1, 4, 2, 7, 8, 6, 9, 0, 3, 2, 7, 2, 1, 0, 0, 1, 7, 9, 6, 6, 9, 5, 9, 5, 4, 1, 4, 0, 6, 1, 0, 9, 8, 2, 7, 9, 4, 3, 3, 5, 6, 2, 4, 7, 4, 7, 3, 4, 3, 5, 4, 3, 5, 4, 7, 6, 7, 3, 2, 7, 5, 4, 7, 8, 9, 3, 9, 7, 0, 9, 6, 7, 2, 4, 6, 6, 0, 7, 1, 1, 3, 8, 6, 1, 5, 7, 8, 2, 2, 9, 0, 1


Decimal expansion of e/17.
1, 5, 9, 8, 9, 8, 9, 3, 1, 0, 8, 5, 8, 2, 6, 1, 9, 0, 3, 1, 5, 3, 1, 1, 0, 2, 7, 7, 2, 6, 6, 2, 7, 2, 0, 5, 7, 5, 0, 4, 2, 6, 2, 9, 9, 6, 2, 9, 4, 0, 9, 3, 8, 6, 7, 6, 2, 7, 6, 2, 8, 0, 1, 6, 3, 0, 8, 2, 8, 0, 3, 7, 0, 7, 9, 6, 2, 0, 4, 4, 6, 7, 3, 9, 4, 9, 3, 0, 6, 9, 3, 2, 5, 0, 0, 9, 7, 8, 9


Decimal expansion of e/18.
1, 5, 1, 0, 1, 5, 6, 5, 7, 1, 3, 6, 6, 1, 3, 6, 2, 4, 1, 8, 6, 6, 8, 2, 6, 3, 7, 2, 9, 7, 3, 7, 0, 1, 3, 8, 7, 6, 4, 2, 9, 1, 5, 0, 5, 2, 0, 5, 5, 5, 3, 3, 0, 9, 7, 2, 0, 3, 8, 7, 0, 9, 0, 4, 2, 9, 1, 1, 5, 3, 6, 8, 3, 5, 2, 9, 7, 4, 8, 6, 6, 3, 6, 5, 0, 7, 6, 7, 8, 7, 6, 9, 5, 8, 4, 2, 5, 7, 9


Decimal expansion of e/19.
1, 4, 3, 0, 6, 7, 4, 6, 4, 6, 5, 5, 7, 3, 9, 2, 2, 2, 9, 1, 3, 6, 9, 9, 3, 4, 0, 5, 9, 7, 5, 0, 8, 5, 5, 2, 5, 1, 3, 5, 3, 9, 3, 2, 0, 7, 2, 1, 0, 5, 0, 5, 0, 3, 9, 4, 5, 6, 2, 9, 8, 7, 5, 1, 4, 3, 3, 7, 2, 4, 5, 4, 2, 2, 9, 1, 3, 4, 0, 8, 3, 9, 2, 4, 8, 0, 9, 5, 8, 8, 3, 4, 3, 4, 2, 9, 8, 1, 1


Expansion of 1/((1-5*x)(1-6*x)(1-7*x)).
1, 18, 217, 2190, 19981, 170898, 1398097, 11075670, 85654261, 650280378, 4865931577, 35994162750, 263799130141, 1918854559458, 13871649322657, 99770067275430, 714554190919621, 5099624595840138, 36287658424563337, 257574399980365710, 1824480913344734701, 12900603911464394418


Decimal expansion of e/21.
1, 2, 9, 4, 4, 1, 9, 9, 1, 8, 3, 1, 3, 8, 3, 1, 0, 6, 4, 4, 5, 7, 2, 7, 9, 7, 4, 8, 2, 6, 3, 1, 7, 2, 6, 1, 7, 9, 7, 9, 6, 4, 1, 4, 7, 3, 1, 9, 0, 4, 5, 6, 9, 4, 0, 4, 6, 0, 4, 6, 0, 7, 7, 5, 1, 0, 6, 7, 0, 3, 1, 5, 7, 3, 1, 1, 2, 1, 3, 1, 4, 0, 2, 7, 2, 0, 8, 6, 7, 5, 1, 6, 7, 8, 6, 5, 0, 6, 7


Decimal expansion of e/22.
1, 2, 3, 5, 5, 8, 2, 6, 4, 9, 2, 9, 9, 5, 6, 6, 0, 1, 6, 0, 7, 2, 8, 5, 7, 9, 4, 1, 5, 2, 3, 9, 3, 7, 4, 9, 8, 9, 8, 0, 5, 6, 6, 8, 6, 0, 7, 7, 2, 7, 0, 8, 8, 9, 7, 7, 1, 2, 2, 5, 8, 0, 1, 2, 6, 0, 1, 8, 5, 3, 0, 1, 3, 7, 9, 7, 0, 6, 7, 0, 8, 8, 4, 4, 1, 5, 3, 7, 3, 5, 3, 8, 7, 5, 0, 7, 5, 6, 4


Decimal expansion of e/23.
1, 1, 8, 1, 8, 6, 1, 6, 6, 4, 5, 4, 7, 4, 1, 0, 9, 7, 1, 8, 9, 5, 7, 7, 7, 1, 6, 1, 4, 5, 7, 6, 7, 9, 3, 4, 6, 8, 5, 0, 9, 7, 6, 9, 9, 7, 2, 6, 0, 8, 5, 1, 9, 8, 9, 1, 1, 6, 0, 7, 2, 8, 8, 1, 6, 1, 9, 1, 6, 3, 7, 5, 2, 3, 2, 7, 6, 2, 9, 3, 8, 8, 9, 4, 4, 0, 7, 9, 2, 0, 8, 0, 5, 4, 4, 2, 0, 1, 8


Decimal expansion of e/24.
1, 1, 3, 2, 6, 1, 7, 4, 2, 8, 5, 2, 4, 6, 0, 2, 1, 8, 1, 4, 0, 0, 1, 1, 9, 7, 7, 9, 7, 3, 0, 2, 7, 6, 0, 4, 0, 7, 3, 2, 1, 8, 6, 2, 8, 9, 0, 4, 1, 6, 4, 9, 8, 2, 2, 9, 0, 2, 9, 0, 3, 1, 7, 8, 2, 1, 8, 3, 6, 5, 2, 6, 2, 6, 4, 7, 3, 1, 1, 4, 9, 7, 7, 3, 8, 0, 7, 5, 9, 0, 7, 7, 1, 8, 8, 1, 9, 3, 4


Decimal expansion of 2*e.
5, 4, 3, 6, 5, 6, 3, 6, 5, 6, 9, 1, 8, 0, 9, 0, 4, 7, 0, 7, 2, 0, 5, 7, 4, 9, 4, 2, 7, 0, 5, 3, 2, 4, 9, 9, 5, 5, 1, 4, 4, 9, 4, 1, 8, 7, 3, 9, 9, 9, 1, 9, 1, 4, 9, 9, 3, 3, 9, 3, 5, 2, 5, 5, 4, 4, 8, 1, 5, 3, 2, 6, 0, 7, 0, 7, 0, 9, 5, 1, 8, 9, 1, 4, 2, 7, 6, 4, 3, 5, 7, 0, 5, 0, 3, 3, 2, 8, 5, 4, 8, 5, 4, 9, 3


Decimal expansion of 2*e/3.
1, 8, 1, 2, 1, 8, 7, 8, 8, 5, 6, 3, 9, 3, 6, 3, 4, 9, 0, 2, 4, 0, 1, 9, 1, 6, 4, 7, 5, 6, 8, 4, 4, 1, 6, 6, 5, 1, 7, 1, 4, 9, 8, 0, 6, 2, 4, 6, 6, 6, 3, 9, 7, 1, 6, 6, 4, 4, 6, 4, 5, 0, 8, 5, 1, 4, 9, 3, 8, 4, 4, 2, 0, 2, 3, 5, 6, 9, 8, 3, 9, 6, 3, 8, 0, 9, 2, 1, 4, 5, 2, 3, 5, 0, 1, 1, 0, 9, 5


Decimal expansion of 2*e/5 (or 4*e).
1, 0, 8, 7, 3, 1, 2, 7, 3, 1, 3, 8, 3, 6, 1, 8, 0, 9, 4, 1, 4, 4, 1, 1, 4, 9, 8, 8, 5, 4, 1, 0, 6, 4, 9, 9, 9, 1, 0, 2, 8, 9, 8, 8, 3, 7, 4, 7, 9, 9, 8, 3, 8, 2, 9, 9, 8, 6, 7, 8, 7, 0, 5, 1, 0, 8, 9, 6, 3, 0, 6, 5, 2, 1, 4, 1, 4, 1, 9, 0, 3, 7, 8, 2, 8, 5, 5, 2, 8, 7, 1, 4, 1, 0, 0, 6, 6, 5, 7


Decimal expansion of 2*e/7.
7, 7, 6, 6, 5, 1, 9, 5, 0, 9, 8, 8, 2, 9, 8, 6, 3, 8, 6, 7, 4, 3, 6, 7, 8, 4, 8, 9, 5, 7, 9, 0, 3, 5, 7, 0, 7, 8, 7, 7, 8, 4, 8, 8, 3, 9, 1, 4, 2, 7, 4, 1, 6, 4, 2, 7, 6, 2, 7, 6, 4, 6, 5, 0, 6, 4, 0, 2, 1, 8, 9, 4, 3, 8, 6, 7, 2, 7, 8, 8, 4, 1, 6, 3, 2, 5, 2, 0, 5, 1, 0, 0, 7, 1, 9, 0, 4, 0, 7


Decimal expansion of 2*e/9.
6, 0, 4, 0, 6, 2, 6, 2, 8, 5, 4, 6, 4, 5, 4, 4, 9, 6, 7, 4, 6, 7, 3, 0, 5, 4, 9, 1, 8, 9, 4, 8, 0, 5, 5, 5, 0, 5, 7, 1, 6, 6, 0, 2, 0, 8, 2, 2, 2, 1, 3, 2, 3, 8, 8, 8, 1, 5, 4, 8, 3, 6, 1, 7, 1, 6, 4, 6, 1, 4, 7, 3, 4, 1, 1, 8, 9, 9, 4, 6, 5, 4, 6, 0, 3, 0, 7, 1, 5, 0, 7, 8, 3, 3, 7, 0, 3, 1, 7


Decimal expansion of 2*e/11.
4, 9, 4, 2, 3, 3, 0, 5, 9, 7, 1, 9, 8, 2, 6, 4, 0, 6, 4, 2, 9, 1, 4, 3, 1, 7, 6, 6, 0, 9, 5, 7, 4, 9, 9, 9, 5, 9, 2, 2, 2, 6, 7, 4, 4, 3, 0, 9, 0, 8, 3, 5, 5, 9, 0, 8, 4, 9, 0, 3, 2, 0, 5, 0, 4, 0, 7, 4, 1, 2, 0, 5, 5, 1, 8, 8, 2, 6, 8, 3, 5, 3, 7, 6, 6, 1, 4, 9, 4, 1, 5, 5, 0, 0, 3, 0, 2, 5, 9


Decimal expansion of 2*e/13.
4, 1, 8, 1, 9, 7, 2, 0, 4, 3, 7, 8, 3, 1, 4, 6, 5, 1, 5, 9, 3, 8, 9, 0, 3, 8, 0, 2, 0, 8, 1, 0, 1, 9, 2, 2, 7, 3, 1, 8, 8, 4, 1, 6, 8, 2, 6, 1, 5, 3, 2, 2, 4, 2, 3, 0, 2, 6, 1, 0, 4, 0, 4, 2, 6, 5, 2, 4, 2, 5, 5, 8, 5, 1, 5, 9, 3, 0, 3, 9, 9, 1, 6, 4, 8, 2, 8, 0, 2, 7, 4, 6, 5, 4, 1, 0, 2, 1, 9


Decimal expansion of 2*e/15.
3, 6, 2, 4, 3, 7, 5, 7, 7, 1, 2, 7, 8, 7, 2, 6, 9, 8, 0, 4, 8, 0, 3, 8, 3, 2, 9, 5, 1, 3, 6, 8, 8, 3, 3, 3, 0, 3, 4, 2, 9, 9, 6, 1, 2, 4, 9, 3, 3, 2, 7, 9, 4, 3, 3, 2, 8, 9, 2, 9, 0, 1, 7, 0, 2, 9, 8, 7, 6, 8, 8, 4, 0, 4, 7, 1, 3, 9, 6, 7, 9, 2, 7, 6, 1, 8, 4, 2, 9, 0, 4, 7, 0, 0, 2, 2, 1, 9, 0


Decimal expansion of 2*e/17.
3, 1, 9, 7, 9, 7, 8, 6, 2, 1, 7, 1, 6, 5, 2, 3, 8, 0, 6, 3, 0, 6, 2, 2, 0, 5, 5, 4, 5, 3, 2, 5, 4, 4, 1, 1, 5, 0, 0, 8, 5, 2, 5, 9, 9, 2, 5, 8, 8, 1, 8, 7, 7, 3, 5, 2, 5, 5, 2, 5, 6, 0, 3, 2, 6, 1, 6, 5, 6, 0, 7, 4, 1, 5, 9, 2, 4, 0, 8, 9, 3, 4, 7, 8, 9, 8, 6, 1, 3, 8, 6, 5, 0, 0, 1, 9, 5, 7, 9


Decimal expansion of 2*e/19.
2, 8, 6, 1, 3, 4, 9, 2, 9, 3, 1, 1, 4, 7, 8, 4, 4, 5, 8, 2, 7, 3, 9, 8, 6, 8, 1, 1, 9, 5, 0, 1, 7, 1, 0, 5, 0, 2, 7, 0, 7, 8, 6, 4, 1, 4, 4, 2, 1, 0, 1, 0, 0, 7, 8, 9, 1, 2, 5, 9, 7, 5, 0, 2, 8, 6, 7, 4, 4, 9, 0, 8, 4, 5, 8, 2, 6, 8, 1, 6, 7, 8, 4, 9, 6, 1, 9, 1, 7, 6, 6, 8, 6, 8, 5, 9, 6, 2, 3


Decimal expansion of 2*e/21.
2, 5, 8, 8, 8, 3, 9, 8, 3, 6, 6, 2, 7, 6, 6, 2, 1, 2, 8, 9, 1, 4, 5, 5, 9, 4, 9, 6, 5, 2, 6, 3, 4, 5, 2, 3, 5, 9, 5, 9, 2, 8, 2, 9, 4, 6, 3, 8, 0, 9, 1, 3, 8, 8, 0, 9, 2, 0, 9, 2, 1, 5, 5, 0, 2, 1, 3, 4, 0, 6, 3, 1, 4, 6, 2, 2, 4, 2, 6, 2, 8, 0, 5, 4, 4, 1, 7, 3, 5, 0, 3, 3, 5, 7, 3, 0, 1, 3, 5


Decimal expansion of 2*e/23.
2, 3, 6, 3, 7, 2, 3, 3, 2, 9, 0, 9, 4, 8, 2, 1, 9, 4, 3, 7, 9, 1, 5, 5, 4, 3, 2, 2, 9, 1, 5, 3, 5, 8, 6, 9, 3, 7, 0, 1, 9, 5, 3, 9, 9, 4, 5, 2, 1, 7, 0, 3, 9, 7, 8, 2, 3, 2, 1, 4, 5, 7, 6, 3, 2, 3, 8, 3, 2, 7, 5, 0, 4, 6, 5, 5, 2, 5, 8, 7, 7, 7, 8, 8, 8, 1, 5, 8, 4, 1, 6, 1, 0, 8, 8, 4, 0, 3, 7


Decimal expansion of sqrt(e).
1, 6, 4, 8, 7, 2, 1, 2, 7, 0, 7, 0, 0, 1, 2, 8, 1, 4, 6, 8, 4, 8, 6, 5, 0, 7, 8, 7, 8, 1, 4, 1, 6, 3, 5, 7, 1, 6, 5, 3, 7, 7, 6, 1, 0, 0, 7, 1, 0, 1, 4, 8, 0, 1, 1, 5, 7, 5, 0, 7, 9, 3, 1, 1, 6, 4, 0, 6, 6, 1, 0, 2, 1, 1, 9, 4, 2, 1, 5, 6, 0, 8, 6, 3, 2, 7, 7, 6, 5, 2, 0, 0, 5, 6, 3, 6, 6, 6, 4


Decimal expansion of sqrt(e)/2.
8, 2, 4, 3, 6, 0, 6, 3, 5, 3, 5, 0, 0, 6, 4, 0, 7, 3, 4, 2, 4, 3, 2, 5, 3, 9, 3, 9, 0, 7, 0, 8, 1, 7, 8, 5, 8, 2, 6, 8, 8, 8, 0, 5, 0, 3, 5, 5, 0, 7, 4, 0, 0, 5, 7, 8, 7, 5, 3, 9, 6, 5, 5, 8, 2, 0, 3, 3, 0, 5, 1, 0, 5, 9, 7, 1, 0, 7, 8, 0, 4, 3, 1, 6, 3, 8, 8, 2, 6, 0, 0, 2, 8, 1, 8, 3, 3, 2, 1


Decimal expansion of sqrt(e)/3.
5, 4, 9, 5, 7, 3, 7, 5, 6, 9, 0, 0, 0, 4, 2, 7, 1, 5, 6, 1, 6, 2, 1, 6, 9, 2, 9, 2, 7, 1, 3, 8, 7, 8, 5, 7, 2, 1, 7, 9, 2, 5, 3, 6, 6, 9, 0, 3, 3, 8, 2, 6, 7, 0, 5, 2, 5, 0, 2, 6, 4, 3, 7, 2, 1, 3, 5, 5, 3, 6, 7, 3, 7, 3, 1, 4, 0, 5, 2, 0, 2, 8, 7, 7, 5, 9, 2, 1, 7, 3, 3, 5, 2, 1, 2, 2, 2, 1, 4


Decimal expansion of sqrt(e)/4.
4, 1, 2, 1, 8, 0, 3, 1, 7, 6, 7, 5, 0, 3, 2, 0, 3, 6, 7, 1, 2, 1, 6, 2, 6, 9, 6, 9, 5, 3, 5, 4, 0, 8, 9, 2, 9, 1, 3, 4, 4, 4, 0, 2, 5, 1, 7, 7, 5, 3, 7, 0, 0, 2, 8, 9, 3, 7, 6, 9, 8, 2, 7, 9, 1, 0, 1, 6, 5, 2, 5, 5, 2, 9, 8, 5, 5, 3, 9, 0, 2, 1, 5, 8, 1, 9, 4, 1, 3, 0, 0, 1, 4, 0, 9, 1, 6, 6, 0


Decimal expansion of sqrt(e)/5.
3, 2, 9, 7, 4, 4, 2, 5, 4, 1, 4, 0, 0, 2, 5, 6, 2, 9, 3, 6, 9, 7, 3, 0, 1, 5, 7, 5, 6, 2, 8, 3, 2, 7, 1, 4, 3, 3, 0, 7, 5, 5, 2, 2, 0, 1, 4, 2, 0, 2, 9, 6, 0, 2, 3, 1, 5, 0, 1, 5, 8, 6, 2, 3, 2, 8, 1, 3, 2, 2, 0, 4, 2, 3, 8, 8, 4, 3, 1, 2, 1, 7, 2, 6, 5, 5, 5, 3, 0, 4, 0, 1, 1, 2, 7, 3, 3, 2, 8


Decimal expansion of sqrt(e)/6.
2, 7, 4, 7, 8, 6, 8, 7, 8, 4, 5, 0, 0, 2, 1, 3, 5, 7, 8, 0, 8, 1, 0, 8, 4, 6, 4, 6, 3, 5, 6, 9, 3, 9, 2, 8, 6, 0, 8, 9, 6, 2, 6, 8, 3, 4, 5, 1, 6, 9, 1, 3, 3, 5, 2, 6, 2, 5, 1, 3, 2, 1, 8, 6, 0, 6, 7, 7, 6, 8, 3, 6, 8, 6, 5, 7, 0, 2, 6, 0, 1, 4, 3, 8, 7, 9, 6, 0, 8, 6, 6, 7, 6, 0, 6, 1, 1, 0, 7


Decimal expansion of sqrt(e)/7.
2, 3, 5, 5, 3, 1, 6, 1, 0, 1, 0, 0, 0, 1, 8, 3, 0, 6, 6, 9, 2, 6, 6, 4, 3, 9, 8, 2, 5, 9, 1, 6, 6, 2, 2, 4, 5, 2, 1, 9, 6, 8, 0, 1, 4, 3, 8, 7, 1, 6, 4, 0, 0, 1, 6, 5, 3, 5, 8, 2, 7, 5, 8, 8, 0, 5, 8, 0, 8, 7, 1, 7, 3, 1, 3, 4, 5, 9, 3, 7, 2, 6, 6, 1, 8, 2, 5, 2, 1, 7, 1, 5, 0, 9, 0, 9, 5, 2, 0


Decimal expansion of sqrt(e)/8.
2, 0, 6, 0, 9, 0, 1, 5, 8, 8, 3, 7, 5, 1, 6, 0, 1, 8, 3, 5, 6, 0, 8, 1, 3, 4, 8, 4, 7, 6, 7, 7, 0, 4, 4, 6, 4, 5, 6, 7, 2, 2, 0, 1, 2, 5, 8, 8, 7, 6, 8, 5, 0, 1, 4, 4, 6, 8, 8, 4, 9, 1, 3, 9, 5, 5, 0, 8, 2, 6, 2, 7, 6, 4, 9, 2, 7, 6, 9, 5, 1, 0, 7, 9, 0, 9, 7, 0, 6, 5, 0, 0, 7, 0, 4, 5, 8, 3, 0


Decimal expansion of sqrt(e)/9.
1, 8, 3, 1, 9, 1, 2, 5, 2, 3, 0, 0, 0, 1, 4, 2, 3, 8, 5, 3, 8, 7, 3, 8, 9, 7, 6, 4, 2, 3, 7, 9, 5, 9, 5, 2, 4, 0, 5, 9, 7, 5, 1, 2, 2, 3, 0, 1, 1, 2, 7, 5, 5, 6, 8, 4, 1, 6, 7, 5, 4, 7, 9, 0, 7, 1, 1, 8, 4, 5, 5, 7, 9, 1, 0, 4, 6, 8, 4, 0, 0, 9, 5, 9, 1, 9, 7, 3, 9, 1, 1, 1, 7, 3, 7, 4, 0, 7, 1


Expansion of 1/((1-5x)(1-6x)(1-8x)).
1, 19, 243, 2615, 25571, 235599, 2086603, 17981815, 151979091, 1266533279, 10446235163, 85502523015, 695860175011, 5639142048559, 45552803794923, 367090952376215, 2952891339001331, 23720875971413439


Decimal expansion of sqrt(e)/11.
1, 4, 9, 8, 8, 3, 7, 5, 1, 8, 8, 1, 8, 2, 9, 8, 3, 1, 5, 3, 1, 6, 9, 5, 5, 2, 6, 1, 6, 4, 9, 2, 3, 9, 6, 1, 0, 5, 9, 4, 3, 4, 1, 9, 0, 9, 7, 3, 6, 4, 9, 8, 1, 9, 2, 3, 4, 0, 9, 8, 1, 1, 9, 2, 4, 0, 0, 6, 0, 0, 9, 2, 8, 3, 5, 8, 3, 7, 7, 8, 2, 6, 0, 2, 9, 7, 9, 6, 8, 3, 6, 4, 1, 4, 8, 7, 8, 7, 6


Decimal expansion of sqrt(e)/12.
1, 3, 7, 3, 9, 3, 4, 3, 9, 2, 2, 5, 0, 1, 0, 6, 7, 8, 9, 0, 4, 0, 5, 4, 2, 3, 2, 3, 1, 7, 8, 4, 6, 9, 6, 4, 3, 0, 4, 4, 8, 1, 3, 4, 1, 7, 2, 5, 8, 4, 5, 6, 6, 7, 6, 3, 1, 2, 5, 6, 6, 0, 9, 3, 0, 3, 3, 8, 8, 4, 1, 8, 4, 3, 2, 8, 5, 1, 3, 0, 0, 7, 1, 9, 3, 9, 8, 0, 4, 3, 3, 3, 8, 0, 3, 0, 5, 5, 3


Decimal expansion of sqrt(e)/13.
1, 2, 6, 8, 2, 4, 7, 1, 3, 1, 3, 0, 7, 7, 9, 0, 8, 8, 2, 1, 9, 1, 2, 6, 9, 8, 3, 6, 7, 8, 0, 1, 2, 5, 8, 2, 4, 3, 4, 9, 0, 5, 8, 5, 3, 9, 0, 0, 7, 8, 0, 6, 1, 6, 2, 7, 5, 0, 0, 6, 1, 0, 0, 8, 9, 5, 4, 3, 5, 4, 6, 3, 1, 6, 8, 7, 8, 5, 8, 1, 6, 0, 4, 8, 6, 7, 5, 1, 1, 6, 9, 2, 7, 4, 1, 2, 8, 1, 8


Decimal expansion of sqrt(e)/14.
1, 1, 7, 7, 6, 5, 8, 0, 5, 0, 5, 0, 0, 0, 9, 1, 5, 3, 3, 4, 6, 3, 3, 2, 1, 9, 9, 1, 2, 9, 5, 8, 3, 1, 1, 2, 2, 6, 0, 9, 8, 4, 0, 0, 7, 1, 9, 3, 5, 8, 2, 0, 0, 0, 8, 2, 6, 7, 9, 1, 3, 7, 9, 4, 0, 2, 9, 0, 4, 3, 5, 8, 6, 5, 6, 7, 2, 9, 6, 8, 6, 3, 3, 0, 9, 1, 2, 6, 0, 8, 5, 7, 5, 4, 5, 4, 7, 6, 0


Decimal expansion of sqrt(e)/15.
1, 0, 9, 9, 1, 4, 7, 5, 1, 3, 8, 0, 0, 0, 8, 5, 4, 3, 1, 2, 3, 2, 4, 3, 3, 8, 5, 8, 5, 4, 2, 7, 7, 5, 7, 1, 4, 4, 3, 5, 8, 5, 0, 7, 3, 3, 8, 0, 6, 7, 6, 5, 3, 4, 1, 0, 5, 0, 0, 5, 2, 8, 7, 4, 4, 2, 7, 1, 0, 7, 3, 4, 7, 4, 6, 2, 8, 1, 0, 4, 0, 5, 7, 5, 5, 1, 8, 4, 3, 4, 6, 7, 0, 4, 2, 4, 4, 4, 2


Decimal expansion of sqrt(e)/16.
1, 0, 3, 0, 4, 5, 0, 7, 9, 4, 1, 8, 7, 5, 8, 0, 0, 9, 1, 7, 8, 0, 4, 0, 6, 7, 4, 2, 3, 8, 3, 8, 5, 2, 2, 3, 2, 2, 8, 3, 6, 1, 0, 0, 6, 2, 9, 4, 3, 8, 4, 2, 5, 0, 7, 2, 3, 4, 4, 2, 4, 5, 6, 9, 7, 7, 5, 4, 1, 3, 1, 3, 8, 2, 4, 6, 3, 8, 4, 7, 5, 5, 3, 9, 5, 4, 8, 5, 3, 2, 5, 0, 3, 5, 2, 2, 9, 1, 5


Decimal expansion of sqrt(e)/17.
9, 6, 9, 8, 3, 6, 0, 4, 1, 5, 8, 8, 3, 1, 0, 6, 7, 4, 6, 1, 6, 8, 5, 3, 4, 0, 4, 5, 9, 6, 5, 6, 6, 8, 0, 6, 8, 5, 5, 1, 6, 2, 4, 1, 2, 1, 8, 2, 4, 4, 0, 0, 0, 6, 8, 0, 8, 8, 7, 0, 1, 8, 3, 3, 1, 8, 0, 3, 5, 8, 9, 4, 8, 2, 0, 1, 2, 6, 8, 2, 8, 6, 0, 7, 5, 1, 5, 6, 0, 0, 0, 3, 3, 1, 5, 6, 8, 4, 8


Decimal expansion of sqrt(e)/18.
9, 1, 5, 9, 5, 6, 2, 6, 1, 5, 0, 0, 0, 7, 1, 1, 9, 2, 6, 9, 3, 6, 9, 4, 8, 8, 2, 1, 1, 8, 9, 7, 9, 7, 6, 2, 0, 2, 9, 8, 7, 5, 6, 1, 1, 5, 0, 5, 6, 3, 7, 7, 8, 4, 2, 0, 8, 3, 7, 7, 3, 9, 5, 3, 5, 5, 9, 2, 2, 7, 8, 9, 5, 5, 2, 3, 4, 2, 0, 0, 4, 7, 9, 5, 9, 8, 6, 9, 5, 5, 5, 8, 6, 8, 7, 0, 3, 5, 7


Decimal expansion of sqrt(e)/19.
8, 6, 7, 7, 4, 8, 0, 3, 7, 2, 1, 0, 5, 9, 3, 7, 6, 1, 4, 9, 9, 2, 8, 9, 8, 8, 8, 3, 2, 3, 2, 4, 3, 9, 8, 5, 0, 8, 0, 9, 3, 4, 7, 8, 9, 8, 4, 7, 4, 4, 6, 3, 2, 1, 8, 8, 1, 6, 2, 0, 6, 9, 0, 3, 3, 7, 1, 9, 0, 0, 1, 1, 1, 5, 4, 8, 5, 0, 3, 2, 0, 3, 3, 3, 0, 4, 0, 2, 7, 3, 7, 1, 3, 8, 7, 7, 1, 8, 0


Expansion of 1/((1-5x)(1-6x)(1-9x)).
1, 20, 271, 3110, 32641, 324800, 3125011, 29414090, 272851381, 2506362980, 22871235751, 207773763470, 1881803862121, 17008495407560, 153516126074491, 1384313656687250, 12474986630176861, 112372624930994540


Decimal expansion of sqrt(e)/21.
7, 8, 5, 1, 0, 5, 3, 6, 7, 0, 0, 0, 0, 6, 1, 0, 2, 2, 3, 0, 8, 8, 8, 1, 3, 2, 7, 5, 3, 0, 5, 5, 4, 0, 8, 1, 7, 3, 9, 8, 9, 3, 3, 8, 1, 2, 9, 0, 5, 4, 6, 6, 7, 2, 1, 7, 8, 6, 0, 9, 1, 9, 6, 0, 1, 9, 3, 6, 2, 3, 9, 1, 0, 4, 4, 8, 6, 4, 5, 7, 5, 5, 3, 9, 4, 1, 7, 3, 9, 0, 5, 0, 3, 0, 3, 1, 7, 3, 4


Decimal expansion of sqrt(e)/22.
7, 4, 9, 4, 1, 8, 7, 5, 9, 4, 0, 9, 1, 4, 9, 1, 5, 7, 6, 5, 8, 4, 7, 7, 6, 3, 0, 8, 2, 4, 6, 1, 9, 8, 0, 5, 2, 9, 7, 1, 7, 0, 9, 5, 4, 8, 6, 8, 2, 4, 9, 0, 9, 6, 1, 7, 0, 4, 9, 0, 5, 9, 6, 2, 0, 0, 3, 0, 0, 4, 6, 4, 1, 7, 9, 1, 8, 8, 9, 1, 3, 0, 1, 4, 8, 9, 8, 4, 1, 8, 2, 0, 7, 4, 3, 9, 3, 8, 3


Decimal expansion of sqrt(e)/23.
7, 1, 6, 8, 3, 5, 3, 3, 5, 0, 8, 7, 0, 1, 2, 2, 3, 7, 7, 6, 0, 2, 8, 2, 9, 5, 1, 2, 2, 3, 5, 4, 9, 3, 7, 8, 9, 7, 9, 9, 0, 2, 6, 5, 2, 4, 8, 2, 6, 7, 3, 0, 4, 8, 5, 1, 0, 9, 0, 4, 0, 4, 8, 5, 3, 9, 4, 1, 7, 8, 3, 5, 3, 0, 1, 8, 3, 2, 8, 7, 3, 3, 1, 8, 5, 9, 8, 4, 8, 6, 9, 8, 1, 0, 2, 8, 9, 7, 5


Decimal expansion of sqrt(e)/24.
6, 8, 6, 9, 6, 7, 1, 9, 6, 1, 2, 5, 0, 5, 3, 3, 9, 4, 5, 2, 0, 2, 7, 1, 1, 6, 1, 5, 8, 9, 2, 3, 4, 8, 2, 1, 5, 2, 2, 4, 0, 6, 7, 0, 8, 6, 2, 9, 2, 2, 8, 3, 3, 8, 1, 5, 6, 2, 8, 3, 0, 4, 6, 5, 1, 6, 9, 4, 2, 0, 9, 2, 1, 6, 4, 2, 5, 6, 5, 0, 3, 5, 9, 6, 9, 9, 0, 2, 1, 6, 6, 9, 0, 1, 5, 2, 7, 6, 7


Decimal expansion of sqrt(2*e).
2, 3, 3, 1, 6, 4, 3, 9, 8, 1, 5, 9, 7, 1, 2, 4, 2, 0, 3, 3, 6, 3, 5, 3, 6, 0, 6, 2, 1, 6, 8, 4, 0, 0, 8, 7, 6, 3, 8, 0, 2, 3, 6, 2, 9, 9, 1, 8, 7, 5, 8, 8, 4, 2, 3, 0, 0, 8, 0, 9, 6, 4, 4, 7, 7, 7, 6, 0, 1, 0, 0, 4, 9, 4, 1, 2, 6, 5, 7, 3, 4, 9, 5, 0, 2, 6, 2, 9, 9, 9, 1, 7, 9, 5, 4, 7, 7, 7, 5


Decimal expansion of sqrt(2*e)/3.
7, 7, 7, 2, 1, 4, 6, 6, 0, 5, 3, 2, 3, 7, 4, 7, 3, 4, 4, 5, 4, 5, 1, 2, 0, 2, 0, 7, 2, 2, 8, 0, 0, 2, 9, 2, 1, 2, 6, 7, 4, 5, 4, 3, 3, 0, 6, 2, 5, 2, 9, 4, 7, 4, 3, 3, 6, 0, 3, 2, 1, 4, 9, 2, 5, 8, 6, 7, 0, 0, 1, 6, 4, 7, 0, 8, 8, 5, 7, 8, 3, 1, 6, 7, 5, 4, 3, 3, 3, 0, 5, 9, 8, 4, 9, 2, 5, 8, 4


Decimal expansion of sqrt(2*e)/5.
4, 6, 6, 3, 2, 8, 7, 9, 6, 3, 1, 9, 4, 2, 4, 8, 4, 0, 6, 7, 2, 7, 0, 7, 2, 1, 2, 4, 3, 3, 6, 8, 0, 1, 7, 5, 2, 7, 6, 0, 4, 7, 2, 5, 9, 8, 3, 7, 5, 1, 7, 6, 8, 4, 6, 0, 1, 6, 1, 9, 2, 8, 9, 5, 5, 5, 2, 0, 2, 0, 0, 9, 8, 8, 2, 5, 3, 1, 4, 6, 9, 9, 0, 0, 5, 2, 5, 9, 9, 8, 3, 5, 9, 0, 9, 5, 5, 5, 0


Decimal expansion of sqrt(2*e)/7.
3, 3, 3, 0, 9, 1, 9, 9, 7, 3, 7, 1, 0, 1, 7, 7, 4, 3, 3, 3, 7, 6, 4, 8, 0, 0, 8, 8, 8, 1, 2, 0, 0, 1, 2, 5, 1, 9, 7, 1, 7, 6, 6, 1, 4, 1, 6, 9, 6, 5, 5, 4, 8, 9, 0, 0, 1, 1, 5, 6, 6, 3, 5, 3, 9, 6, 5, 7, 2, 8, 6, 4, 2, 0, 1, 8, 0, 8, 1, 9, 2, 7, 8, 6, 0, 8, 9, 9, 9, 8, 8, 2, 7, 9, 2, 5, 3, 9, 3


Decimal expansion of sqrt(2*e)/9.
2, 5, 9, 0, 7, 1, 5, 5, 3, 5, 1, 0, 7, 9, 1, 5, 7, 8, 1, 5, 1, 5, 0, 4, 0, 0, 6, 9, 0, 7, 6, 0, 0, 0, 9, 7, 3, 7, 5, 5, 8, 1, 8, 1, 1, 0, 2, 0, 8, 4, 3, 1, 5, 8, 1, 1, 2, 0, 1, 0, 7, 1, 6, 4, 1, 9, 5, 5, 6, 6, 7, 2, 1, 5, 6, 9, 6, 1, 9, 2, 7, 7, 2, 2, 5, 1, 4, 4, 4, 3, 5, 3, 2, 8, 3, 0, 8, 6, 1


Decimal expansion of sqrt(2*e)/11.
2, 1, 1, 9, 6, 7, 6, 3, 4, 6, 9, 0, 6, 4, 7, 6, 5, 4, 8, 5, 1, 2, 3, 0, 5, 5, 1, 1, 0, 6, 2, 1, 8, 2, 6, 1, 4, 8, 9, 1, 1, 2, 3, 9, 0, 8, 3, 5, 2, 3, 5, 3, 1, 1, 1, 8, 2, 5, 5, 4, 2, 2, 2, 5, 2, 5, 0, 9, 1, 8, 2, 2, 6, 7, 3, 8, 7, 7, 9, 4, 0, 8, 6, 3, 8, 7, 5, 4, 5, 3, 7, 9, 9, 5, 8, 8, 8, 8, 6


Decimal expansion of sqrt(2*e)/13.
1, 7, 9, 3, 5, 7, 2, 2, 9, 3, 5, 3, 6, 2, 4, 9, 3, 8, 7, 2, 0, 2, 7, 2, 0, 0, 4, 7, 8, 2, 1, 8, 4, 6, 8, 2, 7, 9, 8, 4, 7, 9, 7, 1, 5, 3, 2, 2, 1, 2, 2, 1, 8, 6, 3, 8, 5, 2, 3, 8, 1, 8, 8, 2, 9, 0, 4, 6, 2, 3, 1, 1, 4, 9, 3, 2, 8, 1, 3, 3, 4, 5, 7, 7, 1, 2, 5, 3, 8, 3, 9, 8, 4, 2, 6, 7, 5, 1, 9


Decimal expansion of sqrt(2*e)/15.
1, 5, 5, 4, 4, 2, 9, 3, 2, 1, 0, 6, 4, 7, 4, 9, 4, 6, 8, 9, 0, 9, 0, 2, 4, 0, 4, 1, 4, 4, 5, 6, 0, 0, 5, 8, 4, 2, 5, 3, 4, 9, 0, 8, 6, 6, 1, 2, 5, 0, 5, 8, 9, 4, 8, 6, 7, 2, 0, 6, 4, 2, 9, 8, 5, 1, 7, 3, 4, 0, 0, 3, 2, 9, 4, 1, 7, 7, 1, 5, 6, 6, 3, 3, 5, 0, 8, 6, 6, 6, 1, 1, 9, 6, 9, 8, 5, 1, 6


Decimal expansion of sqrt(2*e)/17.
1, 3, 7, 1, 5, 5, 5, 2, 8, 3, 2, 9, 2, 4, 2, 6, 0, 0, 1, 9, 7, 8, 5, 5, 0, 6, 2, 4, 8, 0, 4, 9, 4, 1, 6, 9, 1, 9, 8, 8, 3, 7, 4, 2, 9, 3, 6, 3, 9, 7, 5, 7, 8, 9, 5, 8, 8, 7, 1, 1, 5, 5, 5, 7, 5, 1, 5, 3, 0, 0, 0, 2, 9, 0, 6, 6, 2, 6, 9, 0, 2, 9, 1, 1, 9, 1, 9, 4, 1, 1, 2, 8, 2, 0, 8, 6, 9, 2, 6


Decimal expansion of sqrt(2*e)/19.
1, 2, 2, 7, 1, 8, 1, 0, 4, 2, 9, 4, 5, 8, 5, 4, 8, 4, 3, 8, 7, 5, 5, 4, 5, 2, 9, 5, 8, 7, 8, 1, 0, 5, 7, 2, 4, 4, 1, 0, 6, 5, 0, 6, 8, 3, 7, 8, 2, 9, 4, 1, 2, 7, 5, 2, 6, 7, 4, 1, 9, 1, 8, 3, 0, 4, 0, 0, 0, 5, 2, 8, 9, 1, 6, 4, 5, 5, 6, 4, 9, 9, 7, 3, 8, 2, 2, 6, 3, 1, 1, 4, 7, 1, 3, 0, 4, 0, 8


Decimal expansion of sqrt(2*e)/21.
1, 1, 1, 0, 3, 0, 6, 6, 5, 7, 9, 0, 3, 3, 9, 2, 4, 7, 7, 7, 9, 2, 1, 6, 0, 0, 2, 9, 6, 0, 4, 0, 0, 0, 4, 1, 7, 3, 2, 3, 9, 2, 2, 0, 4, 7, 2, 3, 2, 1, 8, 4, 9, 6, 3, 3, 3, 7, 1, 8, 8, 7, 8, 4, 6, 5, 5, 2, 4, 2, 8, 8, 0, 6, 7, 2, 6, 9, 3, 9, 7, 5, 9, 5, 3, 6, 3, 3, 3, 2, 9, 4, 2, 6, 4, 1, 7, 9, 7


Decimal expansion of sqrt(2*e)/23.
1, 0, 1, 3, 7, 5, 8, 2, 5, 2, 8, 6, 8, 3, 1, 4, 8, 7, 1, 0, 2, 7, 6, 2, 4, 3, 7, 4, 8, 5, 5, 8, 2, 6, 4, 6, 7, 9, 9, 1, 4, 0, 7, 0, 8, 6, 6, 0, 3, 2, 9, 9, 3, 1, 4, 3, 5, 1, 3, 4, 6, 2, 8, 1, 6, 4, 1, 7, 4, 3, 4, 9, 9, 7, 4, 4, 6, 3, 3, 6, 3, 0, 2, 1, 8, 5, 3, 4, 7, 7, 9, 0, 4, 1, 5, 1, 2, 0, 6


Decimal expansion of sine of 1 degree.
0, 1, 7, 4, 5, 2, 4, 0, 6, 4, 3, 7, 2, 8, 3, 5, 1, 2, 8, 1, 9, 4, 1, 8, 9, 7, 8, 5, 1, 6, 3, 1, 6, 1, 9, 2, 4, 7, 2, 2, 5, 2, 7, 2, 0, 3, 0, 7, 1, 3, 9, 6, 4, 2, 6, 8, 3, 6, 1, 2, 4, 2, 7, 6, 4, 0, 5, 9, 7, 3, 8, 4, 2, 0, 3, 9, 2, 8, 0, 7, 0, 0, 4, 2, 0, 0, 1, 9, 2, 6, 7, 9, 1, 0, 2, 1, 3, 4, 6, 9, 1, 4, 4, 8, 8


Decimal expansion of sine of 2 degrees.
0, 3, 4, 8, 9, 9, 4, 9, 6, 7, 0, 2, 5, 0, 0, 9, 7, 1, 6, 4, 5, 9, 9, 5, 1, 8, 1, 6, 2, 5, 3, 3, 2, 9, 3, 7, 3, 5, 4, 8, 2, 4, 5, 7, 6, 0, 4, 3, 2, 9, 6, 8, 7, 1, 4, 2, 5, 0, 0, 5, 7, 6, 6, 9, 4, 2, 0, 8, 4, 0, 5, 1, 2, 1, 3, 8, 2, 1, 3, 2, 5, 4, 5, 1, 1, 2, 3, 1, 5, 1, 4, 5, 9, 0, 2, 8, 5, 6, 5, 2


Decimal expansion of sine of 3 degrees.
0, 5, 2, 3, 3, 5, 9, 5, 6, 2, 4, 2, 9, 4, 3, 8, 3, 2, 7, 2, 2, 1, 1, 8, 6, 2, 9, 6, 0, 9, 0, 7, 8, 4, 1, 8, 7, 3, 1, 0, 1, 8, 2, 5, 3, 9, 4, 0, 1, 6, 4, 9, 2, 0, 4, 8, 3, 5, 0, 9, 3, 8, 1, 5, 9, 9, 8, 5, 7, 1, 0, 4, 6, 4, 1, 7, 5, 4, 5, 4, 6, 8, 6, 4, 4, 6, 4, 5, 9, 8, 8, 1, 1, 8, 8, 6, 9, 3, 9, 8


Decimal expansion of sine of 4 degrees.
0, 6, 9, 7, 5, 6, 4, 7, 3, 7, 4, 4, 1, 2, 5, 3, 0, 0, 7, 7, 5, 9, 5, 8, 8, 3, 5, 1, 9, 4, 1, 4, 3, 3, 2, 8, 6, 0, 0, 9, 0, 3, 2, 0, 1, 6, 5, 2, 7, 9, 6, 5, 2, 5, 0, 4, 3, 6, 1, 7, 2, 9, 6, 1, 3, 7, 0, 7, 1, 1, 2, 7, 0, 6, 6, 7, 8, 9, 1, 2, 2, 9, 1, 2, 5, 3, 7, 8, 5, 6, 8, 2, 8, 0, 7, 4, 2, 9, 2, 3


Decimal expansion of sine of 5 degrees.
0, 8, 7, 1, 5, 5, 7, 4, 2, 7, 4, 7, 6, 5, 8, 1, 7, 3, 5, 5, 8, 0, 6, 4, 2, 7, 0, 8, 3, 7, 4, 7, 3, 5, 5, 1, 3, 7, 7, 7, 0, 1, 1, 5, 6, 1, 4, 9, 7, 0, 2, 6, 7, 2, 6, 1, 3, 7, 4, 3, 3, 6, 7, 5, 6, 8, 4, 2, 9, 8, 2, 7, 4, 8, 1, 6, 7, 6, 3, 3, 0, 5, 3, 7, 4, 0, 1, 2, 4, 8, 2, 7, 6, 9, 9, 6, 3, 7, 2, 1


Decimal expansion of sine of 6 degrees.
1, 0, 4, 5, 2, 8, 4, 6, 3, 2, 6, 7, 6, 5, 3, 4, 7, 1, 3, 9, 9, 8, 3, 4, 1, 5, 4, 8, 0, 2, 4, 9, 8, 1, 1, 9, 0, 8, 0, 6, 5, 5, 8, 6, 9, 4, 7, 4, 5, 9, 3, 1, 1, 3, 9, 9, 3, 2, 7, 5, 4, 7, 6, 7, 1, 2, 4, 8, 4, 6, 5, 0, 6, 9, 3, 1, 8, 0, 0, 4, 6, 8, 2, 8, 1, 8, 0, 3, 9, 8, 7, 9, 8, 6, 0, 4, 4, 2, 6


Decimal expansion of sine of 7 degrees.
1, 2, 1, 8, 6, 9, 3, 4, 3, 4, 0, 5, 1, 4, 7, 4, 8, 1, 1, 1, 2, 8, 9, 3, 9, 1, 9, 2, 3, 1, 5, 2, 5, 1, 7, 6, 0, 1, 3, 2, 3, 5, 6, 4, 6, 4, 7, 1, 4, 6, 8, 7, 2, 0, 9, 2, 7, 0, 4, 8, 8, 7, 3, 9, 7, 7, 9, 5, 1, 3, 7, 8, 7, 5, 2, 8, 0, 7, 3, 4, 6, 2, 7, 5, 4, 7, 5, 3, 3, 1, 9, 5, 6, 5, 9, 5, 9, 4, 0


Decimal expansion of sine of 8 degrees.
1, 3, 9, 1, 7, 3, 1, 0, 0, 9, 6, 0, 0, 6, 5, 4, 4, 4, 1, 1, 2, 4, 9, 6, 6, 6, 3, 3, 0, 1, 1, 0, 5, 2, 7, 5, 4, 5, 5, 9, 2, 4, 9, 3, 1, 3, 7, 3, 5, 6, 8, 8, 7, 6, 6, 0, 1, 6, 8, 6, 6, 0, 3, 0, 1, 8, 1, 3, 3, 1, 1, 5, 7, 0, 0, 8, 6, 6, 6, 0, 9, 8, 5, 1, 4, 0, 4, 9, 3, 8, 8, 6, 4, 0, 2, 8, 4, 2, 6


Decimal expansion of sine of 9 degrees.
1, 5, 6, 4, 3, 4, 4, 6, 5, 0, 4, 0, 2, 3, 0, 8, 6, 9, 0, 1, 0, 1, 0, 5, 3, 1, 9, 4, 6, 7, 1, 6, 6, 8, 9, 2, 3, 1, 3, 8, 9, 9, 8, 9, 2, 0, 8, 5, 6, 6, 0, 7, 9, 0, 0, 8, 4, 6, 4, 1, 3, 4, 6, 0, 5, 7, 7, 5, 8, 7, 9, 3, 3, 0, 5, 6, 2, 3, 5, 7, 9, 3, 3, 6, 6, 9, 5, 8, 7, 2, 6, 7, 6, 8, 4, 8, 6, 8, 8


Decimal expansion of sine of 10 degrees.
1, 7, 3, 6, 4, 8, 1, 7, 7, 6, 6, 6, 9, 3, 0, 3, 4, 8, 8, 5, 1, 7, 1, 6, 6, 2, 6, 7, 6, 9, 3, 1, 4, 7, 9, 6, 0, 0, 0, 3, 7, 5, 6, 7, 7, 1, 8, 4, 0, 6, 9, 3, 8, 7, 2, 3, 6, 2, 4, 1, 3, 7, 8, 1, 3, 2, 0, 6, 5, 8, 2, 2, 1, 3, 9, 0, 1, 4, 7, 3, 5, 4, 2, 1, 5, 1, 6, 6, 1, 3, 1, 5, 7, 3, 9, 9, 5, 7, 4


Decimal expansion of sine of 11 degrees.
1, 9, 0, 8, 0, 8, 9, 9, 5, 3, 7, 6, 5, 4, 4, 8, 1, 2, 4, 0, 5, 1, 4, 0, 4, 8, 7, 9, 5, 8, 3, 8, 7, 6, 1, 9, 6, 2, 7, 9, 2, 0, 7, 5, 1, 2, 7, 4, 0, 5, 5, 2, 6, 6, 9, 6, 8, 8, 1, 8, 1, 3, 2, 6, 1, 7, 9, 7, 8, 3, 9, 9, 2, 0, 2, 1, 7, 7, 5, 4, 6, 5, 0, 8, 8, 6, 5, 9, 2, 4, 7, 3, 9, 1, 6, 7, 1, 8, 8


Decimal expansion of sine of 12 degrees.
2, 0, 7, 9, 1, 1, 6, 9, 0, 8, 1, 7, 7, 5, 9, 3, 3, 7, 1, 0, 1, 7, 4, 2, 2, 8, 4, 4, 0, 5, 1, 2, 5, 1, 6, 6, 2, 1, 6, 5, 8, 4, 7, 6, 0, 6, 2, 7, 7, 2, 3, 8, 3, 6, 4, 0, 7, 1, 8, 1, 9, 7, 3, 8, 8, 2, 3, 8, 2, 8, 2, 5, 6, 6, 4, 0, 7, 4, 3, 7, 6, 3, 0, 4, 6, 2, 8, 7, 5, 6, 7, 2, 2, 7, 2, 7, 5, 7, 3


Decimal expansion of sine of 13 degrees.
2, 2, 4, 9, 5, 1, 0, 5, 4, 3, 4, 3, 8, 6, 4, 9, 9, 8, 0, 5, 1, 1, 0, 7, 2, 0, 8, 3, 4, 2, 7, 9, 6, 5, 5, 8, 6, 3, 1, 0, 1, 3, 7, 9, 9, 2, 2, 8, 6, 8, 5, 0, 2, 1, 5, 1, 2, 7, 7, 9, 5, 0, 7, 2, 5, 6, 4, 2, 5, 9, 9, 3, 0, 1, 6, 1, 3, 3, 1, 0, 4, 4, 1, 1, 9, 0, 8, 8, 7, 8, 4, 0, 0, 5, 6, 1, 3, 5, 2


