Binomial coefficient C(n,48).
1, 49, 1225, 20825, 270725, 2869685, 25827165, 202927725, 1420494075, 8996462475, 52179482355, 279871768995, 1399358844975, 6566222272575, 29078984349975, 122131734269895, 488526937079580, 1867897112363100, 6848956078664700, 24151581961607100


Decimal expansion of 4th root of 3.
1, 3, 1, 6, 0, 7, 4, 0, 1, 2, 9, 5, 2, 4, 9, 2, 4, 6, 0, 8, 1, 9, 2, 1, 8, 9, 0, 1, 7, 9, 6, 9, 9, 9, 0, 5, 5, 1, 6, 0, 0, 6, 8, 5, 9, 0, 2, 0, 5, 8, 2, 2, 1, 7, 6, 7, 3, 1, 9, 2, 2, 6, 5, 8, 5, 9, 5, 8, 6, 6, 7, 9, 5, 1, 9, 7, 3, 0, 2, 1, 3, 3, 0, 5, 0, 7, 4, 3, 1, 5, 0, 2, 4, 6, 6, 0, 1, 9, 3


Decimal expansion of 4th root of 5.
1, 4, 9, 5, 3, 4, 8, 7, 8, 1, 2, 2, 1, 2, 2, 0, 5, 4, 1, 9, 1, 1, 8, 9, 8, 9, 9, 4, 1, 4, 0, 9, 1, 3, 3, 9, 5, 3, 6, 3, 4, 5, 9, 7, 5, 7, 6, 1, 4, 7, 0, 6, 3, 4, 5, 5, 1, 6, 5, 9, 3, 5, 0, 0, 0, 4, 7, 9, 2, 1, 4, 6, 6, 9, 7, 2, 9, 9, 7, 0, 1, 2, 8, 4, 8, 6, 2, 4, 4, 2, 5, 7, 0, 7, 4, 8, 8, 4, 7


Decimal expansion of 4th root of 6.
1, 5, 6, 5, 0, 8, 4, 5, 8, 0, 0, 7, 3, 2, 8, 7, 3, 1, 6, 5, 8, 4, 4, 8, 5, 4, 9, 9, 1, 5, 8, 6, 8, 9, 8, 0, 9, 8, 1, 0, 7, 2, 6, 9, 4, 2, 7, 7, 4, 7, 8, 9, 2, 2, 2, 8, 1, 9, 8, 0, 9, 0, 9, 2, 0, 1, 0, 8, 2, 3, 4, 4, 1, 0, 5, 2, 8, 8, 2, 0, 0, 8, 7, 4, 2, 0, 3, 5, 2, 7, 1, 9, 1, 0, 4, 5, 8, 9, 0


Decimal expansion of 4th root of 7.
1, 6, 2, 6, 5, 7, 6, 5, 6, 1, 6, 9, 7, 7, 8, 5, 7, 4, 3, 2, 1, 1, 2, 3, 2, 3, 4, 5, 4, 9, 3, 7, 6, 0, 1, 7, 3, 0, 1, 8, 2, 7, 0, 7, 9, 2, 2, 6, 9, 4, 9, 7, 6, 1, 8, 1, 8, 7, 4, 5, 5, 5, 8, 3, 4, 8, 8, 6, 7, 6, 7, 4, 1, 1, 7, 2, 6, 8, 0, 0, 1, 8, 6, 9, 7, 3, 4, 2, 5, 6, 7, 8, 2, 3, 0, 5, 3, 4, 9


Decimal expansion of 4th root of 8.
1, 6, 8, 1, 7, 9, 2, 8, 3, 0, 5, 0, 7, 4, 2, 9, 0, 8, 6, 0, 6, 2, 2, 5, 0, 9, 5, 2, 4, 6, 6, 4, 2, 9, 7, 9, 0, 0, 8, 0, 0, 6, 8, 5, 2, 4, 7, 1, 3, 5, 6, 9, 0, 2, 1, 6, 2, 6, 4, 5, 2, 1, 7, 1, 9, 4, 9, 8, 4, 9, 5, 0, 9, 9, 0, 7, 8, 0, 4, 4, 7, 9, 6, 2, 8, 6, 4, 8, 0, 0, 8, 3, 9, 8, 5, 8, 5, 0, 7


Decimal expansion of 4th root of 10.
1, 7, 7, 8, 2, 7, 9, 4, 1, 0, 0, 3, 8, 9, 2, 2, 8, 0, 1, 2, 2, 5, 4, 2, 1, 1, 9, 5, 1, 9, 2, 6, 8, 4, 8, 4, 4, 7, 3, 5, 7, 9, 0, 5, 2, 6, 4, 0, 2, 2, 5, 5, 3, 5, 8, 0, 1, 1, 8, 3, 0, 7, 2, 2, 7, 7, 6, 3, 0, 1, 8, 8, 1, 5, 3, 9, 4, 9, 3, 8, 0, 4, 9, 0, 0, 3, 0, 0, 3, 9, 9, 2, 7, 8, 7, 0, 2, 1, 5


Decimal expansion of 4th root of 11.
1, 8, 2, 1, 1, 6, 0, 2, 8, 6, 8, 3, 7, 8, 7, 1, 8, 9, 8, 4, 4, 6, 6, 4, 3, 2, 1, 2, 8, 3, 8, 0, 2, 2, 7, 2, 8, 2, 1, 7, 1, 1, 8, 1, 2, 9, 6, 8, 2, 9, 1, 7, 0, 1, 4, 6, 4, 8, 0, 2, 7, 2, 7, 1, 1, 6, 4, 2, 9, 3, 5, 4, 9, 3, 6, 4, 0, 4, 6, 8, 2, 5, 4, 3, 7, 8, 2, 2, 1, 6, 1, 8, 8, 7, 1, 3, 5, 5, 3


Decimal expansion of 4th root of 12.
1, 8, 6, 1, 2, 0, 9, 7, 1, 8, 2, 0, 4, 1, 9, 9, 1, 9, 7, 8, 8, 2, 4, 3, 7, 4, 9, 3, 9, 6, 6, 4, 6, 8, 1, 7, 5, 5, 0, 2, 4, 0, 8, 4, 5, 1, 3, 5, 5, 3, 0, 4, 7, 5, 0, 1, 8, 7, 9, 5, 3, 0, 2, 2, 1, 5, 7, 9, 2, 6, 8, 2, 7, 9, 9, 1, 8, 9, 7, 9, 2, 5, 1, 0, 3, 1, 5, 5, 6, 4, 2, 1, 9, 8, 2, 4, 6, 4, 3


Decimal expansion of 4th root of 13.
1, 8, 9, 8, 8, 2, 8, 9, 2, 2, 1, 1, 5, 9, 4, 1, 7, 7, 9, 6, 9, 4, 9, 3, 2, 0, 8, 8, 0, 3, 9, 8, 0, 5, 9, 8, 4, 0, 6, 5, 7, 2, 1, 5, 6, 4, 1, 5, 7, 5, 9, 2, 5, 8, 5, 7, 2, 4, 0, 8, 3, 3, 2, 7, 0, 6, 9, 2, 8, 3, 6, 1, 9, 1, 5, 7, 8, 8, 5, 1, 6, 6, 8, 8, 2, 7, 8, 5, 6, 0, 8, 9, 5, 2, 5, 9, 1, 1, 2


Decimal expansion of 4th root of 14.
1, 9, 3, 4, 3, 3, 6, 4, 2, 0, 2, 6, 7, 6, 6, 9, 3, 0, 8, 9, 1, 7, 8, 6, 1, 8, 3, 5, 3, 7, 2, 9, 7, 6, 0, 0, 8, 0, 4, 2, 5, 3, 0, 8, 4, 3, 4, 7, 0, 8, 0, 2, 6, 3, 9, 3, 8, 2, 1, 0, 8, 6, 2, 1, 8, 5, 6, 0, 4, 4, 7, 3, 0, 8, 5, 3, 3, 8, 7, 7, 4, 2, 2, 0, 1, 5, 0, 9, 4, 2, 5, 4, 0, 3, 1, 7, 5, 2, 2


Decimal expansion of 4th root of 15.
1, 9, 6, 7, 9, 8, 9, 6, 7, 1, 2, 6, 5, 4, 3, 0, 4, 1, 8, 5, 3, 9, 2, 2, 7, 2, 0, 4, 2, 8, 1, 5, 2, 3, 4, 5, 7, 7, 7, 3, 0, 9, 8, 0, 8, 9, 9, 3, 0, 7, 9, 9, 6, 0, 2, 8, 0, 6, 1, 6, 0, 0, 9, 1, 5, 3, 8, 5, 5, 0, 6, 6, 3, 9, 2, 5, 0, 8, 6, 0, 0, 0, 8, 7, 0, 3, 6, 3, 0, 0, 9, 5, 6, 3, 6, 4, 9, 0, 5


Decimal expansion of 4th root of 17.
2, 0, 3, 0, 5, 4, 3, 1, 8, 4, 8, 6, 8, 9, 3, 0, 7, 1, 7, 8, 6, 7, 0, 5, 9, 4, 7, 3, 3, 6, 3, 3, 3, 8, 6, 5, 3, 2, 4, 3, 0, 7, 0, 0, 0, 3, 1, 0, 3, 1, 4, 0, 0, 7, 9, 9, 5, 7, 1, 6, 6, 5, 4, 7, 8, 3, 3, 3, 8, 9, 0, 8, 8, 3, 9, 3, 2, 8, 0, 0, 3, 1, 9, 1, 7, 0, 6, 8, 3, 2, 4, 3, 4, 8, 0, 6, 3, 6, 9


Decimal expansion of 4th root of 18.
2, 0, 5, 9, 7, 6, 7, 1, 4, 3, 9, 0, 7, 1, 1, 7, 7, 5, 5, 8, 3, 0, 2, 7, 7, 2, 5, 5, 2, 0, 1, 0, 1, 0, 7, 8, 0, 1, 0, 2, 6, 9, 2, 7, 4, 4, 1, 5, 5, 4, 0, 4, 0, 7, 8, 5, 9, 7, 2, 0, 1, 4, 4, 6, 6, 2, 3, 2, 5, 5, 0, 5, 0, 0, 2, 3, 7, 4, 9, 8, 5, 6, 3, 7, 6, 9, 2, 1, 0, 5, 1, 3, 7, 1, 3, 7, 2, 5, 2


Decimal expansion of 4th root of 19.
2, 0, 8, 7, 7, 9, 7, 6, 2, 9, 9, 2, 9, 8, 4, 3, 9, 3, 1, 3, 3, 7, 3, 6, 3, 4, 0, 8, 6, 1, 0, 0, 1, 4, 3, 4, 3, 0, 0, 1, 2, 9, 6, 6, 7, 6, 5, 4, 6, 3, 4, 1, 0, 1, 4, 5, 2, 8, 5, 8, 2, 7, 8, 5, 3, 1, 5, 3, 4, 5, 3, 5, 2, 7, 3, 7, 7, 2, 3, 8, 3, 4, 1, 6, 9, 1, 2, 8, 5, 5, 1, 6, 5, 3, 0, 0, 4, 7, 9


Decimal expansion of 4th root of 20.
2, 1, 1, 4, 7, 4, 2, 5, 2, 6, 8, 8, 1, 1, 2, 8, 2, 3, 9, 0, 7, 0, 0, 7, 4, 0, 0, 0, 0, 5, 7, 2, 1, 1, 4, 5, 3, 9, 6, 2, 1, 5, 7, 9, 2, 0, 4, 9, 0, 6, 0, 5, 8, 1, 8, 4, 2, 3, 1, 7, 7, 1, 0, 8, 4, 3, 0, 3, 9, 1, 6, 5, 9, 6, 8, 5, 0, 2, 2, 1, 7, 8, 3, 6, 2, 3, 7, 1, 7, 8, 4, 7, 1, 4, 2, 3, 2, 1, 1


Decimal expansion of 4th root of 21.
2, 1, 4, 0, 6, 9, 5, 1, 4, 2, 9, 2, 8, 0, 7, 2, 3, 2, 6, 5, 4, 6, 7, 9, 6, 3, 0, 0, 0, 6, 5, 1, 3, 6, 7, 8, 1, 7, 6, 6, 5, 1, 3, 5, 5, 5, 6, 8, 8, 4, 0, 8, 1, 4, 2, 0, 9, 6, 5, 7, 8, 4, 1, 6, 0, 0, 3, 5, 2, 8, 9, 2, 9, 4, 8, 2, 4, 9, 2, 7, 2, 2, 0, 1, 1, 8, 2, 8, 8, 4, 8, 8, 2, 1, 7, 8, 6, 1, 6


Decimal expansion of 4th root of 22.
2, 1, 6, 5, 7, 3, 6, 7, 7, 0, 6, 6, 7, 9, 9, 3, 6, 1, 1, 7, 3, 5, 0, 5, 2, 7, 8, 9, 5, 0, 0, 7, 3, 5, 5, 4, 5, 2, 4, 8, 0, 6, 9, 8, 5, 2, 4, 6, 0, 9, 4, 8, 0, 5, 2, 1, 3, 3, 6, 9, 8, 3, 7, 8, 6, 0, 0, 5, 6, 6, 3, 0, 8, 4, 6, 4, 4, 0, 2, 3, 0, 6, 6, 9, 3, 0, 7, 2, 1, 7, 6, 3, 3, 7, 0, 3, 5, 3, 1


Decimal expansion of 4th root of 23.
2, 1, 8, 9, 9, 3, 8, 7, 0, 3, 0, 9, 4, 8, 4, 2, 2, 2, 8, 2, 3, 6, 6, 6, 0, 1, 5, 0, 9, 1, 7, 8, 8, 6, 0, 2, 9, 9, 7, 1, 8, 9, 9, 6, 0, 6, 7, 7, 3, 2, 4, 7, 9, 5, 4, 7, 7, 9, 2, 3, 6, 6, 6, 4, 1, 7, 0, 5, 6, 6, 6, 0, 2, 3, 8, 3, 6, 6, 8, 5, 7, 8, 5, 8, 0, 2, 3, 3, 6, 4, 6, 1, 5, 2, 0, 9, 3, 9, 3


Decimal expansion of 4th root of 24.
2, 2, 1, 3, 3, 6, 3, 8, 3, 9, 4, 0, 0, 6, 4, 3, 1, 8, 4, 8, 1, 7, 5, 8, 0, 5, 4, 6, 8, 8, 0, 6, 6, 3, 2, 9, 7, 1, 0, 7, 8, 3, 6, 3, 6, 5, 0, 5, 9, 8, 1, 8, 9, 5, 1, 0, 3, 3, 6, 4, 0, 4, 0, 9, 3, 5, 0, 0, 7, 6, 9, 7, 0, 6, 9, 4, 1, 5, 9, 6, 6, 3, 4, 8, 8, 0, 0, 2, 1, 5, 8, 9, 2, 9, 3, 9, 0, 1, 4


Decimal expansion of 4th root of 26.
2, 2, 5, 8, 1, 0, 0, 8, 6, 4, 3, 5, 3, 2, 2, 5, 6, 5, 9, 5, 2, 1, 1, 7, 1, 8, 0, 1, 4, 9, 1, 0, 1, 9, 4, 9, 1, 1, 0, 8, 1, 6, 7, 3, 0, 4, 3, 3, 9, 9, 4, 1, 9, 4, 4, 3, 7, 6, 8, 7, 3, 8, 3, 0, 7, 1, 3, 2, 0, 5, 8, 0, 2, 2, 2, 1, 2, 2, 3, 5, 0, 4, 1, 4, 0, 9, 6, 5, 0, 6, 6, 6, 7, 7, 2, 1, 4, 8, 1


Decimal expansion of 4th root of 27.
2, 2, 7, 9, 5, 0, 7, 0, 5, 6, 9, 5, 4, 7, 7, 7, 6, 4, 1, 9, 9, 3, 5, 6, 3, 2, 5, 1, 9, 6, 3, 6, 3, 6, 0, 0, 6, 1, 9, 0, 3, 2, 0, 3, 4, 6, 6, 6, 1, 9, 3, 0, 9, 5, 5, 8, 3, 3, 8, 6, 5, 9, 6, 1, 1, 0, 0, 9, 6, 6, 6, 9, 9, 5, 1, 3, 1, 4, 1, 8, 1, 4, 7, 8, 3, 2, 3, 1, 8, 4, 2, 4, 9, 5, 1, 1, 1, 4, 7


Decimal expansion of 4th root of 28.
2, 3, 0, 0, 3, 2, 6, 6, 3, 3, 7, 9, 1, 2, 0, 6, 0, 0, 5, 0, 8, 5, 8, 9, 2, 6, 3, 5, 6, 6, 4, 3, 5, 0, 7, 3, 4, 8, 7, 3, 9, 4, 5, 5, 9, 2, 7, 4, 8, 9, 3, 0, 7, 3, 9, 1, 0, 6, 4, 3, 4, 3, 1, 2, 9, 8, 2, 7, 8, 2, 0, 9, 8, 5, 1, 3, 0, 5, 0, 6, 5, 3, 9, 8, 1, 0, 5, 9, 0, 8, 1, 9, 3, 2, 0, 0, 5, 3, 8


Decimal expansion of 4th root of 29.
2, 3, 2, 0, 5, 9, 5, 7, 8, 7, 1, 0, 6, 0, 8, 3, 6, 7, 5, 7, 9, 5, 1, 6, 2, 6, 7, 2, 4, 3, 6, 1, 7, 9, 0, 7, 4, 5, 6, 6, 4, 9, 5, 0, 0, 6, 6, 6, 1, 9, 9, 3, 2, 5, 7, 4, 0, 9, 3, 0, 2, 1, 4, 9, 9, 2, 2, 5, 3, 3, 1, 7, 6, 2, 4, 6, 4, 2, 0, 2, 1, 3, 0, 8, 0, 9, 9, 9, 1, 4, 7, 8, 8, 0, 7, 5, 6, 0, 4


Decimal expansion of 4th root of 30.
2, 3, 4, 0, 3, 4, 7, 3, 1, 9, 3, 2, 0, 7, 1, 5, 9, 3, 8, 4, 5, 9, 1, 4, 0, 9, 6, 8, 8, 1, 6, 6, 6, 6, 0, 1, 9, 4, 6, 3, 6, 0, 6, 1, 4, 8, 5, 8, 0, 3, 6, 2, 1, 5, 6, 6, 1, 6, 8, 2, 9, 6, 4, 4, 8, 9, 9, 4, 6, 8, 0, 5, 4, 0, 1, 1, 2, 3, 5, 7, 9, 7, 0, 8, 6, 2, 0, 4, 5, 4, 2, 9, 8, 9, 0, 8, 9, 0, 6


Decimal expansion of 4th root of 31.
2, 3, 5, 9, 6, 1, 1, 0, 6, 1, 7, 7, 0, 5, 6, 6, 8, 6, 6, 0, 0, 3, 8, 7, 5, 2, 8, 9, 4, 9, 9, 5, 6, 7, 9, 1, 7, 3, 7, 2, 8, 3, 0, 2, 9, 3, 4, 9, 5, 0, 2, 0, 0, 3, 7, 3, 2, 8, 1, 6, 3, 1, 3, 7, 4, 1, 6, 8, 5, 2, 3, 2, 6, 2, 8, 2, 7, 4, 3, 4, 5, 5, 0, 7, 6, 2, 9, 6, 1, 6, 6, 6, 0, 0, 1, 7, 3, 4, 2


Decimal expansion of 4th root of 32.
2, 3, 7, 8, 4, 1, 4, 2, 3, 0, 0, 0, 5, 4, 4, 2, 1, 3, 3, 4, 3, 4, 9, 9, 9, 9, 4, 1, 1, 2, 0, 9, 5, 1, 8, 3, 0, 5, 8, 5, 9, 4, 4, 1, 8, 4, 9, 2, 7, 6, 3, 4, 8, 2, 6, 0, 3, 8, 0, 0, 4, 4, 4, 9, 4, 3, 8, 9, 3, 3, 3, 3, 6, 4, 5, 3, 8, 3, 4, 3, 1, 9, 7, 4, 1, 5, 6, 2, 6, 8, 9, 0, 7, 6, 2, 7, 5, 3, 4


Decimal expansion of 4th root of 33.
2, 3, 9, 6, 7, 8, 1, 7, 2, 6, 9, 2, 8, 4, 3, 0, 3, 0, 6, 0, 8, 7, 1, 6, 9, 4, 5, 6, 9, 4, 8, 2, 4, 9, 0, 6, 0, 3, 3, 9, 3, 4, 6, 1, 7, 4, 8, 3, 1, 4, 4, 0, 7, 1, 1, 5, 5, 9, 9, 7, 0, 6, 5, 3, 4, 7, 9, 3, 1, 6, 8, 7, 2, 7, 9, 9, 3, 1, 1, 9, 7, 4, 1, 5, 2, 1, 8, 4, 0, 8, 6, 9, 0, 5, 2, 8, 0, 4, 5


Decimal expansion of 4th root of 34.
2, 4, 1, 4, 7, 3, 6, 4, 0, 2, 7, 6, 6, 4, 1, 7, 9, 9, 5, 6, 0, 8, 3, 5, 7, 9, 8, 7, 0, 4, 9, 8, 1, 1, 7, 4, 8, 7, 2, 7, 1, 3, 7, 7, 7, 9, 5, 9, 2, 9, 0, 4, 7, 2, 4, 1, 8, 8, 1, 2, 0, 9, 1, 1, 2, 9, 2, 4, 1, 2, 1, 3, 3, 7, 5, 1, 1, 7, 3, 5, 2, 1, 5, 4, 6, 9, 6, 9, 4, 4, 9, 0, 7, 9, 7, 7, 0, 6, 4


Decimal expansion of 4th root of 35.
2, 4, 3, 2, 2, 9, 9, 2, 7, 9, 0, 9, 7, 7, 8, 7, 3, 4, 9, 9, 5, 0, 0, 7, 2, 8, 8, 4, 4, 6, 2, 5, 3, 7, 1, 9, 1, 9, 6, 5, 3, 7, 1, 0, 3, 8, 8, 1, 8, 4, 0, 5, 8, 8, 8, 9, 8, 9, 1, 4, 8, 4, 4, 9, 4, 1, 0, 5, 6, 6, 9, 7, 4, 9, 4, 8, 8, 1, 5, 2, 5, 5, 9, 6, 7, 7, 2, 3, 4, 2, 1, 2, 9, 5, 6, 8, 4, 8, 3


Decimal expansion of 4th root of 37.
2, 4, 6, 6, 3, 2, 5, 7, 1, 4, 5, 5, 9, 6, 6, 0, 4, 4, 4, 8, 9, 0, 9, 5, 0, 9, 3, 4, 5, 5, 8, 2, 1, 8, 2, 7, 7, 1, 7, 7, 8, 5, 4, 0, 8, 3, 9, 7, 3, 5, 3, 7, 7, 4, 4, 9, 9, 1, 6, 3, 7, 1, 0, 2, 9, 2, 9, 1, 9, 7, 4, 1, 8, 7, 8, 5, 7, 5, 5, 8, 4, 6, 7, 2, 3, 3, 7, 0, 1, 4, 3, 1, 9, 7, 1, 1, 1, 0, 5


Decimal expansion of 4th root of 38.
2, 4, 8, 2, 8, 2, 3, 7, 9, 6, 1, 9, 8, 3, 8, 8, 3, 9, 0, 6, 2, 9, 6, 4, 1, 4, 4, 9, 5, 7, 7, 4, 4, 4, 1, 6, 1, 4, 7, 0, 6, 7, 2, 6, 8, 8, 3, 2, 4, 8, 4, 9, 5, 7, 6, 3, 8, 6, 0, 6, 5, 1, 0, 6, 6, 0, 6, 5, 0, 9, 4, 7, 1, 3, 5, 8, 4, 3, 6, 4, 4, 9, 8, 1, 4, 7, 5, 1, 2, 5, 5, 9, 4, 5, 8, 3, 6, 8, 0


Decimal expansion of 4th root of 39.
2, 4, 9, 8, 9, 9, 9, 3, 9, 9, 4, 3, 9, 3, 8, 3, 2, 5, 9, 8, 6, 2, 4, 4, 7, 7, 4, 4, 4, 0, 8, 6, 8, 9, 8, 6, 7, 3, 9, 9, 6, 3, 7, 0, 7, 8, 1, 9, 1, 9, 0, 2, 0, 9, 3, 0, 4, 0, 5, 9, 9, 5, 4, 5, 9, 3, 5, 6, 1, 7, 7, 7, 9, 7, 7, 7, 8, 3, 7, 4, 5, 8, 8, 7, 3, 7, 8, 4, 6, 7, 7, 6, 3, 7, 2, 1, 6, 5, 9


Decimal expansion of 4th root of 40.
2, 5, 1, 4, 8, 6, 6, 8, 5, 9, 3, 6, 5, 8, 7, 0, 8, 1, 6, 6, 3, 5, 5, 3, 1, 0, 0, 9, 3, 1, 7, 7, 1, 5, 6, 7, 6, 5, 5, 1, 9, 3, 6, 7, 2, 8, 0, 2, 9, 7, 7, 2, 1, 9, 7, 4, 7, 4, 5, 0, 6, 7, 0, 5, 6, 3, 5, 5, 5, 9, 2, 0, 8, 5, 6, 0, 9, 6, 4, 8, 4, 8, 6, 6, 0, 8, 7, 1, 8, 0, 4, 5, 6, 5, 3, 8, 5, 2, 2


Decimal expansion of 4th root of 41.
2, 5, 3, 0, 4, 3, 9, 5, 3, 4, 4, 3, 5, 2, 4, 2, 8, 7, 0, 0, 0, 3, 8, 6, 0, 2, 3, 0, 3, 0, 1, 9, 1, 4, 0, 4, 0, 7, 3, 4, 6, 8, 6, 2, 8, 5, 5, 4, 8, 2, 3, 0, 6, 7, 6, 5, 1, 6, 9, 0, 5, 6, 8, 6, 4, 0, 4, 9, 1, 2, 5, 2, 8, 2, 3, 2, 5, 3, 2, 4, 1, 3, 4, 5, 1, 6, 4, 7, 6, 3, 9, 6, 6, 7, 4, 7, 0, 2, 5


Decimal expansion of 4th root of 42.
2, 5, 4, 5, 7, 2, 9, 8, 9, 5, 0, 2, 1, 8, 3, 0, 5, 1, 8, 2, 6, 9, 7, 8, 8, 9, 6, 0, 5, 7, 6, 2, 8, 8, 6, 8, 5, 1, 9, 6, 9, 6, 0, 8, 3, 1, 3, 0, 1, 9, 2, 7, 0, 8, 9, 4, 3, 2, 0, 6, 0, 7, 9, 3, 6, 9, 3, 7, 3, 6, 0, 0, 0, 0, 4, 3, 1, 6, 3, 6, 2, 8, 0, 9, 1, 1, 6, 0, 7, 7, 5, 8, 5, 9, 6, 3, 2, 6, 8


Decimal expansion of 4th root of 43.
2, 5, 6, 0, 7, 4, 9, 6, 0, 2, 0, 3, 1, 0, 1, 4, 7, 9, 5, 0, 8, 5, 6, 0, 4, 7, 9, 7, 0, 8, 3, 5, 1, 4, 2, 1, 4, 7, 6, 7, 5, 1, 5, 2, 8, 0, 8, 8, 2, 7, 5, 7, 5, 4, 9, 6, 5, 1, 0, 8, 4, 1, 7, 8, 3, 2, 2, 2, 5, 6, 5, 3, 7, 0, 0, 4, 9, 5, 1, 7, 7, 5, 5, 3, 2, 5, 4, 1, 9, 7, 5, 9, 9, 0, 8, 8, 9, 6, 6


Decimal expansion of 4th root of 44.
2, 5, 7, 5, 5, 0, 9, 5, 7, 6, 9, 0, 1, 3, 9, 4, 4, 2, 0, 0, 9, 5, 4, 0, 2, 8, 1, 6, 0, 7, 6, 0, 0, 7, 0, 5, 6, 5, 0, 0, 0, 0, 6, 0, 5, 5, 6, 2, 5, 7, 1, 0, 9, 3, 8, 2, 7, 0, 1, 0, 3, 5, 1, 5, 9, 2, 8, 1, 4, 4, 9, 5, 4, 6, 5, 1, 4, 0, 4, 2, 0, 2, 5, 2, 4, 2, 1, 9, 0, 9, 5, 3, 1, 5, 4, 4, 5, 2, 2


Decimal expansion of 4th root of 45.
2, 5, 9, 0, 0, 2, 0, 0, 6, 4, 1, 1, 1, 3, 5, 1, 4, 5, 2, 6, 8, 4, 1, 7, 5, 3, 9, 5, 6, 7, 3, 4, 8, 9, 3, 7, 6, 1, 7, 9, 5, 8, 2, 3, 6, 5, 3, 7, 0, 6, 7, 6, 1, 4, 1, 8, 2, 2, 3, 3, 7, 3, 4, 0, 7, 1, 4, 2, 1, 0, 0, 1, 3, 7, 7, 0, 6, 7, 4, 0, 4, 8, 6, 1, 5, 7, 2, 7, 5, 7, 8, 6, 7, 4, 9, 4, 3, 9, 4


Decimal expansion of 4th root of 46.
2, 6, 0, 4, 2, 9, 0, 6, 8, 7, 1, 4, 0, 2, 1, 7, 8, 6, 6, 9, 3, 9, 8, 4, 6, 5, 8, 0, 2, 7, 0, 9, 3, 8, 9, 6, 8, 4, 5, 9, 0, 2, 6, 5, 5, 5, 9, 5, 7, 0, 3, 4, 3, 1, 6, 0, 1, 2, 1, 4, 2, 2, 0, 0, 0, 4, 6, 2, 5, 5, 3, 9, 7, 2, 5, 9, 7, 0, 2, 4, 2, 9, 3, 6, 6, 9, 5, 2, 5, 8, 0, 0, 9, 1, 4, 0, 5, 2, 1


Decimal expansion of 4th root of 47.
2, 6, 1, 8, 3, 3, 0, 4, 9, 8, 6, 9, 5, 8, 8, 5, 4, 3, 6, 0, 1, 2, 5, 9, 5, 9, 3, 7, 1, 9, 7, 5, 3, 7, 1, 2, 4, 2, 7, 7, 0, 0, 7, 7, 7, 6, 6, 6, 6, 8, 6, 6, 4, 6, 3, 1, 6, 9, 1, 8, 7, 0, 8, 5, 2, 3, 0, 1, 2, 8, 1, 6, 9, 0, 5, 0, 2, 6, 4, 0, 0, 3, 7, 9, 8, 8, 1, 0, 0, 2, 7, 3, 9, 0, 1, 9, 7, 7, 4


Decimal expansion of 4th root of 48.
2, 6, 3, 2, 1, 4, 8, 0, 2, 5, 9, 0, 4, 9, 8, 4, 9, 2, 1, 6, 3, 8, 4, 3, 7, 8, 0, 3, 5, 9, 3, 9, 9, 8, 1, 1, 0, 3, 2, 0, 1, 3, 7, 1, 8, 0, 4, 1, 1, 6, 4, 4, 3, 5, 3, 4, 6, 3, 8, 4, 5, 3, 1, 7, 1, 9, 1, 7, 3, 3, 5, 9, 0, 3, 9, 4, 6, 0, 4, 2, 6, 6, 1, 0, 1, 4, 8, 6, 3, 0, 0, 4, 9, 3, 2, 0, 3, 8, 6


Decimal expansion of 4th root of 50.
2, 6, 5, 9, 1, 4, 7, 9, 4, 8, 4, 7, 2, 4, 9, 4, 3, 0, 8, 1, 2, 5, 1, 2, 1, 4, 2, 8, 9, 0, 3, 2, 5, 8, 0, 7, 5, 3, 0, 0, 8, 6, 9, 2, 2, 3, 8, 5, 1, 9, 5, 4, 5, 3, 3, 8, 8, 7, 8, 4, 4, 8, 6, 3, 4, 6, 0, 1, 1, 6, 0, 6, 2, 4, 8, 6, 8, 2, 5, 7, 0, 4, 5, 2, 6, 4, 9, 4, 0, 0, 3, 8, 1, 7, 4, 4, 3, 1, 9


Decimal expansion of 4th root of 51.
2, 6, 7, 2, 3, 4, 5, 1, 1, 7, 7, 8, 3, 7, 8, 8, 4, 1, 8, 9, 6, 8, 8, 4, 2, 9, 9, 8, 7, 4, 2, 3, 6, 3, 9, 1, 7, 3, 7, 6, 8, 8, 2, 6, 4, 9, 6, 4, 6, 2, 6, 1, 7, 1, 4, 2, 0, 9, 6, 9, 5, 1, 4, 6, 0, 8, 5, 2, 3, 5, 8, 7, 6, 7, 8, 0, 7, 6, 3, 4, 9, 2, 8, 8, 4, 3, 4, 7, 9, 1, 2, 5, 8, 2, 0, 6, 2, 8, 5


Decimal expansion of 4th root of 52.
2, 6, 8, 5, 3, 4, 9, 6, 1, 4, 2, 8, 2, 6, 5, 0, 2, 7, 0, 6, 0, 9, 8, 9, 4, 4, 7, 7, 4, 9, 8, 9, 6, 3, 2, 5, 3, 1, 8, 0, 6, 0, 4, 3, 0, 7, 2, 5, 4, 1, 9, 9, 9, 9, 2, 4, 2, 4, 7, 4, 9, 8, 9, 5, 2, 3, 1, 0, 6, 4, 6, 5, 3, 5, 1, 3, 1, 2, 1, 8, 2, 0, 7, 4, 0, 9, 5, 8, 6, 3, 9, 4, 3, 4, 7, 6, 3, 8, 5


Decimal expansion of 4th root of 53.
2, 6, 9, 8, 1, 6, 7, 8, 7, 6, 4, 0, 8, 0, 8, 5, 5, 9, 6, 6, 2, 2, 5, 9, 6, 6, 2, 8, 4, 8, 2, 7, 6, 6, 0, 8, 5, 8, 6, 1, 2, 3, 4, 7, 4, 6, 4, 2, 9, 8, 0, 8, 8, 1, 5, 6, 1, 3, 4, 7, 2, 4, 9, 4, 3, 5, 7, 0, 7, 7, 3, 1, 8, 4, 4, 1, 3, 8, 4, 9, 1, 1, 6, 4, 5, 0, 8, 9, 3, 7, 0, 1, 9, 8, 1, 5, 4, 7, 2


Decimal expansion of 4th root of 54.
2, 7, 1, 0, 8, 0, 6, 0, 1, 0, 8, 2, 9, 5, 3, 4, 4, 9, 5, 8, 8, 6, 6, 5, 4, 1, 5, 8, 6, 7, 4, 3, 3, 2, 5, 7, 0, 6, 6, 6, 0, 5, 1, 1, 2, 1, 8, 0, 9, 4, 3, 0, 5, 4, 7, 1, 1, 2, 9, 6, 8, 8, 5, 8, 7, 4, 0, 3, 0, 9, 3, 9, 7, 0, 7, 3, 8, 3, 4, 3, 2, 9, 4, 9, 3, 3, 1, 0, 6, 3, 6, 1, 8, 1, 2, 0, 3, 5, 9


Decimal expansion of 4th root of 55.
2, 7, 2, 3, 2, 6, 9, 8, 1, 5, 3, 3, 1, 5, 0, 0, 1, 5, 3, 5, 3, 9, 0, 4, 7, 1, 5, 6, 2, 5, 9, 1, 5, 7, 0, 1, 3, 0, 8, 1, 5, 4, 8, 3, 6, 0, 5, 4, 1, 5, 9, 1, 2, 4, 7, 9, 0, 1, 0, 9, 3, 6, 1, 6, 7, 8, 8, 0, 8, 1, 4, 0, 1, 8, 3, 9, 5, 1, 8, 5, 5, 9, 4, 3, 6, 0, 1, 3, 8, 6, 0, 0, 4, 3, 0, 7, 2, 7, 5


Decimal expansion of 4th root of 56.
2, 7, 3, 5, 5, 6, 4, 7, 9, 9, 7, 3, 4, 7, 6, 0, 9, 4, 7, 9, 2, 1, 4, 5, 7, 7, 0, 2, 2, 4, 2, 2, 5, 2, 6, 6, 5, 7, 5, 8, 0, 0, 6, 8, 0, 4, 6, 3, 5, 1, 2, 3, 3, 2, 5, 0, 2, 9, 8, 5, 5, 3, 9, 7, 0, 4, 8, 6, 4, 2, 8, 3, 5, 9, 0, 7, 2, 9, 4, 2, 7, 3, 2, 4, 2, 0, 8, 7, 4, 5, 8, 4, 1, 9, 7, 1, 7, 9, 4


Decimal expansion of 4th root of 57.
2, 7, 4, 7, 6, 9, 6, 2, 0, 5, 0, 5, 4, 4, 7, 2, 4, 8, 3, 4, 7, 3, 4, 2, 6, 3, 4, 1, 8, 1, 2, 4, 7, 7, 4, 7, 3, 7, 0, 3, 4, 2, 8, 8, 4, 5, 1, 7, 5, 5, 9, 8, 5, 5, 7, 8, 4, 2, 8, 8, 8, 6, 6, 4, 0, 4, 5, 5, 0, 2, 6, 6, 6, 6, 6, 0, 4, 7, 7, 4, 7, 5, 0, 9, 7, 9, 0, 4, 9, 0, 4, 6, 7, 6, 4, 0, 8, 2, 2


Decimal expansion of 4th root of 58.
2, 7, 5, 9, 6, 6, 9, 0, 2, 1, 0, 7, 1, 8, 9, 4, 4, 6, 3, 0, 0, 2, 0, 2, 5, 7, 4, 4, 2, 5, 8, 2, 5, 9, 2, 5, 1, 0, 0, 4, 8, 4, 2, 8, 2, 3, 9, 7, 1, 2, 5, 3, 2, 9, 5, 4, 8, 1, 6, 6, 4, 5, 2, 4, 7, 4, 6, 6, 9, 6, 9, 5, 3, 3, 3, 9, 5, 8, 3, 8, 2, 5, 6, 6, 5, 4, 6, 4, 2, 1, 7, 7, 7, 0, 9, 9, 8, 3, 8


Decimal expansion of 4th root of 59.
2, 7, 7, 1, 4, 8, 8, 0, 0, 2, 4, 7, 6, 0, 3, 6, 0, 0, 8, 3, 8, 9, 5, 2, 4, 4, 5, 5, 2, 5, 4, 6, 9, 4, 0, 9, 4, 7, 4, 1, 9, 4, 1, 3, 3, 2, 0, 8, 6, 1, 2, 0, 7, 6, 5, 0, 7, 8, 2, 3, 2, 2, 9, 4, 9, 3, 5, 6, 1, 9, 4, 3, 3, 3, 2, 0, 2, 7, 3, 2, 8, 7, 0, 6, 7, 8, 9, 4, 5, 4, 1, 9, 6, 0, 7, 4, 2, 1, 9


Decimal expansion of 4th root of 60.
2, 7, 8, 3, 1, 5, 7, 6, 8, 3, 7, 1, 3, 7, 4, 0, 6, 0, 2, 1, 0, 7, 5, 0, 6, 4, 5, 2, 8, 5, 4, 4, 7, 4, 0, 3, 3, 9, 2, 6, 9, 9, 0, 3, 9, 2, 2, 3, 6, 6, 0, 7, 1, 1, 8, 5, 7, 1, 8, 4, 4, 2, 7, 2, 1, 2, 0, 3, 7, 0, 4, 9, 3, 9, 8, 1, 6, 7, 7, 3, 3, 1, 8, 6, 1, 5, 8, 1, 6, 7, 7, 8, 5, 0, 9, 9, 8, 9, 4


Decimal expansion of 4th root of 61.
2, 7, 9, 4, 6, 8, 2, 3, 9, 2, 6, 7, 1, 2, 4, 1, 3, 4, 3, 9, 9, 2, 9, 7, 3, 8, 1, 6, 5, 8, 8, 4, 5, 8, 9, 7, 3, 4, 7, 3, 3, 9, 1, 1, 0, 0, 2, 7, 0, 1, 4, 3, 3, 1, 0, 2, 8, 0, 1, 7, 0, 5, 7, 9, 2, 8, 1, 3, 7, 6, 8, 6, 9, 0, 9, 7, 2, 9, 9, 9, 1, 6, 5, 8, 8, 5, 0, 8, 1, 5, 3, 0, 2, 6, 2, 0, 3, 2, 7


Decimal expansion of 4th root of 62.
2, 8, 0, 6, 0, 6, 6, 2, 6, 3, 2, 9, 6, 6, 8, 3, 2, 7, 3, 7, 6, 1, 4, 8, 8, 7, 6, 8, 4, 9, 9, 9, 3, 5, 7, 0, 0, 5, 0, 6, 0, 5, 4, 0, 3, 8, 5, 4, 6, 0, 4, 8, 6, 5, 2, 6, 1, 0, 2, 2, 9, 3, 5, 4, 7, 3, 3, 2, 1, 8, 2, 1, 7, 4, 1, 1, 4, 6, 2, 8, 5, 6, 1, 1, 5, 6, 9, 2, 9, 7, 8, 3, 2, 2, 2, 9, 4, 3, 2


Decimal expansion of 4th root of 63.
2, 8, 1, 7, 3, 1, 3, 2, 4, 7, 2, 6, 1, 2, 5, 7, 5, 5, 8, 7, 7, 5, 9, 2, 5, 4, 4, 9, 8, 1, 5, 6, 6, 7, 0, 7, 8, 3, 7, 7, 7, 6, 5, 4, 5, 6, 8, 1, 7, 1, 2, 1, 5, 5, 7, 7, 1, 1, 6, 3, 4, 8, 3, 0, 1, 3, 7, 3, 4, 2, 6, 9, 6, 0, 5, 6, 3, 7, 1, 0, 1, 6, 8, 8, 9, 5, 6, 3, 3, 0, 3, 0, 4, 0, 6, 4, 9, 9, 9


Decimal expansion of 4th root of 65.
2, 8, 3, 9, 4, 1, 1, 5, 1, 4, 4, 3, 3, 6, 7, 7, 4, 4, 4, 0, 8, 2, 2, 6, 2, 9, 3, 9, 0, 7, 9, 9, 2, 6, 3, 4, 0, 1, 1, 9, 6, 8, 1, 7, 1, 1, 7, 4, 3, 5, 5, 3, 4, 3, 5, 1, 2, 9, 4, 6, 4, 7, 9, 4, 4, 8, 9, 9, 9, 3, 8, 6, 3, 3, 1, 3, 3, 9, 0, 6, 3, 4, 8, 7, 4, 9, 1, 4, 9, 8, 3, 9, 7, 4, 8, 4, 6, 9, 9


Decimal expansion of 4th root of 66.
2, 8, 5, 0, 2, 6, 9, 8, 8, 2, 7, 7, 1, 7, 9, 8, 2, 1, 8, 7, 6, 6, 7, 4, 6, 7, 8, 3, 0, 6, 3, 8, 4, 2, 7, 2, 8, 1, 1, 5, 4, 7, 2, 3, 0, 5, 6, 1, 5, 6, 8, 9, 9, 8, 7, 9, 2, 1, 1, 9, 5, 3, 4, 5, 2, 2, 2, 1, 9, 0, 4, 7, 8, 1, 6, 4, 1, 4, 7, 1, 3, 7, 7, 0, 5, 6, 6, 2, 1, 2, 8, 2, 9, 1, 4, 8, 5, 1, 2


Decimal expansion of 4th root of 67.
2, 8, 6, 1, 0, 0, 5, 5, 5, 2, 5, 7, 6, 3, 0, 5, 2, 8, 9, 4, 6, 6, 5, 5, 7, 4, 4, 5, 1, 9, 6, 2, 4, 7, 0, 1, 7, 1, 1, 9, 5, 5, 3, 1, 7, 5, 8, 9, 6, 2, 9, 1, 8, 0, 1, 9, 2, 9, 4, 1, 8, 5, 8, 5, 5, 0, 8, 0, 7, 8, 3, 4, 4, 6, 7, 8, 1, 0, 8, 8, 3, 0, 3, 1, 5, 8, 2, 1, 7, 9, 5, 2, 0, 9, 9, 7, 7, 3, 8


Decimal expansion of 4th root of 68.
2, 8, 7, 1, 6, 2, 1, 7, 1, 1, 0, 2, 5, 9, 0, 0, 6, 2, 2, 2, 9, 8, 6, 0, 1, 3, 7, 5, 5, 1, 2, 5, 6, 6, 4, 6, 7, 6, 1, 9, 5, 1, 8, 1, 4, 5, 6, 1, 8, 6, 3, 5, 6, 6, 1, 0, 4, 1, 4, 2, 0, 8, 7, 2, 4, 7, 9, 0, 6, 6, 6, 8, 0, 2, 8, 7, 9, 5, 6, 5, 9, 9, 7, 2, 5, 4, 6, 9, 3, 0, 6, 1, 4, 8, 7, 5, 9, 2, 1


Decimal expansion of 4th root of 69.
2, 8, 8, 2, 1, 2, 1, 4, 1, 7, 1, 0, 2, 0, 0, 5, 9, 3, 2, 1, 7, 6, 4, 9, 6, 0, 7, 6, 9, 3, 6, 1, 4, 6, 6, 6, 5, 5, 6, 5, 1, 0, 1, 8, 1, 4, 3, 0, 0, 5, 7, 4, 3, 7, 1, 3, 2, 6, 8, 9, 7, 8, 7, 8, 9, 6, 8, 6, 4, 8, 9, 0, 1, 0, 6, 4, 1, 8, 0, 6, 4, 6, 3, 9, 9, 2, 3, 3, 4, 8, 6, 1, 0, 5, 5, 3, 5, 5, 0


Decimal expansion of 4th root of 70.
2, 8, 9, 2, 5, 0, 7, 6, 0, 8, 5, 1, 9, 0, 7, 7, 9, 4, 5, 9, 3, 2, 9, 7, 3, 7, 2, 9, 9, 5, 1, 5, 3, 0, 6, 4, 0, 0, 3, 5, 0, 9, 8, 3, 5, 6, 0, 3, 8, 4, 7, 1, 5, 1, 7, 8, 5, 4, 9, 0, 5, 4, 6, 4, 2, 2, 6, 2, 3, 4, 2, 2, 3, 8, 8, 3, 6, 8, 3, 0, 4, 8, 8, 7, 2, 9, 6, 4, 0, 4, 3, 6, 4, 5, 5, 8, 7, 7, 7


Decimal expansion of 4th root of 71.
2, 9, 0, 2, 7, 8, 3, 1, 0, 8, 1, 8, 7, 0, 9, 9, 5, 7, 4, 1, 3, 0, 3, 4, 7, 6, 0, 8, 3, 8, 2, 6, 9, 6, 0, 5, 0, 8, 1, 1, 9, 3, 1, 5, 8, 5, 4, 8, 4, 6, 2, 7, 9, 1, 5, 2, 9, 5, 4, 8, 1, 0, 5, 1, 3, 1, 1, 8, 8, 7, 1, 0, 6, 3, 9, 9, 1, 5, 3, 6, 2, 6, 3, 5, 9, 9, 2, 5, 9, 9, 2, 6, 8, 8, 5, 2, 1, 6, 1


Decimal expansion of 4th root of 72.
2, 9, 1, 2, 9, 5, 0, 6, 3, 0, 2, 4, 3, 9, 4, 0, 5, 2, 1, 7, 0, 2, 3, 2, 3, 7, 6, 4, 9, 4, 6, 5, 0, 4, 8, 7, 4, 2, 7, 9, 5, 3, 9, 1, 4, 7, 0, 6, 9, 4, 9, 1, 2, 6, 2, 1, 8, 3, 7, 7, 5, 2, 9, 8, 5, 8, 7, 0, 1, 4, 4, 7, 1, 7, 3, 7, 1, 7, 0, 1, 3, 9, 1, 7, 1, 7, 9, 8, 1, 5, 7, 9, 2, 6, 2, 6, 6, 6, 3


Decimal expansion of 4th root of 73.
2, 9, 2, 3, 0, 1, 2, 7, 8, 5, 6, 9, 1, 7, 6, 4, 8, 3, 9, 8, 8, 4, 7, 3, 3, 8, 1, 4, 5, 5, 6, 1, 6, 0, 9, 3, 4, 3, 4, 9, 6, 4, 3, 0, 0, 9, 9, 4, 2, 7, 7, 8, 2, 9, 3, 9, 6, 2, 9, 4, 0, 5, 1, 4, 1, 2, 3, 1, 3, 8, 9, 0, 0, 3, 7, 7, 0, 5, 0, 9, 5, 6, 8, 6, 2, 2, 8, 9, 0, 3, 6, 2, 8, 1, 3, 9, 3, 9, 6


Decimal expansion of 4th root of 74.
2, 9, 3, 2, 9, 7, 2, 0, 8, 7, 6, 6, 8, 5, 1, 8, 3, 2, 9, 8, 6, 4, 7, 8, 6, 8, 7, 5, 0, 8, 9, 7, 7, 1, 2, 9, 1, 9, 3, 6, 5, 0, 3, 8, 5, 3, 9, 1, 6, 1, 6, 5, 5, 6, 2, 0, 9, 9, 8, 1, 2, 9, 2, 0, 6, 7, 9, 4, 6, 2, 6, 3, 1, 7, 3, 0, 2, 2, 1, 3, 1, 3, 5, 4, 8, 7, 8, 5, 8, 7, 6, 1, 4, 8, 1, 8, 5, 2, 8


Decimal expansion of 4th root of 75.
2, 9, 4, 2, 8, 3, 0, 9, 5, 6, 3, 8, 2, 7, 1, 1, 8, 4, 5, 3, 5, 7, 3, 1, 1, 6, 7, 4, 0, 9, 8, 1, 7, 1, 1, 6, 7, 5, 1, 8, 1, 3, 4, 3, 7, 1, 4, 4, 4, 9, 7, 1, 1, 1, 6, 3, 3, 5, 0, 4, 2, 1, 9, 1, 9, 5, 1, 7, 3, 5, 6, 3, 2, 6, 9, 9, 4, 5, 0, 4, 4, 8, 1, 7, 7, 5, 8, 5, 0, 1, 3, 8, 9, 3, 3, 8, 6, 1, 2


Decimal expansion of 4th root of 76.
2, 9, 5, 2, 5, 9, 1, 7, 2, 3, 7, 3, 7, 1, 8, 9, 3, 5, 4, 8, 6, 7, 4, 2, 1, 3, 0, 6, 3, 2, 0, 1, 4, 0, 1, 0, 0, 2, 8, 7, 3, 4, 8, 0, 8, 1, 2, 0, 4, 0, 6, 3, 7, 2, 5, 0, 6, 4, 1, 3, 5, 3, 1, 2, 7, 9, 9, 5, 8, 6, 1, 9, 4, 5, 9, 8, 5, 4, 2, 6, 9, 8, 4, 7, 1, 5, 4, 6, 2, 5, 2, 3, 4, 0, 8, 1, 0, 9, 5


Decimal expansion of 4th root of 77.
2, 9, 6, 2, 2, 5, 6, 6, 3, 7, 6, 6, 5, 2, 9, 8, 9, 2, 1, 3, 9, 1, 8, 2, 7, 6, 8, 1, 2, 3, 7, 3, 2, 6, 2, 7, 3, 6, 7, 0, 8, 8, 2, 0, 9, 2, 8, 1, 5, 4, 9, 6, 1, 0, 2, 4, 7, 8, 4, 7, 0, 5, 1, 6, 8, 3, 1, 5, 8, 2, 2, 2, 3, 3, 7, 2, 7, 7, 8, 1, 2, 8, 4, 0, 3, 1, 5, 1, 7, 7, 0, 7, 7, 9, 2, 7, 6, 3, 7


Decimal expansion of 4th root of 78.
2, 9, 7, 1, 8, 2, 7, 8, 6, 6, 2, 0, 0, 8, 4, 1, 5, 2, 7, 9, 3, 3, 1, 8, 3, 6, 9, 9, 3, 4, 4, 3, 0, 0, 8, 1, 0, 8, 6, 1, 3, 2, 6, 5, 0, 1, 3, 7, 2, 8, 1, 6, 9, 6, 3, 9, 9, 4, 4, 6, 6, 3, 4, 9, 1, 3, 5, 6, 8, 7, 1, 0, 4, 7, 7, 5, 5, 4, 2, 9, 8, 0, 5, 8, 4, 5, 3, 5, 1, 5, 7, 1, 5, 3, 7, 3, 5, 9, 7


Decimal expansion of 4th root of 79.
2, 9, 8, 1, 3, 0, 7, 5, 0, 1, 3, 0, 1, 3, 3, 1, 5, 2, 1, 2, 1, 9, 7, 9, 6, 6, 7, 4, 3, 2, 6, 3, 6, 4, 8, 0, 7, 2, 2, 0, 3, 8, 9, 0, 5, 6, 7, 6, 8, 3, 1, 9, 7, 5, 1, 8, 3, 0, 4, 7, 6, 2, 1, 8, 0, 9, 0, 3, 7, 7, 9, 3, 7, 2, 8, 0, 9, 3, 6, 6, 6, 5, 9, 2, 9, 5, 4, 0, 2, 2, 9, 5, 1, 9, 5, 4, 4, 9, 2


Decimal expansion of 4th root of 80.
2, 9, 9, 0, 6, 9, 7, 5, 6, 2, 4, 4, 2, 4, 4, 1, 0, 8, 3, 8, 2, 3, 7, 9, 7, 9, 8, 8, 2, 8, 1, 8, 2, 6, 7, 9, 0, 7, 2, 6, 9, 1, 9, 5, 1, 5, 2, 2, 9, 4, 1, 2, 6, 9, 1, 0, 3, 3, 1, 8, 7, 0, 0, 0, 0, 9, 5, 8, 4, 2, 9, 3, 3, 9, 4, 5, 9, 9, 4, 0, 2, 5, 6, 9, 7, 2, 4, 8, 8, 5, 1, 4, 1, 4, 9, 7, 6, 9, 5


Decimal expansion of 4th root of 82.
3, 0, 0, 9, 2, 1, 6, 6, 9, 8, 4, 3, 4, 5, 6, 3, 8, 2, 2, 5, 5, 9, 4, 0, 8, 5, 2, 3, 3, 7, 8, 2, 3, 5, 8, 3, 9, 6, 2, 8, 1, 1, 4, 0, 0, 2, 2, 9, 3, 1, 6, 0, 4, 5, 8, 1, 4, 3, 6, 0, 9, 1, 5, 2, 3, 9, 4, 4, 9, 5, 8, 1, 1, 7, 5, 0, 2, 4, 8, 4, 6, 1, 9, 5, 3, 4, 2, 8, 4, 0, 7, 4, 2, 0, 9, 8, 6, 9, 8


Decimal expansion of 4th root of 83.
3, 0, 1, 8, 3, 4, 9, 4, 7, 9, 2, 9, 2, 3, 3, 3, 1, 8, 6, 2, 5, 5, 9, 5, 8, 9, 6, 6, 2, 5, 8, 2, 7, 8, 6, 6, 7, 9, 7, 7, 0, 2, 3, 5, 4, 0, 0, 3, 7, 4, 9, 7, 1, 4, 2, 7, 1, 0, 3, 2, 5, 2, 7, 4, 7, 9, 7, 9, 5, 9, 9, 9, 5, 2, 9, 5, 0, 9, 9, 8, 2, 0, 7, 7, 1, 0, 6, 0, 7, 2, 5, 8, 4, 8, 7, 0, 5, 0, 8


Decimal expansion of 4th root of 84.
3, 0, 2, 7, 4, 0, 0, 1, 0, 4, 0, 3, 5, 0, 9, 1, 0, 3, 3, 5, 3, 9, 6, 5, 9, 1, 1, 8, 4, 7, 9, 8, 9, 0, 1, 4, 5, 5, 0, 2, 7, 2, 0, 7, 2, 6, 5, 2, 2, 2, 8, 2, 9, 8, 7, 0, 2, 2, 3, 9, 4, 4, 1, 6, 4, 2, 8, 0, 4, 4, 5, 3, 4, 4, 9, 5, 1, 7, 3, 5, 6, 0, 2, 8, 0, 2, 5, 1, 1, 3, 8, 7, 1, 8, 3, 1, 8, 6, 0


Decimal expansion of 4th root of 85.
3, 0, 3, 6, 3, 7, 0, 2, 7, 6, 7, 1, 0, 8, 1, 1, 0, 5, 7, 4, 6, 8, 1, 8, 0, 4, 5, 8, 8, 8, 8, 1, 0, 4, 3, 6, 6, 0, 8, 4, 5, 0, 3, 0, 4, 3, 0, 4, 5, 8, 7, 8, 3, 2, 6, 0, 0, 5, 9, 5, 2, 4, 5, 9, 2, 6, 9, 4, 5, 1, 2, 0, 9, 8, 3, 6, 9, 7, 4, 6, 6, 3, 2, 4, 1, 0, 1, 7, 6, 3, 4, 9, 5, 9, 8, 8, 2, 7, 2


Decimal expansion of 4th root of 86.
3, 0, 4, 5, 2, 6, 1, 6, 4, 6, 4, 7, 5, 6, 6, 9, 2, 1, 5, 5, 0, 0, 0, 0, 6, 1, 4, 8, 1, 4, 4, 2, 5, 4, 2, 9, 1, 2, 8, 5, 8, 7, 2, 7, 2, 6, 7, 6, 3, 6, 5, 2, 8, 4, 0, 3, 6, 7, 0, 0, 9, 0, 4, 9, 7, 2, 0, 8, 0, 6, 0, 3, 9, 5, 5, 9, 5, 2, 2, 8, 1, 3, 9, 4, 4, 9, 4, 1, 0, 4, 9, 8, 8, 8, 7, 4, 3, 2, 0


Decimal expansion of 4th root of 87.
3, 0, 5, 4, 0, 7, 5, 8, 0, 9, 9, 7, 7, 3, 5, 1, 4, 0, 4, 6, 3, 8, 8, 3, 2, 8, 8, 2, 0, 5, 7, 4, 8, 9, 4, 4, 7, 6, 1, 5, 0, 2, 2, 4, 7, 9, 9, 9, 8, 6, 8, 2, 1, 6, 4, 9, 0, 0, 9, 3, 0, 0, 5, 4, 6, 5, 4, 6, 5, 2, 8, 3, 5, 4, 4, 2, 6, 3, 9, 6, 7, 5, 5, 5, 5, 7, 5, 3, 0, 6, 5, 1, 6, 3, 4, 2, 3, 5, 2


Decimal expansion of 4th root of 88.
3, 0, 6, 2, 8, 1, 4, 3, 1, 3, 6, 0, 8, 7, 8, 6, 0, 3, 1, 1, 8, 9, 0, 6, 0, 8, 2, 2, 9, 8, 2, 7, 0, 9, 5, 6, 6, 5, 7, 5, 3, 8, 6, 1, 2, 5, 0, 6, 7, 1, 0, 1, 9, 2, 1, 7, 3, 0, 7, 5, 6, 2, 6, 8, 5, 1, 4, 9, 6, 6, 9, 8, 9, 9, 4, 3, 9, 3, 0, 7, 6, 4, 8, 0, 6, 1, 7, 0, 5, 7, 4, 4, 3, 0, 0, 0, 3, 8, 5


Decimal expansion of 4th root of 89.
3, 0, 7, 1, 4, 7, 8, 6, 5, 5, 6, 4, 0, 7, 3, 2, 8, 8, 9, 2, 7, 1, 8, 8, 0, 9, 6, 3, 5, 0, 7, 4, 5, 2, 4, 4, 6, 4, 6, 4, 2, 9, 6, 8, 8, 7, 1, 6, 0, 2, 0, 1, 8, 4, 6, 1, 7, 4, 7, 8, 7, 9, 5, 8, 6, 8, 6, 6, 2, 4, 1, 4, 8, 0, 2, 9, 7, 9, 3, 2, 4, 5, 0, 7, 4, 4, 1, 7, 8, 5, 3, 8, 7, 2, 4, 9, 1, 5, 6


Decimal expansion of 4th root of 90.
3, 0, 8, 0, 0, 7, 0, 2, 8, 8, 2, 4, 1, 0, 2, 2, 9, 1, 7, 1, 9, 1, 7, 1, 7, 7, 6, 6, 8, 4, 5, 7, 3, 9, 9, 1, 1, 4, 5, 7, 1, 9, 8, 7, 7, 6, 5, 7, 6, 4, 0, 3, 4, 8, 1, 6, 4, 2, 7, 9, 6, 6, 1, 5, 8, 4, 6, 3, 8, 8, 9, 0, 8, 2, 9, 7, 2, 4, 5, 1, 7, 9, 7, 2, 5, 4, 3, 9, 3, 5, 2, 5, 3, 5, 0, 0, 8, 5, 6


Decimal expansion of 4th root of 91.
3, 0, 8, 8, 5, 9, 0, 6, 1, 9, 3, 8, 7, 6, 6, 1, 1, 7, 3, 9, 4, 2, 0, 5, 7, 9, 1, 8, 6, 9, 1, 4, 4, 6, 1, 9, 0, 1, 8, 0, 7, 3, 7, 5, 4, 9, 5, 4, 1, 9, 3, 0, 1, 6, 2, 9, 7, 2, 6, 4, 1, 7, 3, 8, 8, 6, 4, 9, 5, 1, 3, 2, 6, 5, 4, 6, 3, 5, 0, 0, 5, 0, 4, 4, 2, 3, 1, 4, 0, 6, 3, 8, 8, 2, 7, 7, 4, 9, 9


Decimal expansion of 4th root of 92.
3, 0, 9, 7, 0, 4, 1, 0, 1, 4, 6, 8, 2, 4, 7, 2, 5, 3, 8, 7, 2, 6, 4, 6, 1, 2, 0, 5, 6, 9, 0, 9, 6, 9, 7, 0, 1, 4, 8, 3, 7, 0, 7, 2, 3, 6, 5, 5, 0, 1, 6, 2, 3, 3, 1, 3, 0, 5, 4, 6, 7, 7, 0, 7, 5, 6, 2, 7, 9, 2, 1, 0, 2, 2, 0, 2, 5, 8, 1, 9, 3, 3, 6, 7, 9, 8, 3, 8, 2, 7, 7, 3, 8, 1, 1, 9, 8, 3, 7


Decimal expansion of 4th root of 93.
3, 1, 0, 5, 4, 2, 2, 7, 9, 9, 0, 7, 1, 4, 8, 1, 5, 0, 5, 6, 5, 8, 0, 8, 3, 7, 3, 2, 2, 8, 5, 6, 1, 4, 0, 5, 4, 2, 0, 3, 0, 9, 7, 8, 9, 0, 2, 2, 6, 6, 2, 3, 3, 1, 3, 9, 9, 0, 7, 9, 5, 4, 8, 6, 1, 2, 9, 4, 4, 4, 7, 2, 8, 7, 2, 7, 9, 7, 3, 0, 5, 0, 5, 7, 6, 6, 5, 9, 0, 4, 6, 0, 4, 0, 1, 7, 9, 1, 1


Decimal expansion of 4th root of 94.
3, 1, 1, 3, 7, 3, 7, 2, 5, 8, 4, 7, 7, 7, 6, 9, 8, 3, 3, 7, 0, 6, 4, 7, 2, 7, 9, 2, 0, 6, 7, 1, 2, 7, 3, 8, 1, 3, 0, 1, 8, 5, 8, 1, 9, 8, 4, 8, 5, 6, 2, 9, 0, 5, 9, 6, 8, 2, 0, 3, 9, 9, 7, 2, 3, 7, 8, 3, 7, 2, 5, 8, 7, 3, 2, 8, 6, 0, 2, 2, 8, 9, 5, 1, 5, 8, 7, 1, 0, 8, 9, 6, 0, 0, 3, 5, 9, 7, 7


Decimal expansion of 4th root of 95.
3, 1, 2, 1, 9, 8, 5, 6, 4, 1, 3, 5, 2, 1, 4, 4, 9, 6, 1, 3, 4, 1, 0, 3, 2, 4, 9, 8, 0, 5, 7, 8, 1, 5, 8, 6, 3, 3, 9, 4, 5, 6, 1, 4, 0, 5, 3, 0, 1, 0, 6, 5, 9, 8, 0, 1, 4, 1, 3, 4, 8, 3, 0, 4, 5, 9, 6, 6, 6, 9, 5, 8, 6, 9, 9, 4, 5, 1, 5, 8, 0, 3, 6, 8, 0, 8, 6, 3, 2, 8, 3, 7, 9, 8, 5, 3, 9, 1, 9


Decimal expansion of 4th root of 96.
3, 1, 3, 0, 1, 6, 9, 1, 6, 0, 1, 4, 6, 5, 7, 4, 6, 3, 3, 1, 6, 8, 9, 7, 0, 9, 9, 8, 3, 1, 7, 3, 7, 9, 6, 1, 9, 6, 2, 1, 4, 5, 3, 8, 8, 5, 5, 4, 9, 5, 7, 8, 4, 4, 5, 6, 3, 9, 6, 1, 8, 1, 8, 4, 0, 2, 1, 6, 4, 6, 8, 8, 2, 1, 0, 5, 7, 6, 4, 0, 1, 7, 4, 8, 4, 0, 7, 0, 5, 4, 3, 8, 2, 0, 9, 1, 7, 8, 1


Decimal expansion of 4th root of 97.
3, 1, 3, 8, 2, 8, 8, 9, 9, 2, 7, 1, 4, 9, 9, 6, 0, 8, 0, 4, 5, 5, 7, 7, 2, 1, 2, 7, 2, 8, 7, 0, 1, 2, 3, 7, 3, 5, 1, 2, 0, 7, 2, 3, 8, 5, 2, 5, 1, 7, 9, 4, 6, 1, 6, 5, 0, 9, 9, 9, 8, 7, 5, 7, 5, 2, 3, 5, 3, 1, 9, 0, 5, 9, 5, 3, 8, 4, 6, 3, 3, 2, 3, 2, 3, 0, 2, 5, 0, 5, 2, 4, 4, 6, 6, 0, 6, 5, 3


Decimal expansion of 4th root of 98.
3, 1, 4, 6, 3, 4, 6, 2, 8, 3, 6, 4, 5, 7, 8, 8, 6, 2, 0, 6, 2, 1, 8, 9, 2, 6, 4, 2, 2, 8, 2, 8, 1, 3, 8, 1, 5, 6, 1, 8, 5, 6, 0, 2, 3, 8, 0, 6, 6, 2, 4, 4, 6, 2, 4, 0, 2, 2, 3, 9, 2, 8, 9, 0, 8, 2, 0, 3, 3, 7, 3, 9, 6, 0, 5, 3, 5, 4, 9, 5, 3, 5, 5, 4, 2, 0, 0, 5, 6, 3, 1, 0, 5, 6, 2, 1, 9, 7, 2


Decimal expansion of 4th root of 99.
3, 1, 5, 4, 3, 4, 2, 1, 4, 5, 5, 2, 9, 9, 0, 4, 2, 3, 4, 9, 2, 3, 1, 2, 6, 8, 4, 9, 2, 9, 4, 6, 8, 7, 9, 8, 0, 4, 9, 6, 2, 3, 6, 2, 9, 3, 3, 0, 9, 8, 3, 5, 7, 8, 9, 9, 5, 4, 1, 0, 1, 7, 5, 8, 1, 9, 9, 1, 8, 5, 5, 2, 6, 8, 7, 2, 4, 9, 1, 2, 1, 5, 0, 8, 2, 8, 2, 5, 4, 3, 8, 9, 2, 2, 8, 0, 2, 3, 4


Decimal expansion of 5th root of 6.
1, 4, 3, 0, 9, 6, 9, 0, 8, 1, 1, 0, 5, 2, 5, 5, 5, 0, 1, 0, 4, 5, 2, 2, 4, 4, 1, 3, 1, 4, 3, 1, 1, 6, 9, 0, 4, 9, 7, 2, 6, 4, 9, 9, 3, 9, 6, 6, 1, 2, 8, 1, 7, 3, 9, 9, 8, 8, 3, 6, 8, 5, 7, 9, 7, 5, 8, 2, 8, 2, 5, 0, 2, 7, 8, 3, 2, 3, 3, 4, 9, 9, 8, 5, 6, 0, 8, 8, 1, 6, 0, 4, 6, 8, 1, 3, 3, 0, 4


Decimal expansion of 5th root of 7.
1, 4, 7, 5, 7, 7, 3, 1, 6, 1, 5, 9, 4, 5, 5, 2, 0, 6, 9, 2, 7, 6, 9, 1, 6, 6, 9, 5, 6, 3, 2, 2, 4, 4, 1, 0, 6, 5, 4, 4, 0, 9, 3, 6, 1, 3, 7, 4, 0, 2, 0, 3, 5, 6, 7, 7, 7, 0, 9, 0, 4, 1, 6, 8, 8, 8, 4, 5, 2, 1, 7, 6, 7, 4, 9, 9, 2, 0, 8, 3, 6, 0, 7, 1, 4, 4, 1, 1, 0, 8, 2, 3, 5, 1, 2, 9, 8, 3, 0


Decimal expansion of 5th root of 8.
1, 5, 1, 5, 7, 1, 6, 5, 6, 6, 5, 1, 0, 3, 9, 8, 0, 8, 2, 3, 4, 7, 2, 5, 9, 8, 0, 1, 3, 0, 6, 4, 4, 5, 2, 3, 8, 6, 8, 1, 2, 8, 3, 5, 4, 2, 9, 7, 8, 1, 4, 1, 6, 4, 2, 0, 3, 7, 5, 0, 5, 2, 4, 2, 0, 9, 7, 4, 5, 3, 6, 7, 7, 2, 0, 2, 0, 5, 8, 2, 7, 7, 6, 4, 1, 1, 7, 6, 1, 3, 4, 8, 4, 9, 4, 3, 1, 7, 9


Decimal expansion of 5th root of 9.
1, 5, 5, 1, 8, 4, 5, 5, 7, 3, 9, 1, 5, 3, 5, 9, 6, 7, 4, 2, 7, 3, 3, 4, 5, 1, 3, 5, 5, 1, 6, 6, 9, 9, 3, 2, 3, 2, 6, 2, 3, 4, 6, 2, 9, 3, 8, 0, 9, 6, 6, 7, 8, 3, 7, 7, 3, 6, 3, 4, 0, 4, 9, 9, 7, 8, 2, 9, 0, 6, 3, 5, 7, 1, 7, 0, 7, 0, 8, 0, 7, 2, 4, 8, 2, 2, 6, 6, 8, 7, 3, 0, 9, 3, 2, 5, 9, 8, 4


Decimal expansion of 5th root of 10.
1, 5, 8, 4, 8, 9, 3, 1, 9, 2, 4, 6, 1, 1, 1, 3, 4, 8, 5, 2, 0, 2, 1, 0, 1, 3, 7, 3, 3, 9, 1, 5, 0, 7, 0, 1, 3, 2, 6, 9, 4, 4, 2, 1, 3, 3, 8, 2, 5, 0, 3, 9, 0, 6, 8, 3, 1, 6, 2, 9, 6, 8, 1, 2, 3, 1, 6, 6, 5, 6, 8, 6, 3, 6, 6, 8, 4, 5, 3, 9, 8, 0, 1, 1, 0, 2, 0, 2, 7, 2, 3, 8, 4, 6, 1, 1, 1, 0, 4


Decimal expansion of 5th root of 11.
1, 6, 1, 5, 3, 9, 4, 2, 6, 6, 2, 0, 2, 1, 7, 8, 0, 0, 1, 5, 0, 8, 1, 4, 7, 8, 8, 2, 0, 6, 3, 8, 3, 5, 8, 4, 5, 4, 1, 6, 5, 3, 5, 2, 0, 5, 4, 6, 9, 2, 9, 0, 7, 8, 7, 1, 0, 7, 6, 8, 6, 9, 0, 2, 1, 6, 9, 9, 6, 8, 2, 4, 6, 9, 2, 5, 7, 8, 4, 3, 3, 4, 6, 8, 1, 1, 4, 3, 6, 6, 9, 6, 5, 8, 6, 1, 6, 3, 1


Decimal expansion of 5th root of 12.
1, 6, 4, 3, 7, 5, 1, 8, 2, 9, 5, 1, 7, 2, 2, 5, 7, 6, 2, 3, 0, 8, 4, 9, 7, 9, 3, 6, 2, 3, 0, 9, 7, 9, 5, 1, 7, 3, 8, 3, 4, 9, 2, 5, 8, 9, 9, 4, 5, 4, 7, 5, 2, 0, 0, 4, 1, 1, 0, 2, 9, 7, 6, 7, 5, 3, 2, 1, 0, 7, 6, 9, 2, 4, 9, 2, 0, 9, 9, 7, 9, 2, 9, 9, 7, 6, 2, 0, 1, 9, 8, 4, 1, 8, 9, 4, 7, 7, 4


Decimal expansion of 5th root of 13.
1, 6, 7, 0, 2, 7, 7, 6, 5, 2, 3, 3, 4, 8, 1, 0, 3, 9, 4, 8, 0, 3, 6, 5, 2, 8, 9, 1, 3, 1, 2, 7, 1, 4, 6, 3, 1, 2, 9, 1, 0, 6, 8, 8, 4, 5, 6, 9, 0, 0, 4, 6, 2, 4, 9, 8, 0, 2, 7, 1, 7, 1, 4, 2, 8, 7, 1, 7, 3, 1, 0, 1, 8, 5, 8, 5, 3, 7, 3, 1, 5, 8, 4, 2, 9, 0, 2, 9, 6, 5, 6, 3, 1, 9, 7, 1, 3, 6, 2


Decimal expansion of 5th root of 14.
1, 6, 9, 5, 2, 1, 8, 2, 0, 3, 0, 7, 2, 4, 3, 5, 4, 8, 1, 5, 4, 9, 3, 4, 3, 5, 8, 4, 6, 0, 7, 7, 6, 7, 1, 1, 5, 2, 9, 4, 3, 8, 0, 5, 6, 4, 6, 8, 4, 0, 9, 1, 5, 9, 3, 0, 9, 9, 6, 1, 6, 3, 5, 8, 0, 5, 4, 5, 8, 3, 2, 3, 6, 0, 9, 0, 8, 0, 8, 1, 7, 7, 4, 4, 1, 5, 8, 9, 0, 0, 3, 2, 5, 3, 7, 1, 1, 9, 9


Decimal expansion of 5th root of 15.
1, 7, 1, 8, 7, 7, 1, 9, 2, 7, 5, 8, 7, 4, 7, 8, 7, 7, 7, 0, 1, 3, 5, 2, 1, 4, 5, 2, 0, 4, 4, 4, 0, 9, 1, 5, 7, 1, 3, 5, 4, 5, 8, 9, 1, 7, 9, 5, 1, 7, 5, 3, 6, 7, 6, 0, 4, 2, 9, 2, 1, 4, 5, 1, 1, 6, 0, 0, 6, 8, 3, 6, 0, 2, 3, 9, 0, 6, 3, 8, 5, 9, 8, 9, 7, 6, 2, 0, 2, 8, 6, 9, 0, 9, 5, 0, 5, 0, 7


Decimal expansion of 5th root of 16.
1, 7, 4, 1, 1, 0, 1, 1, 2, 6, 5, 9, 2, 2, 4, 8, 2, 7, 8, 2, 7, 2, 5, 4, 0, 0, 3, 4, 9, 5, 9, 4, 9, 2, 1, 9, 7, 9, 5, 8, 2, 5, 0, 8, 4, 8, 6, 9, 6, 0, 0, 6, 0, 9, 6, 4, 8, 3, 7, 1, 9, 1, 3, 7, 0, 1, 3, 5, 0, 0, 0, 3, 5, 5, 0, 4, 9, 5, 6, 0, 2, 0, 3, 7, 6, 7, 5, 7, 5, 2, 9, 7, 4, 3, 3, 4, 0, 8, 3


Decimal expansion of 5th root of 17.
1, 7, 6, 2, 3, 4, 0, 3, 4, 7, 8, 3, 2, 3, 1, 7, 0, 1, 3, 8, 6, 1, 0, 0, 2, 2, 5, 3, 5, 6, 4, 8, 6, 9, 9, 2, 8, 0, 8, 3, 0, 2, 9, 2, 8, 1, 9, 5, 8, 1, 6, 0, 8, 9, 7, 2, 3, 3, 2, 3, 1, 2, 3, 3, 0, 1, 8, 9, 5, 3, 7, 8, 8, 7, 2, 6, 4, 2, 9, 5, 7, 3, 1, 2, 7, 3, 9, 3, 0, 0, 1, 7, 0, 8, 9, 8, 6, 4, 9


Decimal expansion of 5th root of 18.
1, 7, 8, 2, 6, 0, 2, 4, 5, 7, 9, 6, 6, 0, 0, 3, 3, 5, 5, 4, 9, 4, 8, 8, 7, 4, 7, 2, 1, 4, 0, 0, 8, 6, 6, 1, 0, 6, 3, 5, 8, 9, 5, 6, 9, 4, 7, 2, 7, 9, 9, 5, 8, 6, 0, 1, 4, 4, 1, 2, 2, 1, 5, 4, 9, 7, 2, 5, 2, 8, 8, 8, 1, 5, 6, 0, 5, 9, 0, 6, 4, 3, 4, 0, 9, 5, 8, 2, 3, 3, 3, 0, 4, 8, 4, 4, 2, 7, 2


Decimal expansion of 5th root of 19.
1, 8, 0, 1, 9, 8, 3, 1, 2, 7, 3, 1, 7, 1, 4, 2, 3, 0, 5, 1, 8, 2, 5, 5, 3, 9, 5, 2, 9, 6, 1, 8, 9, 0, 2, 5, 8, 9, 4, 3, 7, 0, 9, 7, 0, 2, 2, 8, 0, 0, 5, 3, 2, 6, 8, 0, 3, 7, 2, 5, 2, 0, 3, 0, 4, 2, 9, 4, 0, 7, 6, 2, 3, 5, 6, 3, 0, 6, 7, 0, 2, 6, 6, 8, 8, 0, 4, 4, 2, 5, 7, 5, 4, 4, 4, 8, 3, 8, 8


Decimal expansion of 5th root of 20.
1, 8, 2, 0, 5, 6, 4, 2, 0, 3, 0, 2, 6, 0, 8, 0, 2, 6, 4, 3, 7, 9, 4, 2, 1, 0, 5, 4, 7, 0, 5, 4, 6, 2, 9, 8, 4, 9, 3, 7, 6, 8, 7, 4, 2, 7, 9, 5, 8, 8, 4, 5, 1, 4, 5, 8, 2, 1, 7, 2, 4, 1, 8, 2, 6, 9, 6, 9, 2, 3, 8, 5, 3, 5, 8, 6, 6, 9, 0, 9, 9, 2, 9, 0, 1, 4, 8, 9, 1, 9, 1, 3, 0, 3, 5, 8, 7, 2, 9


Decimal expansion of 5th root of 21.
1, 8, 3, 8, 4, 1, 6, 2, 8, 7, 2, 5, 2, 5, 4, 4, 0, 3, 6, 7, 0, 2, 7, 9, 8, 8, 0, 7, 1, 8, 4, 2, 2, 4, 0, 4, 2, 0, 4, 6, 7, 5, 4, 0, 3, 5, 4, 0, 4, 3, 0, 1, 7, 1, 2, 7, 3, 9, 6, 7, 8, 6, 4, 0, 5, 1, 3, 3, 5, 2, 9, 4, 1, 4, 0, 6, 3, 8, 5, 6, 8, 3, 6, 0, 7, 6, 9, 5, 4, 9, 7, 7, 6, 2, 1, 3, 3, 6, 7


Decimal expansion of 5th root of 22.
1, 8, 5, 5, 6, 0, 0, 7, 3, 6, 2, 5, 8, 0, 8, 4, 3, 3, 4, 7, 3, 2, 7, 7, 0, 5, 2, 1, 3, 2, 1, 6, 7, 4, 7, 9, 4, 5, 9, 9, 4, 9, 0, 5, 3, 7, 1, 5, 1, 9, 1, 8, 5, 0, 9, 1, 6, 3, 3, 2, 1, 3, 1, 7, 9, 8, 1, 5, 0, 1, 0, 7, 6, 9, 7, 0, 9, 2, 8, 3, 9, 0, 2, 3, 0, 1, 9, 7, 1, 5, 2, 0, 6, 6, 5, 3, 1, 9, 6


Decimal expansion of 5th root of 23.
1, 8, 7, 2, 1, 7, 1, 2, 3, 0, 5, 5, 4, 8, 5, 7, 4, 1, 6, 6, 9, 5, 6, 5, 7, 8, 8, 1, 4, 5, 1, 9, 4, 3, 2, 0, 0, 9, 7, 2, 8, 6, 6, 4, 6, 7, 0, 8, 7, 9, 2, 9, 1, 7, 4, 0, 2, 7, 1, 3, 0, 0, 2, 7, 5, 1, 8, 2, 4, 6, 2, 0, 8, 3, 6, 4, 7, 0, 1, 3, 2, 3, 0, 9, 4, 8, 9, 4, 9, 9, 7, 3, 6, 8, 6, 1, 8, 5, 6


Decimal expansion of 5th root of 24.
1, 8, 8, 8, 1, 7, 5, 0, 2, 2, 5, 8, 9, 8, 0, 3, 9, 6, 4, 3, 2, 8, 1, 2, 9, 4, 8, 9, 4, 5, 5, 5, 0, 5, 5, 1, 2, 4, 5, 2, 3, 8, 7, 4, 0, 4, 2, 3, 0, 0, 3, 0, 6, 7, 1, 5, 0, 2, 0, 9, 9, 7, 9, 0, 7, 0, 5, 5, 8, 6, 4, 8, 6, 5, 1, 3, 7, 8, 8, 9, 9, 6, 3, 1, 2, 8, 7, 7, 6, 3, 0, 3, 1, 8, 7, 1, 1, 7, 1


Decimal expansion of 5th root of 25.
1, 9, 0, 3, 6, 5, 3, 9, 3, 8, 7, 1, 5, 8, 7, 8, 4, 8, 9, 8, 9, 6, 1, 4, 7, 2, 8, 8, 1, 1, 9, 0, 9, 7, 7, 7, 8, 6, 5, 5, 0, 6, 2, 5, 8, 6, 1, 0, 8, 5, 6, 0, 5, 5, 2, 5, 8, 2, 3, 6, 1, 6, 8, 6, 9, 7, 2, 1, 1, 8, 2, 6, 3, 4, 4, 4, 6, 0, 5, 7, 8, 6, 9, 4, 4, 1, 9, 6, 2, 2, 5, 8, 4, 2, 2, 2, 3, 0, 4, 9, 9, 8, 5, 2, 4, 1, 1, 7, 6, 1, 4, 6, 6, 2, 6, 2, 7, 8, 7, 6


Decimal expansion of 5th root of 26.
1, 9, 1, 8, 6, 4, 5, 1, 9, 1, 6, 2, 5, 3, 0, 6, 2, 4, 7, 8, 6, 4, 2, 7, 8, 5, 6, 7, 1, 8, 5, 7, 3, 3, 0, 8, 8, 4, 2, 1, 5, 0, 6, 5, 2, 8, 6, 9, 4, 2, 8, 9, 2, 8, 2, 0, 2, 4, 2, 0, 8, 2, 2, 9, 5, 2, 3, 3, 5, 8, 0, 2, 9, 4, 9, 5, 4, 7, 5, 2, 6, 1, 1, 9, 1, 5, 5, 3, 8, 7, 7, 6, 0, 4, 9, 5, 7, 4, 0


Decimal expansion of 5th root of 27.
1, 9, 3, 3, 1, 8, 2, 0, 4, 4, 9, 3, 1, 7, 6, 2, 7, 5, 1, 5, 2, 4, 8, 7, 8, 9, 4, 3, 2, 6, 6, 1, 6, 8, 1, 4, 6, 0, 6, 1, 8, 6, 0, 6, 2, 8, 4, 0, 2, 3, 0, 6, 8, 2, 4, 6, 3, 8, 5, 4, 6, 8, 8, 0, 4, 9, 8, 3, 9, 4, 6, 9, 0, 7, 5, 6, 5, 3, 7, 3, 0, 8, 1, 6, 6, 4, 3, 1, 1, 3, 6, 5, 2, 4, 5, 1, 2, 5, 7


Decimal expansion of 5th root of 28.
1, 9, 4, 7, 2, 9, 4, 3, 6, 1, 2, 3, 0, 3, 3, 6, 2, 7, 3, 0, 5, 2, 4, 1, 0, 2, 1, 1, 8, 4, 2, 6, 6, 8, 4, 6, 6, 8, 3, 8, 7, 1, 7, 6, 2, 1, 9, 9, 4, 5, 4, 1, 5, 9, 0, 9, 7, 0, 9, 1, 1, 7, 5, 3, 1, 2, 3, 9, 1, 4, 4, 7, 5, 2, 5, 4, 9, 5, 6, 6, 5, 3, 9, 5, 5, 5, 5, 2, 4, 6, 3, 4, 2, 2, 8, 1, 9, 1, 1


Decimal expansion of 5th root of 29.
1, 9, 6, 1, 0, 0, 9, 0, 5, 7, 4, 5, 4, 5, 4, 8, 0, 1, 3, 2, 0, 6, 3, 5, 6, 8, 5, 0, 0, 9, 7, 8, 2, 4, 1, 4, 3, 7, 6, 7, 8, 1, 3, 9, 3, 1, 6, 8, 9, 0, 8, 9, 6, 0, 7, 7, 7, 3, 6, 3, 9, 9, 8, 2, 9, 1, 3, 2, 2, 1, 1, 0, 6, 8, 0, 9, 6, 6, 2, 7, 1, 8, 0, 9, 0, 4, 8, 4, 4, 6, 1, 0, 9, 0, 1, 8, 7, 8, 8


Decimal expansion of 5th root of 30.
1, 9, 7, 4, 3, 5, 0, 4, 8, 5, 8, 3, 4, 8, 1, 9, 8, 4, 2, 6, 7, 2, 8, 3, 6, 1, 7, 2, 4, 0, 8, 4, 5, 3, 1, 8, 2, 6, 8, 2, 2, 6, 7, 2, 4, 8, 0, 9, 5, 3, 5, 4, 7, 1, 6, 7, 9, 4, 0, 7, 7, 9, 4, 3, 3, 9, 4, 2, 4, 7, 1, 9, 8, 1, 0, 7, 0, 2, 1, 2, 4, 6, 1, 4, 5, 3, 2, 3, 2, 4, 9, 7, 8, 2, 4, 3, 0, 4, 6


Decimal expansion of 5th root of 31.
1, 9, 8, 7, 3, 4, 0, 7, 5, 4, 6, 6, 4, 4, 5, 7, 9, 5, 8, 5, 6, 6, 3, 0, 3, 6, 7, 3, 6, 0, 7, 4, 5, 9, 6, 7, 5, 0, 5, 1, 3, 2, 6, 1, 8, 4, 6, 2, 2, 4, 5, 6, 4, 6, 1, 4, 0, 9, 6, 7, 0, 4, 5, 0, 3, 9, 1, 3, 7, 0, 0, 4, 0, 5, 2, 5, 8, 3, 1, 6, 8, 7, 9, 8, 2, 5, 2, 2, 2, 1, 2, 8, 6, 7, 3, 4, 7, 4, 8


Triangle of numbers S(x,y) = number of lattice paths from (0,0) to (x,y) that use step set { (0,1), (1,0), (2,0), (3,0), ....} and never pass below y = x.
1, 1, 1, 1, 2, 3, 1, 3, 7, 11, 1, 4, 12, 28, 45, 1, 5, 18, 52, 121, 197, 1, 6, 25, 84, 237, 550, 903, 1, 7, 33, 125, 403, 1119, 2591, 4279, 1, 8, 42, 176, 630, 1976, 5424, 12536, 20793, 1, 9, 52, 238, 930, 3206, 9860, 26832, 61921, 103049, 1, 10, 63


Decimal expansion of 5th root of 33.
2, 0, 1, 2, 3, 4, 6, 6, 1, 7, 0, 8, 5, 5, 5, 8, 3, 2, 4, 7, 7, 8, 5, 6, 0, 8, 6, 2, 9, 9, 5, 5, 2, 4, 6, 6, 6, 5, 2, 4, 1, 3, 4, 7, 2, 6, 2, 3, 6, 5, 0, 3, 2, 3, 4, 6, 7, 5, 1, 3, 5, 9, 1, 2, 0, 9, 9, 1, 0, 4, 4, 4, 2, 1, 8, 2, 4, 6, 8, 6, 6, 5, 9, 0, 6, 3, 6, 8, 6, 5, 9, 5, 3, 5, 5, 1, 6, 0, 9


Decimal expansion of 5th root of 34.
2, 0, 2, 4, 3, 9, 7, 4, 5, 8, 4, 9, 9, 8, 8, 5, 0, 4, 2, 5, 1, 0, 8, 1, 7, 2, 4, 5, 5, 4, 1, 9, 3, 7, 4, 1, 9, 1, 1, 4, 6, 2, 1, 7, 0, 1, 0, 7, 3, 1, 1, 8, 3, 5, 5, 3, 6, 1, 9, 7, 9, 5, 0, 7, 7, 7, 4, 9, 8, 8, 7, 2, 1, 8, 5, 6, 6, 2, 2, 3, 3, 9, 4, 7, 8, 2, 4, 5, 6, 9, 2, 0, 2, 1, 9, 1, 5, 5, 2


Decimal expansion of 5th root of 35.
2, 0, 3, 6, 1, 6, 8, 0, 0, 4, 6, 4, 0, 3, 9, 8, 0, 1, 7, 3, 6, 0, 8, 7, 4, 1, 6, 4, 1, 4, 5, 3, 1, 7, 6, 9, 4, 2, 6, 1, 8, 1, 6, 1, 6, 7, 5, 7, 8, 5, 3, 5, 1, 8, 6, 1, 1, 3, 5, 5, 0, 0, 8, 5, 2, 9, 1, 4, 1, 4, 9, 4, 6, 8, 6, 5, 9, 1, 3, 5, 9, 1, 0, 6, 7, 6, 1, 3, 0, 8, 8, 9, 9, 3, 4, 3, 1, 0, 6


Decimal expansion of 5th root of 36.
2, 0, 4, 7, 6, 7, 2, 5, 1, 1, 0, 7, 9, 2, 1, 9, 2, 9, 6, 2, 1, 2, 8, 3, 7, 3, 5, 6, 3, 2, 8, 6, 2, 1, 8, 7, 5, 4, 9, 6, 2, 1, 9, 1, 8, 5, 1, 9, 6, 6, 9, 0, 2, 1, 1, 9, 5, 5, 8, 2, 1, 6, 3, 1, 8, 6, 1, 5, 0, 8, 6, 5, 2, 4, 2, 5, 8, 9, 2, 1, 3, 3, 8, 7, 0, 1, 8, 2, 1, 2, 7, 3, 3, 9, 9, 4, 6, 4, 8


Decimal expansion of 5th root of 37.
2, 0, 5, 8, 9, 2, 4, 1, 3, 6, 4, 7, 8, 5, 1, 7, 2, 5, 2, 4, 6, 0, 0, 3, 0, 4, 1, 6, 0, 6, 6, 1, 8, 6, 5, 8, 6, 9, 1, 8, 1, 3, 3, 7, 9, 9, 4, 6, 4, 7, 2, 2, 0, 0, 0, 6, 1, 4, 6, 7, 4, 0, 0, 3, 1, 1, 2, 0, 9, 0, 6, 6, 0, 3, 9, 8, 6, 0, 9, 1, 8, 2, 2, 5, 1, 8, 5, 6, 1, 3, 6, 7, 7, 9, 1, 1, 5, 1, 8


Decimal expansion of 5th root of 38.
2, 0, 6, 9, 9, 3, 5, 0, 5, 4, 0, 8, 1, 6, 1, 4, 0, 6, 1, 5, 4, 2, 6, 2, 3, 4, 2, 0, 5, 4, 8, 6, 8, 9, 1, 9, 9, 8, 5, 1, 6, 1, 4, 4, 8, 6, 7, 3, 3, 9, 0, 2, 1, 1, 8, 0, 0, 3, 3, 8, 8, 6, 1, 3, 6, 1, 0, 5, 0, 5, 2, 7, 4, 4, 4, 4, 2, 4, 9, 8, 0, 2, 6, 9, 3, 8, 0, 9, 3, 9, 9, 6, 3, 5, 5, 9, 5, 8, 7


Decimal expansion of 5th root of 39.
2, 0, 8, 0, 7, 1, 6, 5, 4, 9, 2, 6, 1, 8, 4, 3, 7, 2, 9, 6, 9, 2, 7, 4, 2, 2, 9, 8, 7, 5, 8, 5, 8, 4, 2, 3, 2, 4, 8, 1, 0, 2, 9, 1, 0, 1, 4, 6, 4, 4, 2, 6, 9, 8, 6, 6, 4, 4, 5, 0, 8, 1, 8, 5, 9, 1, 9, 1, 2, 9, 0, 4, 9, 0, 9, 5, 2, 2, 5, 4, 7, 5, 5, 5, 4, 9, 8, 0, 8, 8, 6, 2, 5, 4, 3, 4, 9, 5, 3


Decimal expansion of 5th root of 40.
2, 0, 9, 1, 2, 7, 9, 1, 0, 5, 1, 8, 2, 5, 4, 6, 4, 6, 1, 3, 0, 5, 9, 7, 0, 5, 8, 2, 4, 4, 1, 0, 3, 6, 5, 0, 4, 9, 4, 0, 6, 8, 9, 7, 4, 3, 0, 1, 2, 3, 8, 1, 3, 8, 1, 8, 0, 0, 7, 3, 2, 7, 6, 0, 9, 6, 6, 3, 9, 9, 5, 0, 0, 5, 5, 8, 0, 8, 7, 1, 9, 7, 2, 3, 7, 5, 4, 6, 1, 7, 6, 7, 0, 7, 8, 3, 5, 6, 9


Decimal expansion of 5th root of 41.
2, 1, 0, 1, 6, 3, 2, 4, 7, 8, 2, 7, 5, 7, 8, 4, 7, 3, 1, 4, 2, 8, 8, 2, 9, 9, 0, 4, 7, 6, 6, 7, 3, 8, 8, 4, 4, 2, 3, 6, 7, 9, 2, 8, 8, 9, 9, 5, 9, 0, 5, 5, 8, 7, 4, 2, 6, 8, 5, 3, 6, 6, 7, 7, 0, 1, 1, 1, 2, 8, 8, 5, 5, 9, 7, 3, 0, 3, 2, 5, 6, 0, 3, 7, 4, 0, 2, 7, 6, 3, 3, 5, 4, 9, 2, 2, 0, 5, 3


Decimal expansion of 5th root of 42.
2, 1, 1, 1, 7, 8, 5, 7, 6, 4, 9, 6, 6, 7, 5, 3, 9, 1, 2, 7, 3, 2, 5, 6, 7, 3, 3, 0, 5, 5, 0, 2, 3, 3, 4, 8, 6, 3, 0, 3, 2, 0, 2, 6, 5, 3, 6, 3, 0, 6, 3, 7, 8, 2, 0, 8, 0, 9, 0, 3, 8, 7, 8, 6, 0, 3, 7, 6, 2, 2, 6, 4, 9, 6, 9, 5, 4, 0, 5, 6, 4, 4, 8, 4, 4, 7, 9, 1, 1, 4, 2, 5, 5, 4, 8, 9, 6, 9, 2


Decimal expansion of 5th root of 43.
2, 1, 2, 1, 7, 4, 7, 4, 6, 0, 8, 4, 1, 8, 9, 7, 8, 5, 2, 6, 3, 9, 9, 0, 5, 0, 3, 1, 0, 7, 9, 4, 1, 6, 8, 3, 3, 4, 4, 2, 4, 4, 7, 8, 9, 9, 3, 7, 7, 3, 0, 0, 1, 3, 5, 8, 4, 5, 5, 0, 6, 4, 0, 4, 9, 6, 4, 6, 7, 7, 3, 7, 9, 2, 9, 4, 4, 1, 5, 6, 3, 7, 7, 5, 5, 0, 0, 3, 4, 9, 7, 6, 8, 0, 1, 5, 7, 3, 7


Decimal expansion of 5th root of 44.
2, 1, 3, 1, 5, 2, 5, 5, 1, 3, 2, 7, 0, 9, 4, 8, 4, 8, 7, 1, 9, 1, 3, 3, 4, 8, 1, 0, 3, 6, 7, 3, 9, 1, 9, 7, 3, 9, 8, 7, 8, 6, 2, 7, 3, 8, 4, 6, 6, 5, 0, 4, 9, 9, 9, 1, 2, 6, 0, 1, 9, 5, 8, 3, 1, 1, 8, 7, 7, 4, 8, 5, 0, 3, 8, 0, 1, 4, 2, 8, 2, 6, 6, 8, 3, 8, 3, 5, 6, 0, 5, 2, 4, 6, 3, 8, 6, 2, 0


Decimal expansion of 5th root of 45.
2, 1, 4, 1, 1, 2, 7, 3, 6, 8, 3, 3, 8, 3, 2, 3, 8, 4, 2, 3, 4, 6, 8, 6, 7, 3, 6, 0, 0, 4, 1, 7, 2, 9, 5, 5, 3, 7, 7, 7, 4, 5, 8, 7, 4, 0, 1, 6, 9, 9, 3, 4, 7, 5, 0, 0, 8, 8, 0, 5, 4, 7, 9, 1, 7, 9, 5, 9, 1, 0, 2, 7, 9, 4, 2, 0, 4, 7, 0, 1, 9, 4, 8, 1, 5, 7, 9, 8, 0, 6, 3, 9, 7, 7, 8, 2, 5, 0, 7


Decimal expansion of 5th root of 46.
2, 1, 5, 0, 5, 6, 0, 0, 1, 2, 8, 1, 1, 1, 3, 9, 4, 7, 6, 8, 4, 7, 4, 5, 0, 3, 6, 8, 8, 5, 8, 7, 7, 5, 3, 5, 7, 6, 3, 9, 1, 7, 9, 2, 8, 0, 4, 5, 8, 0, 4, 8, 5, 7, 0, 0, 8, 0, 3, 4, 9, 8, 4, 0, 6, 4, 7, 6, 6, 9, 1, 8, 2, 1, 3, 0, 6, 3, 7, 3, 5, 9, 4, 4, 7, 2, 1, 4, 3, 9, 0, 4, 4, 7, 6, 2, 3, 8, 7


Decimal expansion of 5th root of 47.
2, 1, 5, 9, 8, 3, 0, 0, 1, 1, 7, 6, 4, 4, 6, 6, 1, 5, 5, 6, 4, 3, 0, 2, 1, 9, 7, 5, 7, 6, 7, 8, 5, 0, 7, 4, 9, 5, 9, 6, 5, 2, 0, 6, 7, 1, 6, 6, 6, 9, 2, 7, 7, 1, 7, 2, 4, 9, 6, 2, 8, 0, 1, 6, 8, 8, 6, 3, 8, 4, 0, 7, 3, 9, 1, 3, 8, 9, 3, 3, 2, 7, 0, 5, 0, 3, 0, 9, 8, 8, 4, 6, 3, 7, 8, 0, 8, 9, 0


Decimal expansion of 5th root of 48.
2, 1, 6, 8, 9, 4, 3, 5, 4, 2, 3, 9, 5, 3, 9, 7, 2, 2, 7, 4, 9, 1, 2, 1, 9, 8, 4, 4, 8, 2, 2, 3, 5, 9, 5, 0, 4, 4, 2, 1, 4, 7, 2, 6, 8, 2, 5, 0, 7, 9, 1, 9, 7, 4, 8, 0, 0, 8, 0, 6, 9, 7, 7, 2, 7, 1, 4, 5, 5, 8, 8, 8, 4, 9, 0, 2, 4, 9, 0, 3, 0, 2, 8, 2, 2, 9, 6, 6, 5, 4, 7, 8, 9, 1, 7, 6, 7, 1, 9


Decimal expansion of 5th root of 49.
2, 1, 7, 7, 9, 0, 6, 4, 2, 4, 4, 8, 2, 7, 7, 9, 8, 9, 4, 6, 6, 5, 2, 6, 4, 8, 3, 5, 5, 7, 5, 2, 0, 7, 1, 0, 7, 0, 1, 0, 6, 6, 6, 4, 8, 6, 0, 9, 6, 1, 6, 2, 0, 2, 1, 7, 7, 7, 9, 0, 8, 8, 1, 8, 5, 1, 9, 1, 4, 9, 3, 6, 7, 1, 3, 6, 9, 2, 4, 3, 5, 4, 5, 2, 0, 6, 2, 4, 3, 7, 9, 7, 5, 4, 5, 5, 4, 3, 7


Decimal expansion of 5th root of 50.
2, 1, 8, 6, 7, 2, 4, 1, 4, 7, 8, 8, 6, 5, 5, 6, 1, 1, 2, 7, 3, 7, 5, 2, 8, 8, 9, 6, 0, 7, 1, 2, 8, 5, 6, 4, 4, 8, 6, 6, 2, 2, 2, 6, 7, 7, 6, 5, 7, 9, 9, 8, 4, 2, 5, 7, 3, 4, 0, 1, 4, 7, 1, 2, 6, 2, 4, 0, 8, 2, 7, 4, 3, 9, 6, 5, 5, 6, 0, 8, 8, 3, 6, 3, 7, 7, 3, 0, 9, 8, 6, 1, 3, 6, 2, 0, 6, 1, 0


Decimal expansion of 5th root of 51.
2, 1, 9, 5, 4, 0, 1, 8, 9, 7, 4, 2, 7, 4, 8, 9, 9, 0, 6, 5, 6, 3, 6, 7, 9, 4, 3, 0, 4, 5, 5, 5, 3, 0, 1, 0, 3, 5, 3, 6, 0, 0, 8, 7, 7, 7, 3, 1, 0, 5, 2, 4, 6, 0, 7, 0, 6, 2, 1, 3, 9, 0, 2, 9, 8, 3, 2, 8, 1, 0, 6, 6, 1, 6, 7, 9, 9, 4, 1, 6, 3, 4, 3, 9, 6, 3, 1, 6, 2, 7, 9, 7, 3, 9, 4, 6, 1, 4, 9


Decimal expansion of 5th root of 52.
2, 2, 0, 3, 9, 4, 4, 5, 7, 5, 4, 4, 2, 9, 6, 0, 2, 9, 3, 3, 4, 3, 9, 0, 2, 9, 2, 1, 4, 5, 2, 7, 9, 8, 6, 1, 3, 3, 3, 8, 4, 9, 7, 4, 7, 0, 1, 9, 8, 7, 1, 7, 8, 6, 2, 7, 1, 7, 8, 3, 2, 8, 5, 0, 9, 5, 2, 2, 0, 7, 3, 3, 3, 7, 0, 0, 8, 6, 2, 0, 5, 2, 9, 8, 2, 0, 2, 4, 8, 0, 4, 5, 9, 4, 1, 3, 2, 7, 5


Decimal expansion of 5th root of 53.
2, 2, 1, 2, 3, 5, 6, 8, 2, 2, 2, 7, 6, 1, 1, 6, 7, 4, 0, 0, 4, 6, 6, 2, 0, 2, 9, 0, 7, 8, 1, 3, 4, 5, 2, 0, 9, 1, 0, 3, 2, 4, 9, 6, 3, 1, 0, 3, 3, 8, 8, 3, 0, 2, 5, 2, 1, 4, 2, 2, 0, 3, 1, 6, 4, 3, 8, 0, 1, 1, 5, 7, 2, 8, 1, 2, 6, 5, 8, 2, 1, 3, 0, 7, 6, 6, 8, 4, 3, 5, 6, 7, 6, 4, 7, 6, 6, 7, 4


Decimal expansion of 5th root of 54.
2, 2, 2, 0, 6, 4, 3, 0, 3, 4, 9, 2, 2, 9, 2, 0, 0, 8, 8, 3, 0, 6, 6, 6, 3, 0, 5, 0, 8, 4, 6, 0, 5, 5, 0, 3, 2, 4, 3, 3, 9, 1, 9, 8, 5, 2, 8, 5, 3, 9, 1, 5, 0, 9, 2, 0, 3, 8, 9, 3, 1, 8, 8, 1, 2, 6, 1, 5, 3, 7, 7, 9, 3, 7, 4, 4, 5, 9, 2, 6, 5, 9, 5, 3, 2, 2, 3, 0, 2, 6, 7, 7, 1, 2, 4, 2, 7, 9, 1


Decimal expansion of 5th root of 55.
2, 2, 2, 8, 8, 0, 7, 3, 8, 4, 0, 3, 3, 5, 1, 8, 6, 0, 7, 2, 1, 2, 8, 0, 1, 4, 5, 4, 6, 0, 6, 9, 9, 3, 8, 0, 1, 4, 6, 3, 5, 3, 7, 7, 7, 6, 6, 7, 8, 7, 3, 9, 2, 6, 9, 9, 2, 6, 1, 5, 7, 9, 0, 9, 4, 0, 5, 4, 2, 8, 7, 0, 8, 8, 0, 1, 5, 9, 3, 5, 2, 4, 2, 5, 3, 9, 4, 9, 0, 6, 0, 8, 6, 3, 3, 6, 3, 2, 8


Decimal expansion of 5th root of 56.
2, 2, 3, 6, 8, 5, 3, 8, 2, 9, 4, 4, 0, 2, 8, 9, 3, 3, 8, 4, 1, 0, 0, 1, 4, 4, 0, 9, 6, 4, 8, 5, 5, 0, 2, 9, 7, 3, 7, 4, 7, 4, 2, 1, 1, 1, 2, 9, 1, 7, 1, 8, 6, 6, 4, 3, 0, 2, 6, 1, 6, 1, 5, 4, 8, 3, 6, 1, 7, 4, 5, 1, 5, 0, 2, 2, 3, 7, 6, 3, 8, 7, 7, 0, 2, 0, 5, 4, 2, 7, 8, 7, 5, 1, 0, 2, 1, 8, 6


Decimal expansion of 5th root of 57.
2, 2, 4, 4, 7, 8, 6, 1, 3, 4, 3, 6, 4, 0, 9, 2, 0, 7, 0, 5, 9, 5, 0, 1, 1, 0, 1, 6, 7, 0, 6, 7, 6, 1, 4, 8, 3, 6, 0, 5, 9, 3, 8, 6, 9, 9, 2, 0, 2, 2, 8, 1, 7, 2, 0, 7, 1, 8, 7, 3, 4, 7, 2, 1, 4, 4, 1, 7, 4, 7, 9, 4, 5, 1, 0, 9, 0, 1, 0, 6, 0, 2, 9, 2, 0, 8, 0, 6, 9, 6, 0, 0, 0, 1, 9, 8, 5, 1, 3


Decimal expansion of 5th root of 58.
2, 2, 5, 2, 6, 0, 7, 8, 7, 8, 4, 3, 2, 3, 2, 5, 4, 1, 1, 5, 1, 5, 4, 7, 6, 6, 7, 5, 2, 7, 7, 2, 7, 0, 6, 7, 6, 7, 4, 3, 5, 0, 7, 4, 8, 2, 9, 3, 6, 2, 1, 4, 3, 4, 6, 1, 1, 2, 8, 6, 3, 6, 5, 5, 0, 9, 3, 0, 3, 9, 3, 0, 5, 4, 4, 9, 0, 4, 0, 2, 6, 6, 0, 2, 7, 4, 1, 4, 6, 9, 7, 0, 3, 0, 2, 2, 9, 0, 7


Decimal expansion of 5th root of 59.
2, 2, 6, 0, 3, 2, 2, 4, 6, 9, 6, 2, 6, 8, 1, 5, 7, 0, 3, 6, 9, 7, 6, 1, 8, 8, 9, 4, 9, 1, 5, 4, 0, 5, 8, 0, 5, 6, 9, 1, 1, 1, 9, 9, 4, 8, 4, 5, 6, 1, 5, 2, 0, 0, 5, 9, 7, 3, 7, 0, 3, 2, 5, 8, 9, 8, 4, 7, 6, 9, 0, 1, 5, 6, 9, 7, 2, 9, 8, 6, 7, 4, 0, 7, 8, 7, 8, 5, 7, 5, 5, 8, 9, 1, 1, 0, 5, 3, 6


Decimal expansion of 5th root of 60.
2, 2, 6, 7, 9, 3, 3, 1, 5, 5, 2, 6, 6, 0, 5, 4, 4, 1, 9, 2, 3, 2, 0, 1, 7, 8, 8, 8, 9, 7, 7, 2, 6, 0, 8, 0, 1, 4, 0, 4, 2, 4, 5, 7, 4, 6, 8, 3, 8, 7, 6, 1, 4, 5, 6, 1, 3, 8, 6, 7, 1, 9, 4, 7, 8, 7, 0, 5, 3, 8, 2, 2, 0, 1, 8, 3, 6, 2, 7, 0, 0, 3, 3, 6, 8, 6, 4, 0, 8, 5, 4, 1, 9, 9, 5, 4, 9, 8, 6


Decimal expansion of 5th root of 61.
2, 2, 7, 5, 4, 4, 3, 0, 3, 2, 1, 1, 4, 5, 3, 0, 3, 3, 7, 9, 1, 4, 6, 4, 3, 8, 2, 6, 7, 7, 6, 6, 4, 3, 2, 5, 5, 8, 2, 4, 8, 9, 5, 4, 8, 1, 9, 5, 8, 3, 6, 2, 1, 8, 9, 6, 2, 8, 1, 2, 9, 7, 2, 0, 4, 5, 2, 2, 5, 4, 0, 5, 6, 1, 1, 0, 4, 5, 2, 4, 1, 1, 5, 3, 5, 3, 1, 1, 4, 0, 0, 9, 9, 1, 1, 8, 3, 9, 8


Decimal expansion of 5th root of 62.
2, 2, 8, 2, 8, 5, 5, 0, 5, 5, 7, 0, 1, 6, 2, 8, 9, 8, 2, 1, 4, 5, 3, 7, 9, 4, 7, 7, 5, 4, 7, 9, 6, 3, 0, 2, 2, 3, 4, 0, 7, 1, 5, 7, 3, 8, 5, 1, 1, 6, 3, 3, 2, 6, 8, 0, 3, 1, 3, 4, 7, 2, 0, 6, 6, 9, 2, 0, 1, 6, 0, 3, 5, 5, 0, 4, 4, 7, 9, 3, 0, 4, 9, 3, 4, 5, 8, 8, 8, 3, 9, 5, 4, 2, 6, 9, 6, 0, 8


Decimal expansion of 5th root of 63.
2, 2, 9, 0, 1, 7, 2, 0, 4, 8, 9, 2, 3, 5, 8, 2, 4, 9, 0, 1, 2, 3, 9, 0, 6, 4, 0, 2, 3, 6, 4, 0, 0, 0, 9, 7, 9, 5, 6, 0, 5, 4, 6, 6, 1, 3, 7, 1, 8, 0, 1, 8, 0, 7, 6, 5, 8, 7, 4, 8, 7, 2, 8, 8, 1, 6, 0, 6, 0, 4, 1, 6, 2, 7, 9, 0, 9, 8, 8, 0, 0, 0, 8, 8, 4, 2, 5, 5, 5, 7, 1, 0, 7, 0, 6, 9, 0, 0, 0


Decimal expansion of 5th root of 64.
2, 2, 9, 7, 3, 9, 6, 7, 0, 9, 9, 9, 4, 0, 7, 0, 0, 1, 3, 5, 9, 7, 2, 5, 3, 8, 9, 3, 5, 5, 5, 8, 5, 5, 1, 7, 8, 8, 8, 7, 7, 0, 1, 7, 7, 8, 1, 9, 5, 5, 9, 5, 0, 1, 1, 0, 2, 7, 4, 2, 2, 2, 3, 6, 9, 8, 7, 2, 0, 6, 4, 1, 2, 5, 0, 7, 0, 2, 6, 1, 1, 3, 6, 2, 2, 9, 4, 6, 2, 2, 6, 0, 2, 3, 0, 1, 6, 9, 4


Decimal expansion of 5th root of 65.
2, 3, 0, 4, 5, 3, 1, 6, 1, 9, 8, 0, 2, 1, 4, 0, 6, 3, 1, 9, 8, 8, 1, 8, 8, 4, 3, 6, 5, 5, 6, 0, 9, 5, 3, 9, 9, 7, 4, 0, 1, 1, 1, 8, 1, 7, 7, 1, 7, 5, 9, 0, 8, 8, 6, 2, 7, 0, 1, 4, 3, 5, 0, 4, 9, 6, 5, 0, 7, 4, 2, 6, 3, 8, 2, 0, 6, 1, 1, 1, 4, 7, 1, 3, 9, 8, 2, 8, 8, 3, 8, 0, 6, 1, 9, 0, 4, 0, 5


Decimal expansion of 5th root of 66.
2, 3, 1, 1, 5, 7, 9, 2, 4, 8, 7, 3, 0, 0, 2, 9, 1, 4, 7, 8, 9, 1, 2, 2, 3, 8, 5, 9, 3, 3, 2, 6, 5, 1, 8, 9, 1, 0, 8, 8, 4, 1, 5, 1, 9, 2, 9, 3, 2, 6, 2, 5, 7, 6, 4, 3, 3, 2, 9, 6, 8, 4, 5, 4, 6, 2, 0, 1, 6, 1, 8, 5, 6, 8, 1, 2, 5, 1, 7, 6, 8, 2, 8, 2, 6, 0, 1, 8, 3, 5, 4, 2, 2, 8, 7, 7, 3, 2, 4


Decimal expansion of 5th root of 67.
2, 3, 1, 8, 5, 4, 1, 9, 6, 2, 9, 7, 8, 0, 5, 0, 4, 1, 1, 6, 8, 8, 0, 6, 6, 2, 9, 2, 2, 9, 5, 8, 7, 2, 1, 2, 3, 3, 8, 3, 0, 9, 9, 7, 7, 7, 6, 9, 4, 1, 7, 5, 5, 3, 0, 6, 2, 6, 5, 6, 1, 1, 8, 6, 5, 9, 5, 7, 4, 7, 1, 8, 2, 2, 8, 6, 1, 2, 7, 3, 3, 1, 4, 4, 9, 5, 7, 7, 3, 5, 4, 8, 9, 6, 8, 5, 5, 6, 3


Decimal expansion of 5th root of 68.
2, 3, 2, 5, 4, 2, 2, 0, 3, 0, 4, 3, 8, 9, 9, 6, 3, 9, 1, 3, 1, 9, 9, 5, 1, 7, 9, 2, 8, 5, 4, 6, 7, 9, 8, 4, 6, 6, 0, 0, 3, 5, 1, 0, 2, 1, 7, 8, 5, 3, 3, 0, 2, 1, 7, 1, 8, 9, 1, 6, 6, 7, 3, 7, 7, 3, 0, 2, 5, 1, 4, 2, 3, 9, 6, 1, 8, 2, 9, 0, 6, 3, 2, 0, 8, 8, 9, 5, 4, 2, 6, 8, 3, 5, 7, 2, 4, 1, 7


Decimal expansion of 5th root of 69.
2, 3, 3, 2, 2, 2, 1, 6, 2, 6, 1, 6, 0, 2, 4, 1, 8, 5, 0, 2, 9, 4, 2, 7, 1, 3, 8, 8, 1, 6, 5, 8, 6, 5, 3, 5, 0, 7, 4, 5, 1, 8, 7, 9, 9, 1, 4, 4, 6, 7, 8, 6, 0, 3, 7, 4, 1, 1, 5, 9, 7, 6, 9, 1, 5, 0, 7, 6, 0, 0, 2, 5, 4, 8, 1, 1, 0, 0, 9, 9, 0, 2, 7, 4, 4, 9, 3, 8, 4, 8, 3, 0, 7, 9, 6, 0, 3, 5, 4


Decimal expansion of 5th root of 70.
2, 3, 3, 8, 9, 4, 2, 8, 3, 7, 4, 2, 8, 0, 2, 0, 3, 4, 4, 7, 9, 7, 0, 8, 5, 4, 7, 8, 1, 0, 9, 5, 0, 5, 6, 9, 3, 0, 0, 1, 4, 6, 5, 8, 2, 3, 3, 7, 8, 0, 1, 9, 2, 7, 1, 0, 2, 6, 4, 3, 6, 6, 0, 7, 6, 7, 4, 1, 2, 4, 5, 1, 3, 2, 9, 3, 3, 6, 1, 1, 9, 5, 8, 9, 1, 1, 9, 1, 7, 7, 6, 5, 9, 5, 6, 7, 3, 3, 7


Decimal expansion of 5th root of 71.
2, 3, 4, 5, 5, 8, 7, 6, 6, 8, 5, 0, 5, 0, 0, 3, 0, 1, 1, 7, 1, 2, 8, 1, 6, 6, 9, 6, 2, 4, 7, 4, 4, 7, 2, 1, 9, 1, 1, 5, 1, 5, 6, 1, 3, 4, 4, 4, 2, 4, 6, 9, 0, 6, 5, 5, 8, 6, 5, 1, 5, 6, 5, 2, 2, 0, 3, 7, 5, 7, 7, 1, 6, 5, 7, 4, 1, 0, 5, 4, 6, 9, 1, 7, 5, 7, 5, 3, 8, 7, 4, 5, 5, 5, 0, 0, 7, 1, 0


Decimal expansion of 5th root of 72.
2, 3, 5, 2, 1, 5, 8, 0, 4, 5, 0, 4, 9, 3, 4, 7, 1, 4, 5, 1, 6, 9, 9, 5, 5, 6, 2, 7, 8, 8, 3, 5, 7, 0, 5, 1, 3, 4, 2, 8, 0, 5, 3, 3, 4, 4, 4, 7, 3, 9, 6, 4, 9, 1, 5, 0, 2, 8, 2, 2, 3, 8, 6, 9, 9, 2, 3, 5, 4, 6, 8, 0, 6, 1, 4, 8, 4, 5, 9, 8, 0, 3, 2, 3, 2, 0, 4, 7, 6, 7, 3, 2, 8, 2, 7, 4, 2, 5, 9


Decimal expansion of 5th root of 73.
2, 3, 5, 8, 6, 5, 5, 8, 1, 8, 2, 4, 0, 7, 3, 5, 6, 2, 6, 6, 0, 4, 1, 4, 5, 1, 3, 4, 7, 6, 8, 4, 0, 2, 7, 8, 8, 8, 8, 4, 6, 1, 3, 0, 4, 9, 6, 2, 3, 0, 7, 9, 6, 5, 2, 6, 1, 7, 0, 0, 8, 9, 8, 2, 4, 9, 3, 3, 3, 5, 6, 5, 4, 6, 1, 1, 8, 4, 5, 2, 6, 1, 6, 0, 1, 6, 6, 4, 2, 5, 5, 7, 5, 1, 7, 3, 7, 6, 7


Decimal expansion of 5th root of 74.
2, 3, 6, 5, 0, 8, 2, 7, 6, 8, 6, 3, 6, 5, 6, 3, 5, 6, 4, 6, 7, 3, 1, 5, 4, 9, 5, 4, 1, 6, 5, 9, 7, 2, 9, 4, 6, 3, 7, 1, 4, 3, 1, 3, 3, 1, 5, 9, 4, 0, 2, 1, 8, 6, 2, 1, 4, 1, 1, 9, 5, 6, 8, 8, 1, 3, 5, 8, 0, 1, 1, 7, 2, 8, 6, 7, 4, 1, 7, 2, 9, 3, 2, 4, 1, 4, 6, 1, 2, 9, 9, 4, 7, 9, 5, 5, 8, 7, 3


Decimal expansion of 5th root of 75.
2, 3, 7, 1, 4, 4, 0, 6, 0, 9, 7, 7, 9, 3, 1, 1, 7, 4, 7, 3, 5, 2, 5, 6, 5, 8, 6, 7, 1, 6, 1, 3, 3, 1, 4, 4, 2, 6, 8, 3, 7, 4, 3, 7, 2, 5, 9, 3, 6, 2, 4, 8, 9, 5, 5, 0, 4, 9, 3, 0, 0, 9, 5, 7, 4, 1, 9, 7, 8, 3, 7, 7, 3, 5, 5, 1, 7, 3, 7, 3, 5, 1, 9, 5, 7, 5, 8, 4, 2, 4, 2, 1, 1, 5, 4, 8, 4, 0, 3


Decimal expansion of 5th root of 76.
2, 3, 7, 7, 7, 3, 0, 9, 9, 1, 5, 7, 4, 2, 4, 8, 7, 6, 4, 8, 7, 6, 2, 4, 4, 5, 3, 6, 6, 3, 5, 7, 6, 6, 8, 3, 1, 7, 3, 7, 1, 0, 8, 0, 0, 6, 2, 5, 4, 0, 2, 3, 7, 7, 0, 7, 3, 6, 2, 4, 7, 3, 5, 2, 6, 0, 0, 1, 3, 4, 6, 5, 1, 8, 9, 4, 1, 3, 5, 4, 7, 0, 6, 5, 1, 7, 3, 8, 1, 8, 3, 9, 9, 2, 3, 6, 5, 0, 7


Decimal expansion of 5th root of 77.
2, 3, 8, 3, 9, 5, 5, 5, 0, 3, 4, 5, 4, 8, 9, 9, 6, 9, 8, 0, 3, 8, 9, 1, 3, 5, 1, 2, 6, 1, 1, 7, 3, 7, 5, 1, 1, 5, 4, 5, 2, 7, 8, 1, 9, 0, 6, 1, 3, 8, 6, 5, 1, 5, 3, 7, 9, 6, 9, 1, 8, 7, 6, 1, 1, 0, 0, 1, 0, 3, 7, 2, 7, 1, 1, 2, 4, 3, 3, 2, 4, 2, 3, 5, 2, 7, 4, 4, 1, 9, 6, 8, 0, 0, 5, 3, 5, 3, 8


Decimal expansion of 5th root of 78.
2, 3, 9, 0, 1, 1, 5, 6, 7, 7, 3, 5, 2, 1, 8, 7, 0, 4, 6, 1, 4, 2, 5, 7, 1, 9, 6, 7, 7, 8, 2, 7, 1, 9, 2, 6, 8, 8, 7, 7, 4, 8, 8, 3, 0, 0, 9, 6, 9, 1, 1, 5, 4, 7, 9, 7, 2, 0, 2, 5, 2, 0, 0, 5, 3, 9, 2, 7, 3, 8, 5, 6, 2, 4, 8, 5, 9, 2, 4, 8, 8, 6, 7, 6, 6, 7, 2, 7, 0, 1, 7, 0, 0, 5, 1, 1, 5, 9, 0


Decimal expansion of 5th root of 79.
2, 3, 9, 6, 2, 1, 2, 9, 9, 0, 4, 8, 1, 7, 6, 9, 8, 1, 1, 9, 0, 5, 4, 4, 6, 2, 8, 0, 8, 3, 8, 7, 0, 3, 9, 6, 0, 5, 2, 7, 8, 7, 5, 7, 3, 0, 7, 6, 6, 4, 9, 6, 8, 9, 8, 8, 5, 3, 2, 8, 9, 2, 8, 4, 1, 2, 2, 7, 1, 6, 3, 3, 3, 9, 7, 8, 7, 5, 3, 0, 0, 4, 8, 8, 2, 6, 5, 3, 3, 3, 4, 0, 7, 9, 8, 6, 2, 1, 5


Decimal expansion of 5th root of 80.
2, 4, 0, 2, 2, 4, 8, 8, 6, 7, 9, 6, 2, 8, 6, 2, 4, 6, 6, 4, 8, 4, 1, 9, 9, 7, 8, 7, 1, 9, 8, 3, 3, 0, 6, 4, 8, 8, 2, 4, 0, 5, 1, 8, 2, 3, 3, 0, 4, 6, 4, 6, 4, 5, 1, 9, 3, 6, 0, 7, 1, 7, 1, 6, 8, 3, 1, 1, 9, 3, 1, 9, 3, 2, 2, 4, 4, 8, 2, 9, 7, 7, 2, 7, 0, 6, 6, 2, 5, 2, 8, 7, 0, 5, 6, 2, 7, 0, 9


Decimal expansion of 5th root of 81.
2, 4, 0, 8, 2, 2, 4, 6, 8, 5, 2, 8, 0, 6, 9, 2, 0, 4, 6, 2, 8, 5, 5, 0, 8, 6, 1, 4, 1, 9, 1, 1, 5, 4, 3, 2, 9, 1, 0, 0, 3, 5, 7, 0, 1, 8, 5, 8, 8, 5, 0, 7, 2, 3, 4, 9, 4, 6, 7, 8, 3, 7, 9, 8, 4, 7, 0, 7, 3, 7, 7, 3, 1, 2, 6, 3, 6, 4, 7, 4, 0, 2, 5, 9, 8, 9, 5, 4, 2, 9, 9, 6, 7, 7, 1, 8, 9, 0, 2


Decimal expansion of 5th root of 82.
2, 4, 1, 4, 1, 4, 1, 7, 7, 0, 6, 0, 3, 7, 3, 5, 8, 3, 1, 3, 1, 6, 5, 4, 1, 2, 0, 8, 4, 8, 1, 1, 0, 0, 6, 7, 0, 5, 3, 1, 1, 7, 5, 4, 5, 1, 5, 3, 9, 2, 2, 2, 7, 8, 7, 1, 8, 5, 3, 5, 4, 8, 2, 4, 4, 4, 8, 1, 4, 2, 4, 0, 3, 5, 5, 5, 7, 5, 4, 2, 0, 0, 6, 4, 9, 0, 8, 1, 4, 3, 1, 2, 0, 0, 9, 2, 4, 4, 1


Decimal expansion of 5th root of 83.
2, 4, 2, 0, 0, 0, 1, 4, 0, 6, 9, 6, 5, 9, 6, 2, 4, 2, 2, 0, 0, 0, 2, 2, 5, 7, 3, 3, 4, 5, 1, 0, 0, 8, 5, 6, 1, 6, 8, 5, 5, 2, 0, 4, 6, 8, 1, 2, 7, 5, 2, 0, 3, 7, 6, 9, 2, 5, 5, 0, 6, 1, 2, 7, 0, 7, 9, 4, 2, 2, 6, 2, 9, 4, 9, 3, 5, 8, 7, 1, 7, 3, 3, 1, 9, 3, 3, 4, 9, 3, 1, 8, 3, 4, 4, 6, 1, 0, 4


Decimal expansion of 5th root of 84.
2, 4, 2, 5, 8, 0, 4, 8, 3, 4, 3, 2, 3, 4, 6, 5, 4, 1, 8, 8, 0, 9, 8, 3, 0, 8, 2, 9, 7, 0, 3, 5, 5, 4, 7, 4, 3, 2, 6, 4, 3, 1, 2, 7, 4, 8, 2, 6, 1, 2, 9, 4, 4, 9, 7, 9, 0, 7, 3, 8, 8, 6, 4, 4, 8, 4, 4, 0, 4, 0, 7, 0, 7, 9, 2, 5, 9, 9, 4, 9, 6, 2, 9, 4, 5, 0, 5, 3, 3, 3, 9, 6, 0, 8, 8, 8, 9, 0, 2


Decimal expansion of 5th root of 85.
2, 4, 3, 1, 5, 5, 3, 2, 5, 1, 4, 9, 4, 1, 2, 2, 3, 4, 6, 5, 1, 8, 7, 0, 1, 1, 7, 7, 3, 5, 3, 0, 7, 3, 0, 1, 4, 6, 5, 0, 5, 5, 4, 4, 3, 7, 4, 9, 3, 5, 1, 2, 3, 9, 3, 9, 5, 4, 9, 9, 7, 8, 8, 2, 0, 9, 0, 6, 4, 2, 3, 3, 4, 2, 1, 2, 7, 2, 1, 1, 6, 4, 8, 3, 4, 9, 0, 1, 1, 1, 9, 9, 2, 4, 2, 6, 9, 8, 4


Decimal expansion of 5th root of 86.
2, 4, 3, 7, 2, 4, 7, 8, 1, 7, 9, 8, 8, 2, 2, 4, 0, 1, 1, 6, 0, 9, 0, 6, 4, 5, 5, 0, 9, 6, 1, 4, 4, 5, 1, 4, 6, 8, 7, 6, 0, 4, 3, 0, 0, 1, 0, 7, 8, 3, 5, 3, 3, 4, 7, 5, 3, 1, 5, 5, 7, 9, 9, 5, 9, 3, 8, 8, 8, 0, 2, 8, 4, 3, 7, 4, 6, 6, 9, 7, 1, 1, 4, 9, 9, 6, 3, 6, 2, 5, 8, 6, 7, 9, 1, 3, 3, 0, 3


Decimal expansion of 5th root of 87.
2, 4, 4, 2, 8, 8, 9, 6, 5, 5, 7, 3, 7, 3, 9, 4, 0, 9, 7, 5, 5, 3, 0, 0, 2, 9, 1, 7, 6, 2, 9, 1, 3, 5, 9, 9, 5, 2, 3, 0, 9, 9, 6, 3, 9, 5, 7, 0, 6, 5, 6, 1, 2, 8, 5, 5, 8, 9, 4, 0, 1, 9, 8, 9, 3, 2, 7, 4, 8, 3, 8, 4, 2, 4, 5, 2, 1, 1, 1, 6, 3, 9, 0, 8, 7, 6, 4, 6, 6, 4, 7, 9, 9, 3, 3, 4, 8, 9, 9


Decimal expansion of 5th root of 88.
2, 4, 4, 8, 4, 7, 9, 8, 5, 0, 7, 2, 8, 5, 4, 9, 2, 3, 7, 8, 7, 1, 0, 2, 3, 2, 9, 6, 9, 2, 7, 2, 6, 1, 2, 8, 6, 8, 2, 1, 2, 0, 2, 0, 5, 4, 4, 9, 4, 8, 4, 8, 8, 6, 8, 9, 4, 4, 4, 8, 4, 6, 5, 3, 9, 6, 3, 0, 9, 5, 1, 3, 1, 2, 5, 9, 8, 7, 4, 3, 7, 4, 9, 0, 3, 9, 1, 2, 5, 6, 6, 0, 5, 1, 4, 4, 7, 0, 8


Decimal expansion of 5th root of 89.
2, 4, 5, 4, 0, 1, 9, 4, 5, 4, 5, 4, 9, 1, 3, 0, 5, 0, 3, 7, 1, 0, 1, 7, 8, 3, 7, 5, 9, 6, 1, 0, 2, 6, 6, 5, 5, 3, 9, 3, 2, 1, 4, 4, 8, 7, 8, 3, 0, 9, 7, 4, 1, 8, 6, 5, 5, 3, 2, 8, 0, 0, 6, 4, 7, 3, 9, 8, 4, 8, 4, 0, 5, 2, 0, 7, 9, 6, 8, 9, 3, 9, 2, 9, 3, 6, 6, 7, 6, 8, 9, 2, 2, 8, 5, 4, 0, 7, 3


Decimal expansion of 5th root of 90.
2, 4, 5, 9, 5, 0, 9, 4, 8, 5, 8, 4, 9, 3, 6, 3, 2, 5, 3, 0, 7, 0, 7, 2, 8, 9, 6, 8, 5, 5, 9, 2, 0, 6, 7, 7, 9, 4, 5, 3, 8, 8, 3, 9, 6, 4, 5, 4, 0, 9, 1, 9, 5, 6, 4, 3, 8, 1, 1, 0, 3, 4, 0, 4, 4, 4, 3, 9, 8, 1, 0, 7, 1, 7, 6, 4, 7, 3, 4, 0, 3, 9, 7, 5, 7, 3, 6, 3, 8, 8, 8, 8, 8, 0, 2, 7, 8, 2, 1


Decimal expansion of 5th root of 91.
2, 4, 6, 4, 9, 5, 0, 9, 3, 1, 7, 2, 6, 8, 6, 9, 2, 0, 1, 1, 3, 7, 6, 9, 6, 7, 7, 0, 9, 8, 5, 5, 1, 0, 9, 1, 6, 1, 6, 0, 8, 3, 7, 9, 3, 8, 6, 5, 3, 3, 0, 1, 9, 6, 9, 5, 1, 6, 5, 1, 1, 4, 9, 6, 2, 2, 4, 4, 2, 4, 0, 2, 9, 4, 3, 4, 0, 4, 1, 7, 2, 6, 3, 5, 7, 6, 9, 6, 9, 1, 8, 1, 9, 4, 8, 2, 5, 4, 6


Decimal expansion of 5th root of 92.
2, 4, 7, 0, 3, 4, 4, 7, 4, 9, 0, 3, 8, 5, 5, 8, 4, 4, 6, 9, 1, 3, 0, 9, 7, 0, 4, 9, 8, 6, 4, 2, 6, 3, 8, 1, 3, 2, 7, 0, 9, 2, 1, 6, 8, 2, 5, 0, 8, 8, 0, 6, 7, 2, 4, 2, 5, 7, 0, 2, 0, 7, 9, 2, 8, 8, 6, 9, 0, 0, 5, 5, 8, 2, 2, 5, 2, 3, 2, 5, 3, 9, 8, 9, 4, 6, 6, 5, 9, 2, 6, 3, 2, 9, 3, 0, 5, 0, 7


Decimal expansion of 5th root of 93.
2, 4, 7, 5, 6, 9, 1, 8, 6, 5, 6, 4, 4, 3, 6, 6, 5, 0, 9, 7, 4, 6, 4, 9, 6, 2, 3, 4, 0, 5, 1, 8, 9, 8, 5, 0, 0, 1, 3, 7, 0, 2, 3, 7, 9, 0, 6, 8, 4, 4, 8, 4, 4, 3, 2, 8, 3, 8, 2, 3, 1, 0, 3, 2, 8, 3, 3, 9, 4, 0, 6, 0, 4, 3, 8, 8, 5, 3, 2, 5, 8, 5, 5, 2, 5, 3, 7, 5, 8, 5, 9, 8, 4, 0, 3, 9, 9, 2, 0


Decimal expansion of 5th root of 94.
2, 4, 8, 0, 9, 9, 3, 1, 8, 1, 5, 8, 7, 0, 6, 9, 0, 3, 9, 1, 3, 9, 3, 1, 0, 1, 8, 7, 0, 8, 3, 4, 8, 6, 4, 2, 3, 5, 0, 8, 9, 8, 2, 9, 5, 6, 4, 7, 3, 4, 5, 0, 0, 1, 9, 1, 9, 0, 1, 4, 6, 8, 0, 9, 6, 3, 3, 4, 1, 6, 3, 3, 7, 9, 3, 5, 1, 6, 3, 7, 8, 3, 6, 4, 5, 4, 9, 8, 2, 5, 6, 6, 6, 6, 1, 1, 1, 9, 4


Decimal expansion of 5th root of 95.
2, 4, 8, 6, 2, 4, 9, 5, 7, 0, 2, 1, 2, 1, 0, 1, 9, 3, 8, 2, 5, 3, 5, 8, 1, 8, 8, 8, 7, 3, 9, 3, 2, 0, 9, 3, 5, 5, 0, 6, 1, 7, 0, 9, 4, 6, 8, 5, 7, 3, 4, 9, 1, 9, 8, 3, 5, 7, 9, 5, 8, 7, 7, 9, 4, 4, 9, 6, 4, 4, 3, 8, 9, 8, 0, 4, 9, 3, 1, 4, 5, 6, 5, 5, 3, 2, 7, 9, 8, 2, 6, 3, 1, 6, 1, 2, 3, 2, 1


Decimal expansion of 5th root of 96.
2, 4, 9, 1, 4, 6, 1, 8, 7, 9, 2, 3, 1, 0, 3, 4, 6, 5, 1, 9, 3, 3, 3, 6, 0, 6, 7, 3, 2, 8, 0, 6, 1, 0, 1, 6, 1, 8, 7, 8, 6, 1, 9, 9, 8, 6, 1, 3, 7, 5, 5, 9, 6, 2, 2, 0, 9, 2, 3, 4, 6, 0, 2, 8, 7, 2, 1, 4, 9, 3, 3, 0, 7, 5, 5, 0, 9, 8, 7, 1, 3, 3, 2, 1, 1, 7, 9, 0, 2, 8, 9, 1, 7, 6, 2, 4, 6, 8, 5


Decimal expansion of 5th root of 97.
2, 4, 9, 6, 6, 3, 0, 9, 3, 1, 7, 3, 2, 0, 8, 7, 0, 3, 7, 4, 2, 3, 6, 1, 7, 8, 6, 8, 1, 5, 5, 0, 8, 9, 7, 8, 6, 3, 5, 8, 2, 8, 1, 8, 2, 0, 1, 8, 5, 2, 8, 7, 1, 2, 5, 4, 4, 8, 1, 2, 5, 6, 9, 6, 1, 6, 5, 7, 3, 0, 4, 0, 2, 3, 6, 4, 7, 5, 7, 9, 0, 2, 1, 9, 6, 9, 0, 3, 7, 8, 4, 3, 3, 9, 0, 5, 6, 1, 7


Decimal expansion of 5th root of 98.
2, 5, 0, 1, 7, 5, 7, 5, 2, 7, 1, 4, 0, 8, 4, 3, 5, 1, 3, 0, 8, 7, 2, 4, 4, 8, 5, 4, 9, 2, 6, 2, 9, 8, 3, 7, 2, 0, 6, 0, 4, 5, 7, 4, 7, 0, 6, 8, 0, 9, 7, 7, 9, 7, 9, 9, 3, 2, 6, 1, 3, 5, 7, 8, 6, 5, 1, 7, 1, 6, 3, 9, 7, 0, 0, 6, 1, 1, 8, 9, 9, 7, 4, 2, 2, 8, 0, 0, 7, 9, 8, 8, 3, 3, 3, 9, 8, 2, 7


Decimal expansion of 5th root of 99.
2, 5, 0, 6, 8, 4, 2, 4, 4, 2, 1, 3, 4, 1, 0, 0, 2, 2, 3, 9, 3, 2, 2, 6, 1, 6, 5, 2, 3, 6, 8, 4, 9, 2, 9, 2, 1, 0, 4, 2, 9, 2, 0, 4, 6, 5, 9, 6, 3, 1, 4, 4, 0, 0, 2, 5, 6, 9, 5, 4, 3, 0, 9, 1, 0, 2, 8, 8, 4, 3, 8, 0, 7, 2, 5, 1, 0, 1, 1, 4, 1, 6, 3, 1, 7, 6, 5, 7, 8, 3, 3, 0, 0, 1, 3, 2, 9, 6, 5


A B_2 sequence: a(n) = least value such that sequence increases and pairwise sums of distinct elements are all distinct.
1, 2, 3, 5, 8, 13, 21, 30, 39, 53, 74, 95, 128, 152, 182, 212, 258, 316, 374, 413, 476, 531, 546, 608, 717, 798, 862, 965, 1060, 1161, 1307, 1386, 1435, 1556, 1722, 1834, 1934, 2058, 2261, 2497, 2699, 2874, 3061, 3197, 3332, 3629, 3712, 3868, 4140, 4447, 4640


Decimal expansion of 7th root of 4.
1, 2, 1, 9, 0, 1, 3, 6, 5, 4, 2, 0, 4, 4, 7, 5, 4, 4, 0, 9, 1, 1, 6, 9, 1, 0, 0, 2, 5, 9, 2, 5, 6, 0, 8, 5, 7, 2, 7, 7, 4, 1, 1, 9, 3, 5, 8, 5, 9, 9, 6, 0, 8, 0, 6, 5, 9, 0, 9, 7, 1, 5, 1, 4, 8, 3, 2, 0, 6, 7, 2, 9, 5, 4, 5, 9, 6, 6, 7, 9, 9, 3, 8, 1, 7, 2, 5, 8, 1, 4, 0, 3, 1, 3, 7, 0, 5, 1, 2


Number of ways to choose 2^n vectors in {0, 1, 2, 3}^n such that any two differ by at least 2 in at least one coordinate (2^n being maximal).
3, 79, 457645


Decimal expansion of 9th root of 4.
1, 1, 6, 6, 5, 2, 9, 0, 3, 9, 5, 7, 6, 1, 1, 6, 5, 8, 0, 8, 9, 3, 6, 9, 2, 6, 3, 4, 6, 6, 0, 6, 6, 8, 0, 6, 1, 4, 1, 7, 9, 0, 9, 1, 5, 3, 8, 9, 8, 8, 9, 8, 3, 5, 4, 9, 0, 9, 2, 6, 5, 7, 6, 1, 7, 7, 2, 3, 5, 4, 2, 2, 0, 4, 9, 0, 1, 7, 8, 1, 3, 9, 9, 4, 5, 0, 6, 2, 5, 4, 0, 8, 2, 7, 9, 4, 0, 2, 0


Coefficients in expansion of e as Sum a(n)/(n*n!*(n+1)!), n=1..inf, as found by greedy algorithm.
5, 5, 4, 7, 35, 12, 38, 70, 10, 82, 92, 118, 94, 121, 133, 184, 98, 306, 7, 420, 218, 248, 543, 182, 383, 444, 278, 627, 756, 359, 427, 588, 202, 884, 826, 1065, 355, 840, 284, 1153, 921, 1730, 1929, 1487, 901, 919, 2169, 473, 2193, 1908, 144


Decimal expansion of 11th root of 4.
1, 1, 3, 4, 3, 1, 2, 5, 2, 2, 1, 9, 5, 4, 6, 2, 5, 8, 0, 9, 9, 2, 4, 9, 7, 7, 3, 2, 9, 1, 7, 1, 1, 9, 1, 3, 8, 9, 3, 8, 3, 0, 1, 9, 2, 0, 7, 9, 6, 6, 9, 5, 9, 6, 2, 0, 1, 6, 1, 9, 2, 6, 6, 4, 3, 1, 8, 2, 8, 7, 1, 0, 5, 7, 7, 8, 0, 4, 9, 0, 0, 9, 0, 4, 8, 0, 3, 7, 0, 4, 8, 4, 1, 6, 3, 0, 1, 8, 1


Coefficients in expansion of Pi as Sum a(n)/(n*n!*(n+1)!), n=1..inf, as found by greedy algorithm.
6, 3, 7, 4, 18, 1, 21, 35, 76, 82, 56, 25, 98, 149, 111, 170, 166, 195, 113, 306, 221, 367, 533, 373, 360, 675, 7, 262, 194, 669, 776, 1083, 384, 617, 725, 752, 122, 1131, 514, 992, 1238, 600, 1380, 1306, 1991, 1983, 114, 2021, 534, 1660, 192


Decimal expansion of 13th root of 4.
1, 1, 1, 2, 5, 3, 1, 4, 7, 6, 0, 9, 6, 4, 8, 6, 9, 2, 0, 2, 6, 2, 0, 8, 8, 9, 7, 7, 1, 4, 9, 3, 9, 1, 3, 5, 3, 8, 4, 5, 0, 5, 3, 1, 7, 8, 1, 8, 0, 4, 8, 2, 0, 9, 7, 2, 1, 1, 8, 0, 4, 8, 4, 4, 0, 9, 0, 5, 5, 6, 2, 5, 2, 1, 0, 0, 5, 8, 2, 4, 1, 6, 2, 0, 0, 5, 8, 7, 7, 6, 8, 8, 8, 0, 4, 7, 1, 2, 5


Coefficients in expansion of sqrt(2) as Sum a(n)/(n*n!*(n+1)!), n=1..inf, as found by greedy algorithm.
2, 9, 16, 25, 2, 38, 16, 31, 93, 115, 112, 128, 117, 173, 254, 96, 15, 88, 235, 308, 13, 501, 151, 171, 301, 310, 348, 841, 493, 238, 982, 436, 306, 142, 1113, 151, 1361, 586, 1284, 1361, 368, 1685, 1340, 194, 897, 707, 1930, 782, 321, 2237, 27


Decimal expansion of 15th root of 4.
1, 0, 9, 6, 8, 2, 4, 9, 7, 9, 6, 9, 4, 6, 2, 5, 9, 6, 0, 6, 8, 1, 4, 7, 1, 7, 7, 8, 0, 2, 8, 8, 0, 3, 3, 8, 7, 8, 2, 7, 8, 4, 7, 3, 2, 1, 5, 2, 7, 1, 4, 2, 3, 5, 0, 0, 4, 2, 0, 2, 6, 5, 9, 0, 5, 1, 1, 5, 2, 5, 7, 1, 8, 7, 2, 8, 1, 1, 2, 0, 9, 9, 3, 2, 1, 9, 0, 9, 2, 2, 7, 1, 0, 3, 9, 4, 7, 6, 7


n*(n+1)*(2*n+1)*(3*n+1)/6.
0, 4, 35, 140, 390, 880, 1729, 3080, 5100, 7980, 11935, 17204, 24050, 32760, 43645, 57040, 73304, 92820, 115995, 143260, 175070, 211904, 254265, 302680, 357700, 419900, 489879, 568260, 655690, 752840, 860405, 979104, 1109680, 1252900, 1409555, 1580460, 1766454


Decimal expansion of 17th root of 4.
1, 0, 8, 4, 9, 6, 3, 9, 1, 3, 6, 4, 3, 6, 3, 7, 1, 2, 9, 6, 6, 7, 0, 7, 7, 5, 2, 3, 8, 7, 5, 4, 5, 4, 8, 4, 7, 6, 1, 1, 6, 8, 6, 3, 6, 9, 4, 7, 7, 6, 5, 0, 7, 7, 5, 2, 3, 8, 0, 6, 9, 2, 6, 4, 4, 3, 2, 3, 3, 2, 8, 8, 3, 7, 8, 7, 6, 0, 4, 3, 1, 9, 5, 6, 3, 5, 9, 3, 5, 9, 0, 3, 9, 9, 2, 5, 3, 6, 3


n*(n+1)*(2*n+1)*(3*n+1)*(4*n+1)/6.
0, 20, 315, 1820, 6630, 18480, 43225, 89320, 168300, 295260, 489335, 774180, 1178450, 1736280, 2487765, 3479440, 4764760, 6404580, 8467635, 11031020, 14180670, 18011840, 22629585, 28149240, 34696900, 42409900, 51437295, 61940340, 74092970, 88082280, 104109005


Decimal expansion of 19th root of 4.
1, 0, 7, 5, 6, 9, 0, 5, 8, 6, 2, 2, 0, 1, 8, 2, 4, 7, 4, 2, 3, 1, 4, 0, 0, 7, 7, 6, 4, 6, 4, 0, 9, 2, 1, 3, 5, 1, 3, 3, 7, 5, 9, 9, 0, 3, 3, 5, 5, 6, 4, 0, 1, 9, 9, 4, 2, 0, 4, 1, 2, 3, 7, 1, 6, 2, 2, 9, 0, 4, 9, 7, 7, 0, 6, 5, 5, 1, 5, 0, 6, 9, 2, 6, 0, 9, 4, 0, 0, 7, 5, 7, 1, 3, 2, 3, 0, 6, 7


(n+1)*(2*n+1)*(3*n+1).
1, 24, 105, 280, 585, 1056, 1729, 2640, 3825, 5320, 7161, 9384, 12025, 15120, 18705, 22816, 27489, 32760, 38665, 45240, 52521, 60544, 69345, 78960, 89425, 100776, 113049, 126280, 140505, 155760, 172081, 189504, 208065, 227800, 248745, 270936, 294409, 319200


Decimal expansion of 6th root of 5.
1, 3, 0, 7, 6, 6, 0, 4, 8, 6, 0, 1, 1, 8, 3, 0, 5, 9, 1, 2, 2, 9, 2, 3, 1, 6, 9, 4, 3, 4, 0, 2, 0, 3, 1, 2, 5, 1, 6, 1, 7, 8, 4, 5, 4, 9, 3, 2, 3, 5, 8, 9, 8, 1, 1, 0, 7, 5, 3, 6, 8, 9, 5, 9, 7, 4, 2, 4, 6, 9, 8, 2, 9, 1, 2, 3, 2, 4, 7, 0, 4, 4, 2, 5, 4, 3, 3, 9, 9, 2, 5, 9, 1, 6, 5, 0, 7, 0, 9


Decimal expansion of 7th root of 5.
1, 2, 5, 8, 4, 9, 8, 9, 5, 0, 6, 4, 1, 8, 2, 6, 7, 3, 4, 9, 9, 2, 7, 8, 7, 1, 7, 1, 1, 7, 7, 7, 1, 3, 8, 9, 4, 8, 1, 8, 6, 8, 0, 4, 8, 1, 5, 0, 6, 7, 1, 8, 1, 9, 6, 7, 0, 7, 4, 7, 2, 5, 7, 8, 5, 6, 2, 5, 5, 8, 2, 5, 4, 5, 9, 2, 3, 4, 8, 5, 7, 1, 1, 5, 6, 4, 5, 9, 3, 6, 3, 4, 7, 8, 8, 6, 4, 9, 2


Decimal expansion of 8th root of 5.
1, 2, 2, 2, 8, 4, 4, 5, 4, 4, 9, 9, 3, 8, 5, 1, 8, 4, 1, 9, 4, 1, 1, 4, 4, 3, 6, 4, 4, 6, 7, 6, 0, 1, 5, 3, 1, 4, 2, 2, 4, 2, 1, 5, 5, 2, 3, 5, 4, 0, 8, 0, 2, 3, 3, 9, 8, 5, 8, 2, 5, 1, 6, 9, 8, 5, 1, 6, 5, 2, 9, 7, 5, 6, 9, 3, 6, 5, 4, 7, 5, 2, 6, 4, 1, 7, 1, 7, 4, 0, 4, 6, 0, 2, 4, 8, 7, 0, 8


Decimal expansion of 9th root of 5.
1, 1, 9, 5, 8, 1, 3, 1, 7, 4, 5, 0, 0, 4, 0, 1, 9, 4, 1, 4, 6, 0, 0, 4, 8, 4, 0, 0, 2, 5, 3, 5, 9, 5, 6, 2, 2, 3, 4, 3, 9, 4, 8, 2, 6, 4, 2, 7, 7, 8, 9, 6, 9, 7, 2, 4, 4, 5, 6, 9, 7, 9, 1, 7, 0, 1, 9, 5, 2, 2, 0, 3, 0, 3, 3, 0, 5, 6, 9, 5, 3, 0, 4, 9, 3, 4, 7, 9, 2, 5, 0, 3, 7, 5, 0, 4, 3, 1, 5


Decimal expansion of 10th root of 5.
1, 1, 7, 4, 6, 1, 8, 9, 4, 3, 0, 8, 8, 0, 1, 9, 0, 0, 5, 9, 1, 4, 4, 6, 3, 6, 6, 5, 6, 9, 1, 8, 9, 8, 9, 0, 1, 6, 7, 3, 7, 2, 3, 0, 1, 8, 7, 5, 7, 3, 7, 4, 6, 6, 9, 6, 8, 1, 5, 8, 6, 2, 1, 9, 3, 7, 1, 7, 3, 3, 3, 1, 0, 8, 4, 3, 8, 0, 2, 0, 7, 8, 5, 8, 8, 3, 0, 3, 4, 6, 7, 0, 8, 8, 5, 4, 9, 7, 8


Decimal expansion of 11th root of 5.
1, 1, 5, 7, 5, 5, 7, 9, 1, 1, 7, 7, 0, 6, 5, 4, 5, 6, 8, 6, 4, 2, 7, 2, 5, 7, 8, 0, 4, 7, 9, 1, 2, 7, 3, 2, 3, 2, 0, 4, 6, 5, 5, 3, 4, 7, 5, 1, 5, 2, 3, 6, 6, 4, 3, 4, 5, 7, 7, 5, 6, 7, 8, 8, 0, 4, 5, 7, 1, 2, 8, 9, 8, 9, 9, 0, 5, 8, 4, 2, 1, 3, 1, 2, 8, 7, 3, 6, 7, 0, 6, 8, 7, 2, 5, 5, 4, 4, 9


Decimal expansion of 12th root of 5.
1, 1, 4, 3, 5, 2, 9, 8, 3, 6, 0, 8, 2, 9, 2, 0, 3, 0, 9, 2, 2, 6, 7, 8, 7, 8, 1, 6, 2, 5, 5, 0, 7, 8, 8, 9, 7, 8, 7, 4, 8, 3, 3, 8, 9, 5, 3, 0, 8, 8, 4, 1, 3, 5, 2, 7, 1, 9, 8, 5, 0, 2, 0, 7, 6, 6, 9, 9, 1, 3, 5, 6, 3, 2, 1, 5, 3, 6, 3, 0, 4, 2, 1, 1, 2, 2, 3, 6, 7, 1, 3, 8, 5, 3, 7, 9, 3, 4, 5


Decimal expansion of 13th root of 5.
1, 1, 3, 1, 7, 9, 2, 7, 9, 1, 1, 5, 2, 7, 8, 6, 6, 3, 2, 6, 0, 5, 7, 8, 2, 2, 7, 7, 6, 4, 2, 9, 7, 9, 7, 9, 0, 1, 7, 9, 8, 6, 6, 9, 6, 3, 6, 2, 9, 4, 7, 9, 0, 0, 7, 9, 3, 0, 9, 8, 2, 3, 7, 0, 2, 5, 1, 3, 6, 1, 9, 7, 5, 4, 1, 8, 7, 4, 4, 2, 8, 5, 4, 5, 8, 6, 5, 4, 7, 2, 0, 8, 6, 9, 1, 7, 0, 3, 3


Decimal expansion of 14th root of 5.
1, 1, 2, 1, 8, 2, 8, 3, 9, 6, 2, 5, 4, 0, 0, 2, 2, 7, 0, 2, 9, 3, 8, 7, 3, 9, 0, 2, 7, 3, 5, 1, 5, 2, 2, 4, 7, 8, 1, 1, 0, 5, 5, 9, 6, 6, 2, 2, 7, 6, 1, 3, 2, 0, 2, 5, 6, 0, 0, 3, 6, 4, 7, 2, 7, 1, 0, 7, 0, 4, 1, 5, 9, 3, 5, 3, 3, 8, 4, 9, 3, 5, 0, 1, 6, 9, 5, 6, 4, 0, 6, 5, 5, 4, 2, 6, 7, 4, 4


Decimal expansion of 15th root of 5.
1, 1, 1, 3, 2, 6, 3, 5, 7, 6, 8, 4, 4, 8, 0, 3, 3, 9, 4, 1, 4, 5, 9, 8, 7, 2, 8, 1, 9, 4, 0, 2, 3, 0, 5, 5, 6, 7, 5, 7, 9, 2, 2, 2, 1, 3, 8, 6, 4, 3, 1, 1, 9, 0, 7, 3, 4, 6, 2, 1, 0, 7, 9, 0, 3, 1, 0, 5, 9, 1, 6, 8, 8, 1, 1, 6, 1, 3, 7, 0, 0, 9, 3, 7, 5, 4, 6, 6, 4, 2, 4, 2, 2, 4, 7, 0, 2, 9, 3


Decimal expansion of 16th root of 5.
1, 1, 0, 5, 8, 2, 3, 0, 1, 7, 0, 3, 0, 2, 3, 5, 1, 9, 6, 7, 3, 2, 3, 1, 3, 1, 7, 6, 9, 0, 4, 2, 2, 0, 5, 8, 2, 8, 9, 0, 9, 6, 6, 9, 9, 0, 1, 4, 7, 5, 0, 3, 2, 7, 6, 4, 1, 8, 0, 6, 5, 3, 9, 1, 8, 5, 5, 3, 4, 5, 3, 4, 5, 1, 8, 3, 9, 9, 3, 4, 6, 0, 0, 1, 3, 4, 6, 6, 1, 1, 2, 8, 2, 6, 2, 5, 6, 1, 1


Decimal expansion of 17th root of 5.
1, 0, 9, 9, 2, 9, 9, 1, 2, 5, 8, 1, 0, 3, 7, 9, 5, 3, 3, 4, 7, 8, 4, 2, 2, 2, 4, 2, 4, 8, 0, 9, 4, 1, 6, 7, 8, 2, 4, 3, 1, 5, 3, 9, 7, 7, 1, 2, 3, 9, 0, 3, 2, 5, 7, 3, 4, 2, 7, 2, 4, 7, 8, 4, 2, 9, 8, 9, 4, 7, 8, 2, 5, 3, 6, 4, 6, 6, 7, 2, 8, 2, 6, 6, 5, 4, 2, 2, 7, 7, 5, 1, 5, 6, 2, 1, 0, 2, 6


Decimal expansion of 18th root of 5.
1, 0, 9, 3, 5, 3, 2, 4, 2, 9, 5, 6, 0, 4, 5, 9, 7, 8, 5, 0, 2, 2, 9, 5, 2, 0, 8, 5, 5, 0, 4, 9, 2, 0, 1, 0, 8, 5, 5, 9, 7, 8, 1, 5, 3, 3, 9, 5, 8, 3, 7, 1, 6, 0, 5, 0, 6, 9, 4, 4, 9, 9, 5, 0, 8, 2, 4, 9, 8, 6, 8, 9, 1, 5, 2, 0, 1, 2, 9, 9, 9, 1, 5, 0, 5, 5, 1, 4, 4, 1, 0, 1, 4, 3, 2, 0, 4, 7, 6


Decimal expansion of 19th root of 5.
1, 0, 8, 8, 3, 9, 8, 4, 0, 0, 7, 3, 0, 3, 8, 7, 2, 4, 2, 0, 7, 5, 6, 9, 1, 6, 8, 0, 2, 9, 2, 1, 5, 5, 7, 2, 7, 6, 3, 6, 0, 9, 1, 8, 6, 6, 3, 1, 5, 2, 2, 2, 4, 8, 9, 9, 1, 9, 1, 0, 8, 7, 7, 6, 9, 7, 6, 5, 7, 1, 1, 9, 1, 8, 0, 9, 1, 0, 4, 6, 9, 2, 8, 3, 5, 0, 2, 4, 7, 4, 9, 6, 8, 1, 3, 7, 5, 8, 8


Decimal expansion of 20th root of 5.
1, 0, 8, 3, 7, 9, 8, 3, 8, 6, 7, 3, 4, 3, 6, 8, 1, 3, 9, 8, 3, 9, 2, 3, 3, 4, 8, 4, 9, 2, 6, 4, 8, 6, 5, 5, 5, 4, 7, 3, 3, 8, 7, 2, 8, 4, 3, 3, 5, 9, 7, 0, 5, 6, 7, 2, 7, 7, 1, 1, 6, 9, 8, 6, 5, 7, 6, 4, 5, 8, 8, 6, 5, 6, 1, 5, 7, 5, 0, 3, 1, 2, 5, 1, 0, 8, 5, 0, 0, 6, 8, 4, 3, 2, 1, 2, 1, 7, 9


Decimal expansion of 6th root of 6.
1, 3, 4, 8, 0, 0, 6, 1, 5, 4, 5, 9, 7, 2, 7, 7, 6, 6, 7, 3, 7, 4, 2, 3, 6, 3, 1, 3, 9, 0, 3, 0, 7, 8, 6, 7, 5, 5, 3, 6, 4, 9, 7, 8, 3, 0, 2, 6, 6, 4, 6, 2, 2, 8, 4, 6, 6, 6, 3, 0, 1, 8, 8, 3, 3, 6, 7, 2, 7, 5, 7, 7, 8, 7, 7, 6, 5, 5, 4, 8, 1, 4, 9, 2, 6, 8, 6, 8, 0, 2, 3, 8, 4, 2, 4, 1, 3, 5, 8


Decimal expansion of 7th root of 6.
1, 2, 9, 1, 7, 0, 8, 3, 4, 2, 0, 9, 0, 7, 4, 6, 6, 0, 6, 8, 2, 7, 5, 0, 9, 7, 5, 5, 3, 6, 5, 4, 7, 7, 9, 8, 1, 9, 0, 7, 0, 6, 8, 7, 3, 3, 4, 5, 9, 7, 3, 7, 3, 6, 2, 8, 1, 1, 4, 5, 6, 0, 7, 1, 9, 0, 8, 5, 0, 5, 1, 7, 8, 4, 9, 0, 8, 8, 1, 2, 1, 6, 6, 6, 9, 3, 4, 0, 3, 4, 4, 4, 0, 9, 5, 0, 8, 6, 7


Decimal expansion of 8th root of 6.
1, 2, 5, 1, 0, 3, 3, 4, 0, 4, 8, 5, 9, 0, 7, 3, 8, 2, 3, 6, 7, 8, 0, 4, 3, 7, 1, 7, 7, 7, 9, 8, 4, 7, 2, 5, 2, 8, 8, 8, 5, 6, 1, 0, 6, 1, 8, 6, 1, 1, 5, 2, 4, 2, 3, 8, 5, 8, 8, 7, 9, 6, 6, 2, 6, 3, 3, 3, 1, 4, 6, 0, 5, 0, 4, 5, 4, 0, 0, 3, 9, 1, 1, 7, 7, 6, 7, 3, 0, 4, 4, 3, 7, 5, 6, 5, 8, 5, 0


Decimal expansion of 9th root of 6.
1, 2, 2, 0, 2, 8, 4, 9, 3, 5, 8, 7, 2, 8, 1, 0, 4, 5, 6, 0, 5, 7, 9, 5, 4, 8, 5, 1, 0, 1, 1, 8, 3, 8, 3, 2, 4, 0, 1, 7, 3, 5, 8, 4, 6, 9, 3, 2, 6, 1, 3, 2, 5, 0, 7, 0, 1, 9, 7, 3, 6, 0, 1, 4, 7, 6, 3, 2, 7, 7, 5, 9, 7, 0, 5, 7, 7, 3, 2, 4, 7, 4, 2, 8, 9, 1, 2, 0, 0, 9, 8, 4, 8, 9, 7, 6, 6, 4, 5


Decimal expansion of 10th root of 6.
1, 1, 9, 6, 2, 3, 1, 1, 9, 8, 8, 5, 1, 3, 1, 5, 4, 8, 9, 7, 3, 3, 8, 1, 9, 1, 4, 3, 4, 1, 3, 7, 7, 3, 6, 7, 1, 5, 3, 7, 5, 4, 9, 9, 1, 7, 4, 1, 1, 5, 8, 7, 1, 1, 5, 7, 5, 5, 6, 7, 5, 7, 6, 1, 7, 8, 5, 2, 8, 5, 5, 7, 0, 5, 6, 6, 2, 9, 9, 4, 1, 7, 6, 8, 2, 0, 2, 4, 4, 6, 8, 9, 9, 3, 4, 9, 0, 2, 9


Decimal expansion of 11th root of 6.
1, 1, 7, 6, 9, 0, 3, 9, 5, 6, 2, 4, 2, 8, 5, 2, 7, 0, 8, 9, 2, 5, 3, 2, 6, 4, 2, 1, 6, 8, 1, 7, 9, 7, 8, 5, 2, 8, 3, 1, 9, 3, 7, 8, 1, 2, 9, 3, 8, 4, 4, 4, 3, 1, 3, 4, 0, 3, 0, 2, 7, 0, 1, 8, 9, 6, 9, 9, 7, 9, 2, 8, 9, 8, 5, 4, 3, 0, 0, 5, 2, 0, 3, 9, 5, 4, 6, 1, 6, 0, 4, 3, 9, 3, 9, 4, 6, 9, 8


Decimal expansion of 12th root of 6.
1, 1, 6, 1, 0, 3, 6, 6, 7, 2, 3, 7, 3, 9, 9, 4, 2, 5, 1, 9, 3, 7, 9, 6, 3, 1, 6, 7, 7, 2, 1, 7, 3, 4, 9, 8, 1, 0, 3, 8, 2, 9, 3, 8, 6, 4, 0, 5, 2, 9, 1, 7, 2, 3, 0, 3, 5, 1, 6, 7, 8, 8, 3, 5, 9, 6, 5, 6, 1, 5, 7, 3, 0, 2, 0, 1, 3, 7, 4, 6, 1, 7, 4, 6, 7, 1, 0, 2, 0, 1, 9, 3, 8, 3, 0, 6, 8, 9, 0


Decimal expansion of 13th root of 6.
1, 1, 4, 7, 7, 7, 7, 7, 1, 5, 4, 3, 4, 7, 9, 8, 6, 0, 3, 0, 5, 8, 7, 6, 5, 7, 4, 2, 5, 3, 2, 6, 0, 1, 6, 4, 1, 2, 2, 7, 3, 9, 2, 4, 5, 7, 1, 1, 5, 2, 7, 2, 4, 5, 0, 6, 3, 0, 6, 2, 9, 1, 9, 0, 7, 6, 6, 8, 1, 5, 4, 8, 9, 9, 3, 1, 9, 6, 8, 7, 1, 7, 3, 2, 6, 2, 7, 0, 0, 9, 4, 6, 1, 0, 9, 7, 5, 6, 4


Decimal expansion of 14th root of 6.
1, 1, 3, 6, 5, 3, 3, 4, 7, 6, 0, 0, 9, 7, 2, 4, 3, 2, 0, 1, 7, 8, 0, 6, 0, 1, 1, 0, 6, 3, 8, 8, 1, 4, 3, 7, 0, 8, 6, 9, 0, 8, 5, 1, 0, 0, 1, 9, 6, 8, 9, 5, 2, 2, 3, 2, 0, 2, 0, 3, 9, 1, 2, 3, 2, 5, 6, 3, 3, 2, 3, 5, 4, 5, 4, 3, 1, 8, 1, 0, 9, 1, 7, 6, 7, 0, 4, 0, 0, 5, 6, 9, 8, 8, 2, 9, 7, 4, 4


Decimal expansion of 15th root of 6.
1, 1, 2, 6, 8, 7, 7, 6, 1, 0, 1, 9, 0, 8, 2, 6, 4, 2, 4, 8, 3, 0, 0, 9, 1, 3, 9, 0, 1, 5, 3, 1, 0, 5, 7, 3, 9, 4, 6, 5, 0, 2, 8, 5, 8, 3, 5, 9, 1, 9, 6, 2, 3, 9, 1, 8, 0, 3, 5, 1, 7, 7, 0, 5, 7, 0, 3, 0, 3, 1, 8, 5, 2, 5, 0, 2, 2, 8, 7, 1, 9, 9, 3, 2, 6, 5, 2, 0, 1, 7, 1, 2, 5, 8, 0, 5, 3, 1, 2


Decimal expansion of 16th root of 6.
1, 1, 1, 8, 4, 9, 6, 0, 4, 5, 9, 7, 3, 8, 2, 1, 8, 5, 9, 9, 2, 8, 7, 5, 5, 8, 0, 6, 5, 9, 9, 5, 4, 2, 3, 1, 6, 1, 0, 4, 6, 3, 6, 8, 2, 0, 5, 6, 7, 5, 7, 7, 3, 4, 8, 5, 6, 3, 5, 1, 5, 0, 1, 6, 7, 9, 9, 7, 8, 7, 0, 0, 4, 7, 9, 7, 5, 2, 6, 0, 0, 4, 6, 4, 1, 1, 0, 1, 2, 1, 5, 6, 8, 3, 4, 4, 4, 1, 8


Decimal expansion of 17th root of 6.
1, 1, 1, 1, 1, 5, 2, 3, 3, 4, 2, 9, 7, 0, 4, 2, 5, 1, 8, 7, 6, 3, 3, 1, 7, 4, 9, 3, 8, 3, 1, 8, 3, 9, 1, 0, 1, 1, 0, 9, 2, 2, 8, 7, 4, 1, 7, 9, 4, 6, 7, 7, 4, 7, 1, 7, 8, 4, 5, 8, 5, 7, 3, 0, 3, 4, 9, 6, 4, 3, 3, 6, 9, 0, 3, 1, 5, 0, 6, 7, 0, 2, 1, 0, 6, 6, 2, 4, 7, 8, 3, 0, 4, 9, 3, 0, 5, 9, 4


Decimal expansion of 18th root of 6.
1, 1, 0, 4, 6, 6, 5, 0, 7, 8, 5, 9, 7, 4, 9, 5, 2, 9, 4, 2, 7, 0, 9, 7, 2, 7, 9, 1, 7, 8, 0, 3, 7, 0, 7, 1, 6, 2, 0, 1, 0, 5, 3, 5, 8, 5, 9, 5, 8, 3, 8, 8, 6, 5, 3, 1, 3, 5, 0, 5, 3, 3, 6, 7, 3, 9, 7, 8, 1, 5, 4, 1, 5, 5, 2, 2, 8, 5, 3, 7, 2, 2, 2, 9, 7, 7, 4, 1, 6, 5, 2, 4, 8, 3, 6, 7, 2, 2, 3


Decimal expansion of 19th root of 6.
1, 0, 9, 8, 8, 9, 2, 8, 0, 2, 7, 6, 5, 5, 2, 4, 7, 0, 5, 4, 7, 1, 1, 1, 2, 8, 4, 8, 2, 5, 3, 5, 2, 5, 8, 4, 1, 7, 5, 6, 4, 9, 6, 2, 5, 8, 3, 4, 2, 1, 1, 5, 6, 3, 6, 1, 9, 9, 7, 0, 8, 9, 7, 0, 0, 0, 1, 2, 0, 6, 7, 8, 6, 3, 6, 9, 0, 4, 1, 6, 6, 1, 2, 5, 1, 4, 0, 7, 3, 8, 9, 4, 7, 4, 8, 5, 6, 0, 3


Decimal expansion of 20th root of 6.
1, 0, 9, 3, 7, 2, 3, 5, 4, 7, 7, 2, 6, 4, 4, 2, 3, 8, 3, 2, 5, 3, 4, 0, 7, 5, 4, 8, 3, 4, 5, 8, 9, 0, 6, 5, 3, 0, 6, 6, 5, 4, 7, 4, 9, 3, 5, 1, 8, 8, 2, 3, 4, 4, 0, 6, 4, 9, 4, 0, 7, 6, 0, 7, 7, 6, 4, 9, 5, 9, 0, 5, 0, 2, 3, 1, 7, 3, 1, 2, 2, 8, 1, 7, 6, 8, 4, 3, 3, 0, 2, 6, 2, 6, 9, 8, 4, 3, 1


Decimal expansion of 6th root of 7.
1, 3, 8, 3, 0, 8, 7, 5, 5, 4, 2, 6, 8, 4, 8, 8, 4, 9, 2, 6, 4, 0, 6, 5, 8, 5, 1, 3, 5, 3, 4, 8, 2, 2, 5, 9, 0, 8, 7, 7, 0, 4, 2, 7, 3, 6, 2, 1, 0, 2, 5, 1, 1, 4, 8, 7, 1, 9, 0, 8, 4, 2, 9, 2, 5, 3, 9, 7, 5, 8, 7, 5, 9, 4, 5, 4, 9, 0, 7, 9, 5, 4, 8, 5, 5, 1, 4, 6, 4, 7, 8, 4, 7, 3, 3, 4, 4, 4, 7


Decimal expansion of 7th root of 7.
1, 3, 2, 0, 4, 6, 9, 2, 4, 7, 7, 5, 6, 1, 2, 3, 7, 9, 1, 8, 0, 9, 3, 2, 7, 3, 3, 1, 5, 0, 0, 2, 6, 3, 0, 8, 2, 7, 3, 6, 6, 0, 0, 1, 5, 1, 9, 7, 3, 3, 5, 8, 2, 5, 1, 8, 0, 2, 6, 6, 1, 2, 8, 8, 3, 5, 4, 6, 7, 1, 7, 4, 3, 6, 5, 2, 8, 9, 1, 9, 8, 5, 5, 3, 3, 7, 2, 8, 8, 2, 4, 0, 9, 4, 6, 7, 3, 2, 4


Decimal expansion of 8th root of 7.
1, 2, 7, 5, 3, 7, 3, 1, 0, 6, 8, 5, 8, 4, 5, 4, 0, 8, 5, 3, 8, 6, 0, 0, 9, 7, 5, 0, 4, 5, 8, 7, 9, 2, 2, 7, 3, 4, 5, 3, 7, 0, 4, 7, 5, 5, 3, 9, 6, 7, 7, 0, 4, 2, 7, 5, 5, 2, 3, 6, 1, 3, 2, 2, 9, 6, 9, 5, 0, 6, 9, 6, 1, 9, 3, 9, 9, 3, 9, 9, 4, 8, 3, 6, 1, 6, 7, 6, 0, 1, 4, 9, 0, 8, 0, 5, 7, 2, 1


Decimal expansion of 9th root of 7.
1, 2, 4, 1, 3, 6, 5, 8, 1, 7, 0, 1, 5, 2, 0, 8, 6, 7, 7, 5, 7, 6, 6, 2, 6, 3, 9, 1, 2, 9, 5, 0, 9, 3, 6, 2, 2, 9, 6, 7, 5, 9, 6, 7, 0, 0, 5, 5, 1, 5, 3, 2, 4, 2, 2, 3, 7, 5, 0, 8, 9, 4, 2, 3, 8, 6, 0, 1, 8, 6, 8, 2, 3, 3, 8, 1, 3, 9, 6, 9, 3, 0, 4, 5, 7, 9, 6, 0, 3, 6, 5, 9, 4, 2, 8, 0, 5, 9, 7


Decimal expansion of 10th root of 7.
1, 2, 1, 4, 8, 1, 4, 0, 4, 4, 0, 3, 9, 0, 6, 6, 9, 3, 9, 3, 9, 8, 7, 4, 7, 3, 8, 1, 4, 0, 5, 0, 9, 1, 2, 9, 0, 7, 1, 8, 3, 8, 8, 0, 3, 5, 0, 6, 4, 1, 2, 7, 5, 4, 3, 5, 5, 6, 2, 5, 1, 1, 8, 0, 5, 9, 5, 0, 3, 3, 6, 5, 8, 2, 2, 3, 7, 1, 7, 4, 7, 9, 9, 0, 9, 7, 2, 5, 9, 8, 4, 6, 9, 0, 0, 0, 9, 2, 1


Decimal expansion of 11th root of 7.
1, 1, 9, 3, 5, 1, 2, 8, 3, 7, 1, 6, 9, 6, 2, 0, 2, 5, 0, 8, 1, 7, 6, 2, 7, 5, 5, 4, 0, 3, 5, 8, 5, 8, 6, 9, 2, 3, 7, 4, 8, 0, 9, 3, 2, 4, 8, 4, 6, 6, 1, 4, 5, 5, 8, 1, 6, 2, 2, 4, 5, 1, 8, 6, 6, 9, 4, 7, 8, 4, 0, 6, 3, 0, 7, 1, 0, 1, 6, 2, 4, 9, 1, 6, 1, 8, 0, 8, 9, 5, 3, 1, 1, 7, 3, 4, 6, 6, 3


Decimal expansion of 12th root of 7.
1, 1, 7, 6, 0, 4, 7, 4, 2, 8, 5, 7, 9, 5, 1, 4, 5, 9, 9, 4, 3, 3, 6, 6, 3, 8, 8, 7, 3, 1, 1, 3, 8, 0, 8, 9, 8, 7, 3, 7, 4, 0, 4, 5, 7, 2, 4, 7, 7, 8, 7, 9, 6, 2, 6, 6, 4, 2, 7, 1, 2, 2, 4, 1, 7, 2, 4, 4, 6, 4, 6, 0, 0, 4, 5, 7, 2, 2, 8, 7, 1, 9, 8, 6, 0, 4, 6, 9, 3, 8, 8, 0, 7, 4, 1, 4, 7, 3, 4


Decimal expansion of 13th root of 7.
1, 1, 6, 1, 4, 6, 8, 7, 8, 2, 6, 1, 3, 1, 0, 5, 6, 5, 9, 5, 0, 6, 5, 9, 7, 7, 8, 4, 8, 5, 9, 2, 4, 0, 8, 6, 5, 7, 9, 8, 3, 4, 7, 6, 2, 4, 1, 7, 5, 9, 4, 9, 1, 7, 1, 8, 8, 9, 7, 4, 0, 2, 5, 9, 1, 2, 4, 2, 9, 0, 6, 9, 6, 1, 4, 2, 0, 1, 0, 5, 3, 8, 6, 7, 7, 4, 6, 5, 3, 8, 4, 8, 6, 2, 6, 7, 0, 4, 3


Decimal expansion of 14th root of 7.
1, 1, 4, 9, 1, 1, 6, 7, 2, 5, 0, 3, 5, 4, 1, 7, 7, 1, 0, 4, 1, 9, 3, 1, 0, 5, 0, 0, 1, 0, 9, 9, 5, 0, 5, 1, 3, 1, 5, 3, 9, 5, 3, 2, 9, 6, 4, 7, 3, 1, 7, 8, 4, 0, 4, 0, 8, 3, 7, 2, 2, 9, 1, 0, 9, 9, 5, 8, 4, 3, 5, 7, 4, 0, 3, 0, 1, 0, 8, 7, 6, 3, 0, 3, 1, 3, 3, 9, 5, 7, 9, 2, 1, 5, 4, 8, 6, 3, 5


Decimal expansion of 15th root of 7.
1, 1, 3, 8, 5, 1, 7, 9, 1, 6, 4, 2, 9, 3, 6, 4, 2, 9, 7, 1, 7, 0, 6, 7, 4, 1, 3, 3, 9, 4, 9, 5, 8, 1, 1, 8, 7, 6, 1, 5, 1, 3, 3, 9, 3, 5, 7, 3, 4, 6, 9, 1, 8, 7, 2, 7, 7, 2, 1, 2, 7, 0, 7, 5, 1, 0, 3, 1, 2, 7, 1, 6, 2, 5, 8, 5, 9, 4, 8, 8, 1, 8, 7, 9, 6, 4, 4, 2, 5, 8, 0, 4, 6, 1, 8, 4, 1, 2, 5


Decimal expansion of 16th root of 7.
1, 1, 2, 9, 3, 2, 4, 1, 8, 1, 4, 7, 2, 4, 6, 5, 4, 5, 4, 1, 7, 0, 0, 5, 7, 3, 6, 8, 6, 1, 7, 8, 2, 1, 9, 2, 4, 4, 5, 7, 9, 5, 8, 6, 6, 2, 4, 0, 9, 6, 1, 4, 3, 2, 8, 3, 3, 3, 1, 6, 9, 9, 5, 2, 6, 6, 8, 5, 9, 5, 1, 0, 8, 5, 8, 6, 0, 7, 8, 7, 8, 9, 3, 1, 6, 4, 4, 2, 3, 5, 1, 7, 7, 8, 4, 9, 5, 2, 5


Decimal expansion of 17th root of 7.
1, 1, 2, 1, 2, 7, 3, 7, 3, 5, 4, 2, 5, 9, 4, 5, 5, 3, 9, 7, 9, 0, 5, 1, 8, 1, 8, 0, 4, 6, 2, 8, 9, 2, 2, 3, 2, 8, 1, 8, 3, 9, 3, 5, 0, 5, 4, 7, 1, 6, 8, 9, 1, 0, 1, 9, 9, 8, 2, 8, 3, 0, 9, 7, 7, 0, 3, 8, 2, 4, 6, 1, 8, 6, 5, 0, 6, 9, 0, 9, 3, 7, 4, 3, 4, 7, 7, 2, 8, 8, 1, 0, 4, 2, 1, 8, 8, 1, 5


Decimal expansion of 18th root of 7.
1, 1, 1, 4, 1, 6, 5, 9, 7, 3, 7, 2, 8, 8, 7, 3, 4, 2, 9, 7, 2, 4, 3, 5, 6, 6, 5, 7, 7, 3, 8, 7, 0, 6, 1, 0, 7, 2, 7, 8, 0, 2, 3, 9, 7, 1, 7, 8, 0, 0, 0, 7, 4, 2, 2, 0, 9, 5, 1, 0, 5, 8, 4, 1, 3, 9, 2, 2, 9, 4, 0, 7, 8, 6, 7, 4, 2, 4, 8, 2, 3, 5, 1, 3, 9, 7, 7, 8, 5, 2, 5, 5, 1, 6, 0, 3, 6, 0, 2


Decimal expansion of 19th root of 7.
1, 1, 0, 7, 8, 4, 4, 5, 9, 7, 6, 2, 1, 8, 0, 1, 1, 3, 5, 8, 9, 7, 1, 7, 0, 5, 4, 5, 5, 9, 7, 7, 9, 1, 4, 2, 5, 8, 9, 8, 2, 1, 1, 0, 6, 0, 2, 8, 1, 7, 4, 3, 8, 4, 2, 5, 8, 8, 5, 4, 6, 4, 6, 3, 1, 9, 4, 3, 3, 4, 5, 0, 7, 5, 9, 8, 0, 8, 8, 5, 1, 6, 1, 7, 5, 4, 5, 0, 3, 8, 2, 2, 9, 2, 8, 7, 6, 4, 8


Decimal expansion of 20th root of 7.
1, 1, 0, 2, 1, 8, 6, 0, 2, 9, 6, 8, 7, 8, 5, 0, 3, 5, 2, 8, 5, 7, 9, 9, 7, 1, 1, 1, 0, 6, 5, 8, 2, 1, 7, 9, 1, 6, 2, 1, 9, 8, 9, 3, 2, 3, 6, 3, 4, 3, 6, 7, 8, 0, 3, 2, 7, 8, 7, 9, 3, 5, 8, 3, 4, 3, 5, 4, 8, 3, 7, 5, 8, 1, 8, 4, 9, 5, 3, 8, 8, 3, 2, 4, 5, 0, 2, 3, 4, 5, 1, 5, 3, 9, 7, 0, 2, 4, 3


(n+1)*(2*n+1)*(3*n+1)*(4*n+1).
1, 120, 945, 3640, 9945, 22176, 43225, 76560, 126225, 196840, 293601, 422280, 589225, 801360, 1066185, 1391776, 1786785, 2260440, 2822545, 3483480, 4254201, 5146240, 6171705, 7343280, 8674225, 10178376


Decimal expansion of 7th root of 8.
1, 3, 4, 5, 9, 0, 0, 1, 9, 2, 6, 3, 2, 3, 5, 6, 1, 3, 1, 9, 4, 2, 8, 3, 2, 6, 0, 3, 7, 5, 0, 9, 4, 1, 9, 0, 4, 3, 6, 6, 2, 4, 7, 0, 2, 6, 7, 7, 7, 4, 7, 6, 7, 2, 3, 2, 5, 0, 2, 8, 3, 1, 3, 1, 8, 8, 8, 5, 0, 0, 2, 0, 8, 2, 9, 3, 5, 4, 8, 7, 5, 2, 9, 3, 3, 9, 8, 8, 1, 9, 5, 3, 8, 7, 7, 1, 9, 8, 0


Decimal expansion of 8th root of 8.
1, 2, 9, 6, 8, 3, 9, 5, 5, 4, 6, 5, 1, 0, 0, 9, 6, 6, 5, 9, 3, 3, 7, 5, 4, 1, 1, 7, 7, 9, 2, 4, 5, 1, 1, 5, 9, 8, 3, 5, 3, 4, 5, 1, 4, 9, 4, 2, 4, 9, 6, 5, 5, 1, 2, 8, 0, 7, 7, 9, 0, 5, 2, 2, 6, 2, 9, 0, 1, 4, 6, 2, 5, 6, 4, 7, 3, 4, 4, 3, 5, 5, 6, 1, 4, 5, 9, 5, 9, 0, 7, 5, 7, 2, 3, 9, 5, 5, 0


Twice <a href="/A000364" title="Euler (or secant or &quot;Zig&quot;) numbers: e.g.f. (even powers only) sec(x) = 1/cos(x).">A000364</a>.
2, 2, 10, 122, 2770, 101042, 5405530, 398721962, 38783024290, 4809759350882, 740742376475050, 138697748786275802, 31029068327114173810, 8174145018586247784722


Decimal expansion of 10th root of 8.
1, 2, 3, 1, 1, 4, 4, 4, 1, 3, 3, 4, 4, 9, 1, 6, 2, 8, 4, 4, 9, 9, 3, 9, 3, 0, 6, 9, 1, 6, 7, 7, 4, 3, 1, 0, 9, 8, 7, 6, 1, 3, 7, 7, 6, 1, 1, 0, 0, 8, 1, 7, 7, 9, 4, 3, 3, 7, 0, 6, 5, 5, 3, 8, 2, 4, 6, 1, 0, 0, 7, 1, 9, 7, 1, 9, 3, 5, 8, 4, 5, 8, 4, 0, 4, 0, 2, 2, 7, 4, 9, 6, 5, 0, 8, 9, 4, 1, 4


Decimal expansion of 11th root of 8.
1, 2, 0, 8, 0, 8, 9, 4, 4, 4, 4, 0, 4, 4, 4, 7, 3, 1, 3, 2, 8, 9, 2, 4, 2, 2, 1, 0, 4, 7, 6, 2, 4, 7, 5, 6, 5, 0, 0, 3, 6, 8, 1, 3, 5, 7, 9, 0, 4, 2, 6, 6, 1, 9, 4, 1, 5, 1, 1, 3, 6, 0, 7, 1, 2, 3, 5, 8, 5, 6, 3, 1, 7, 0, 5, 0, 3, 5, 0, 6, 4, 7, 0, 9, 4, 3, 8, 2, 5, 8, 6, 5, 6, 8, 2, 6, 8, 2, 6


