Numbers n such that phi(n) + sigma(n) = 3n.
312, 560, 588, 1400, 85632, 147492, 556160, 569328, 1590816, 2013216, 3343776, 4695456, 9745728, 12558912, 22013952, 23336172, 30002960, 52021242, 75007400, 137617728, 153587720, 699117024, 904683264, 2468053248, 2834395104, 21669802880, 48444151296


Decimal expansion of 13th root of 8.
1, 1, 7, 3, 4, 6, 0, 4, 6, 0, 0, 0, 4, 6, 2, 6, 3, 9, 1, 0, 9, 5, 4, 4, 1, 7, 5, 2, 9, 8, 5, 3, 2, 6, 9, 8, 9, 1, 2, 8, 8, 2, 3, 6, 0, 9, 4, 1, 1, 6, 7, 4, 0, 9, 5, 2, 5, 7, 1, 4, 0, 1, 1, 8, 0, 5, 6, 3, 8, 9, 3, 4, 9, 7, 6, 5, 5, 2, 8, 3, 5, 2, 2, 6, 5, 0, 2, 2, 0, 1, 3, 5, 5, 5, 4, 4, 5, 6, 1


Decimal expansion of 14th root of 8.
1, 1, 6, 0, 1, 2, 9, 3, 8, 6, 1, 6, 0, 1, 6, 2, 7, 9, 7, 5, 3, 0, 0, 5, 9, 4, 9, 7, 1, 9, 0, 5, 5, 1, 7, 5, 7, 9, 0, 2, 1, 0, 4, 8, 6, 6, 2, 4, 8, 8, 7, 5, 5, 5, 4, 8, 1, 2, 6, 4, 2, 5, 0, 3, 0, 6, 2, 6, 7, 8, 2, 3, 8, 4, 8, 2, 8, 9, 2, 5, 6, 0, 7, 1, 6, 0, 3, 9, 9, 4, 3, 6, 0, 7, 3, 1, 0, 0, 9


Numbers n such that phi(n) + sigma(n) = 4n.
23760, 59400, 153720, 4563000, 45326160, 113315400, 402831360, 731601000, 803685120, 865950624, 919501200, 1178491680, 3504597120, 3786686400, 6429564000, 14924714400, 25310621952, 26998616736, 53138687040, 86955675840, 513969369984, 1054373308800, 1868445408960


Decimal expansion of 16th root of 8.
1, 1, 3, 8, 7, 8, 8, 6, 3, 4, 7, 5, 6, 6, 9, 1, 6, 5, 3, 7, 0, 3, 8, 3, 0, 2, 8, 3, 8, 4, 1, 5, 1, 1, 2, 5, 4, 7, 2, 0, 2, 4, 3, 1, 0, 6, 2, 6, 7, 1, 6, 9, 5, 0, 3, 8, 6, 1, 7, 9, 5, 4, 1, 2, 4, 9, 5, 2, 1, 7, 7, 3, 4, 3, 9, 4, 5, 2, 4, 8, 9, 6, 0, 2, 2, 7, 9, 5, 4, 0, 3, 4, 3, 0, 1, 0, 8, 3, 8


Decimal expansion of 17th root of 8.
1, 1, 3, 0, 1, 1, 5, 7, 8, 3, 4, 2, 9, 3, 2, 9, 8, 2, 7, 9, 1, 6, 4, 2, 0, 8, 6, 8, 1, 5, 1, 7, 3, 4, 7, 7, 8, 0, 7, 0, 8, 8, 0, 8, 3, 7, 1, 6, 6, 1, 6, 8, 2, 3, 5, 9, 6, 1, 5, 4, 1, 0, 8, 1, 5, 2, 5, 2, 0, 5, 8, 9, 9, 6, 3, 1, 4, 3, 1, 7, 8, 9, 9, 3, 3, 0, 0, 2, 0, 2, 1, 7, 4, 7, 9, 7, 7, 0, 0


Geometric mean of phi(n) and sigma(n) is an integer.
1, 14, 30, 51, 105, 170, 194, 248, 264, 364, 405, 418, 477, 595, 679, 714, 760, 780, 1023, 1455, 1463, 1485, 1496, 1512, 1524, 1674, 1715, 1731, 1796, 1804, 2058, 2080, 2651, 2754, 2945, 3080, 3135, 3192, 3410, 3534, 3567, 3596, 3828, 3956, 4064, 4381, 4420


Decimal expansion of 19th root of 8.
1, 1, 1, 5, 6, 5, 7, 9, 1, 7, 7, 6, 1, 5, 4, 3, 6, 6, 6, 8, 8, 5, 8, 0, 9, 9, 9, 4, 0, 1, 9, 1, 1, 2, 2, 0, 8, 5, 4, 3, 1, 9, 6, 8, 4, 7, 6, 8, 1, 6, 8, 4, 2, 9, 5, 9, 4, 1, 1, 4, 3, 1, 1, 2, 1, 7, 4, 7, 9, 4, 2, 6, 8, 0, 1, 4, 5, 4, 6, 2, 6, 7, 8, 0, 0, 4, 2, 5, 6, 9, 1, 3, 0, 9, 4, 6, 5, 3, 9


Decimal expansion of 20th root of 8.
1, 1, 0, 9, 5, 6, 9, 4, 7, 2, 0, 6, 7, 8, 4, 5, 0, 0, 8, 4, 8, 9, 3, 7, 8, 3, 5, 7, 7, 3, 0, 6, 3, 6, 6, 6, 6, 4, 5, 5, 6, 7, 3, 1, 6, 5, 4, 2, 2, 1, 8, 5, 4, 1, 0, 8, 9, 6, 1, 3, 7, 1, 6, 4, 3, 9, 3, 1, 5, 5, 7, 6, 1, 3, 7, 7, 1, 9, 8, 1, 1, 9, 5, 7, 3, 7, 4, 8, 4, 2, 3, 9, 0, 9, 0, 7, 6, 3, 9


Number of primitive polynomials of degree n over GF(2).
1, 1, 2, 2, 6, 6, 18, 16, 48, 60, 176, 144, 630, 756, 1800, 2048, 7710, 7776, 27594, 24000, 84672, 120032, 356960, 276480, 1296000, 1719900, 4202496, 4741632, 18407808, 17820000, 69273666, 67108864, 211016256, 336849900, 929275200, 725594112, 3697909056


Decimal expansion of 7th root of 9.
1, 3, 6, 8, 7, 3, 8, 1, 0, 6, 6, 4, 2, 2, 0, 1, 6, 7, 4, 8, 4, 2, 3, 6, 7, 7, 8, 8, 6, 6, 4, 0, 2, 9, 6, 5, 3, 0, 4, 9, 7, 8, 6, 9, 7, 9, 8, 1, 9, 0, 8, 2, 5, 9, 9, 3, 4, 9, 9, 2, 0, 2, 4, 3, 0, 2, 7, 7, 4, 4, 9, 2, 9, 5, 9, 9, 3, 5, 1, 6, 0, 4, 8, 5, 9, 7, 5, 8, 8, 5, 5, 5, 6, 0, 3, 0, 0, 0, 9


In the prime factorization of n, increment odd powers and decrement even powers (multiplicative and self-inverse).
1, 4, 9, 2, 25, 36, 49, 16, 3, 100, 121, 18, 169, 196, 225, 8, 289, 12, 361, 50, 441, 484, 529, 144, 5, 676, 81, 98, 841, 900, 961, 64, 1089, 1156, 1225, 6, 1369, 1444, 1521, 400, 1681, 1764, 1849, 242, 75, 2116, 2209, 72, 7, 20, 2601, 338, 2809, 324, 3025, 784, 3249


Decimal expansion of 9th root of 9.
1, 2, 7, 6, 5, 1, 8, 0, 0, 7, 0, 0, 9, 2, 4, 1, 6, 5, 9, 6, 8, 4, 3, 9, 8, 6, 5, 0, 5, 8, 2, 7, 1, 6, 2, 8, 2, 1, 4, 2, 6, 0, 8, 9, 9, 5, 9, 4, 8, 4, 7, 8, 3, 5, 3, 0, 7, 4, 3, 6, 4, 2, 2, 0, 5, 1, 3, 8, 2, 6, 8, 2, 3, 5, 8, 8, 7, 5, 9, 2, 1, 6, 1, 0, 0, 0, 4, 3, 6, 5, 5, 4, 1, 8, 4, 3, 3, 0, 0


In the prime factorization of n, increment even powers and decrement odd powers (multiplicative).
1, 1, 1, 8, 1, 1, 1, 4, 27, 1, 1, 8, 1, 1, 1, 32, 1, 27, 1, 8, 1, 1, 1, 4, 125, 1, 9, 8, 1, 1, 1, 16, 1, 1, 1, 216, 1, 1, 1, 4, 1, 1, 1, 8, 27, 1, 1, 32, 343, 125, 1, 8, 1, 9, 1, 4, 1, 1, 1, 8, 1, 1, 27, 128, 1, 1, 1, 8, 1, 1, 1, 108, 1, 1, 125, 8, 1, 1, 1, 32, 243, 1, 1, 8, 1, 1, 1, 4, 1, 27, 1, 8, 1, 1


Decimal expansion of 11th root of 9.
1, 2, 2, 1, 0, 9, 4, 6, 2, 3, 4, 9, 8, 6, 5, 5, 3, 8, 8, 2, 3, 0, 7, 7, 0, 4, 3, 7, 1, 4, 0, 1, 1, 5, 4, 2, 8, 6, 5, 6, 4, 1, 9, 3, 6, 6, 9, 4, 8, 3, 2, 7, 4, 5, 4, 2, 4, 7, 2, 7, 4, 7, 7, 9, 5, 7, 3, 1, 7, 6, 1, 3, 3, 1, 2, 4, 6, 6, 1, 9, 0, 7, 7, 9, 5, 4, 6, 9, 3, 5, 6, 3, 5, 8, 4, 9, 3, 8, 3


2^(n*(n-1)/2)*n!.
1, 1, 4, 48, 1536, 122880, 23592960, 10569646080, 10823317585920, 24936923717959680, 127677049435953561600, 1438154284846580917862400, 35344079704389572637386342400, 1882001556099335963795547960115200


Decimal expansion of 13th root of 9.
1, 1, 8, 4, 1, 4, 0, 5, 9, 4, 9, 8, 8, 8, 5, 7, 1, 4, 2, 4, 3, 7, 5, 7, 8, 7, 0, 7, 4, 4, 0, 5, 8, 4, 1, 4, 4, 7, 2, 8, 8, 3, 4, 8, 7, 6, 3, 3, 8, 9, 4, 1, 3, 0, 4, 5, 1, 8, 9, 7, 0, 3, 0, 6, 4, 4, 8, 7, 8, 5, 6, 7, 9, 9, 8, 7, 0, 2, 9, 4, 3, 0, 2, 7, 0, 1, 9, 4, 1, 1, 8, 5, 3, 7, 4, 2, 8, 0, 2


Triangle read by rows: number of P-graphs by number of edges and number of non-root nodes.
1, 1, 2, 1, 10, 3, 1, 30, 44, 4, 1, 70, 284, 134, 5, 1, 140, 1224, 1594, 329, 6, 1, 252, 4110, 11330, 6552, 700, 7, 1, 420, 11616, 58432, 71484, 21822, 1344, 8, 1, 660, 28908, 241098, 534562, 347274, 62370, 2388, 9, 1, 990, 65208, 842842, 3069360, 3612924


Decimal expansion of 15th root of 9.
1, 1, 5, 7, 7, 5, 3, 6, 7, 2, 5, 1, 6, 5, 9, 0, 6, 2, 9, 2, 7, 5, 6, 2, 2, 9, 9, 1, 1, 9, 6, 6, 7, 6, 1, 2, 5, 1, 5, 7, 1, 2, 1, 9, 0, 0, 7, 8, 2, 6, 6, 5, 3, 5, 2, 9, 8, 5, 3, 5, 1, 1, 6, 0, 5, 5, 4, 8, 5, 8, 6, 9, 4, 1, 2, 8, 4, 6, 3, 4, 5, 0, 2, 9, 7, 8, 7, 3, 4, 3, 9, 0, 0, 4, 3, 3, 0, 8, 2


Hybrid binary rooted trees with n nodes whose root is labeled by &quot;n&quot;.
1, 1, 4, 18, 90, 481, 2690, 15547, 92124, 556664, 3417062, 21248966, 133576724, 847465593, 5419399722, 34895368578, 226050057378, 1472170887755, 9633297762870, 63305402213336, 417612181048826, 2764492667188504, 18358282050480384, 122265756020847943


Decimal expansion of 17th root of 9.
1, 1, 3, 7, 9, 7, 2, 8, 8, 0, 4, 6, 8, 8, 1, 3, 2, 8, 2, 7, 3, 8, 6, 5, 7, 3, 4, 0, 9, 3, 0, 6, 4, 1, 1, 4, 7, 0, 6, 4, 4, 9, 5, 5, 4, 1, 0, 5, 9, 8, 1, 8, 2, 8, 9, 6, 4, 3, 8, 6, 1, 4, 4, 8, 9, 0, 6, 8, 1, 5, 9, 5, 4, 2, 5, 9, 4, 8, 8, 2, 3, 8, 7, 1, 2, 4, 3, 4, 8, 0, 9, 4, 5, 3, 6, 6, 3, 8, 9


Hybrid binary rooted trees with n nodes whose root is labeled by &quot;a&quot;.
0, 1, 3, 13, 64, 339, 1885, 10851, 64109, 386510, 2368354, 14706331, 92337618, 585239903, 3739309053, 24059542845, 155756019048, 1013801283133, 6630587014935, 43553555324502


Decimal expansion of 19th root of 9.
1, 1, 2, 2, 5, 9, 5, 4, 8, 1, 8, 5, 9, 7, 7, 5, 7, 3, 5, 7, 5, 2, 2, 3, 5, 0, 9, 6, 4, 3, 7, 9, 8, 1, 2, 5, 9, 5, 7, 3, 9, 6, 8, 5, 4, 5, 4, 1, 0, 7, 3, 8, 0, 6, 4, 4, 7, 3, 2, 5, 2, 8, 0, 0, 3, 5, 6, 7, 8, 5, 7, 3, 9, 3, 4, 5, 3, 1, 6, 1, 9, 3, 1, 7, 6, 0, 5, 1, 2, 2, 3, 8, 4, 1, 9, 2, 3, 2, 5


Triangle of numbers of hybrid rooted trees (divided by Fibonacci numbers).
1, 2, 1, 7, 4, 1, 31, 18, 6, 1, 154, 90, 33, 8, 1, 820, 481, 185, 52, 10, 1, 4575, 2690, 1065, 324, 75, 12, 1, 26398, 15547, 6276, 2006, 515, 102, 14, 1, 156233, 92124, 37711, 12468, 3420, 766, 133, 16, 1, 943174, 556664, 230277, 78030, 22412, 5439, 1085, 168, 18, 1


Decimal expansion of 6th root of 10.
1, 4, 6, 7, 7, 9, 9, 2, 6, 7, 6, 2, 2, 0, 6, 9, 5, 4, 0, 9, 2, 0, 5, 1, 7, 1, 1, 4, 8, 1, 6, 8, 6, 1, 2, 5, 4, 7, 9, 5, 6, 4, 2, 6, 5, 7, 0, 0, 5, 1, 7, 3, 9, 9, 5, 9, 4, 8, 3, 8, 2, 3, 5, 7, 8, 5, 7, 3, 7, 2, 4, 0, 7, 0, 1, 0, 3, 4, 1, 4, 2, 6, 0, 5, 9, 5, 9, 4, 9, 7, 6, 8, 9, 3, 2, 8, 8, 6, 2


Decimal expansion of 7th root of 10.
1, 3, 8, 9, 4, 9, 5, 4, 9, 4, 3, 7, 3, 1, 3, 7, 6, 3, 7, 1, 2, 9, 9, 8, 5, 2, 1, 7, 3, 5, 3, 0, 1, 1, 6, 2, 2, 1, 1, 3, 0, 4, 6, 7, 1, 4, 4, 9, 1, 0, 0, 0, 2, 0, 4, 9, 4, 5, 6, 2, 8, 6, 7, 9, 0, 3, 1, 6, 0, 0, 2, 4, 2, 4, 1, 0, 3, 1, 6, 5, 8, 1, 3, 8, 4, 1, 7, 5, 6, 3, 8, 9, 7, 5, 4, 2, 1, 4, 3


Decimal expansion of 8th root of 10.
1, 3, 3, 3, 5, 2, 1, 4, 3, 2, 1, 6, 3, 3, 2, 4, 0, 2, 5, 6, 7, 5, 9, 3, 1, 7, 1, 5, 2, 9, 5, 3, 3, 1, 0, 9, 2, 4, 1, 5, 6, 6, 7, 9, 6, 4, 7, 6, 4, 3, 7, 0, 9, 9, 3, 3, 2, 9, 5, 4, 9, 9, 8, 7, 1, 6, 2, 7, 5, 8, 9, 4, 3, 1, 8, 0, 1, 9, 5, 8, 1, 8, 6, 4, 9, 0, 1, 3, 4, 9, 8, 0, 0, 4, 7, 3, 2, 5, 5


Decimal expansion of 9th root of 10.
1, 2, 9, 1, 5, 4, 9, 6, 6, 5, 0, 1, 4, 8, 8, 3, 8, 7, 5, 4, 1, 0, 0, 7, 5, 5, 4, 6, 4, 7, 2, 0, 8, 7, 5, 4, 2, 9, 7, 5, 9, 5, 5, 2, 6, 3, 1, 6, 0, 7, 8, 2, 5, 1, 0, 3, 0, 5, 4, 9, 8, 7, 2, 3, 6, 3, 5, 4, 5, 2, 2, 6, 7, 5, 4, 4, 4, 6, 6, 3, 4, 0, 6, 5, 5, 7, 0, 2, 0, 0, 1, 6, 7, 9, 4, 6, 2, 9, 2


Decimal expansion of 10th root of 10.
1, 2, 5, 8, 9, 2, 5, 4, 1, 1, 7, 9, 4, 1, 6, 7, 2, 1, 0, 4, 2, 3, 9, 5, 4, 1, 0, 6, 3, 9, 5, 8, 0, 0, 6, 0, 6, 0, 9, 3, 6, 1, 7, 4, 0, 9, 4, 6, 6, 9, 3, 1, 0, 6, 9, 1, 0, 7, 9, 2, 3, 0, 1, 9, 5, 2, 6, 6, 4, 7, 6, 1, 5, 7, 8, 2, 5, 0, 2, 0, 2, 4, 1, 2, 1, 0, 5, 0, 9, 6, 6, 2, 7, 5, 9, 4, 6, 1, 7


Decimal expansion of 11th root of 10.
1, 2, 3, 2, 8, 4, 6, 7, 3, 9, 4, 4, 2, 0, 6, 6, 1, 3, 9, 0, 5, 3, 4, 0, 0, 7, 8, 9, 7, 3, 0, 9, 4, 8, 0, 2, 2, 7, 6, 9, 9, 7, 5, 3, 4, 8, 3, 2, 0, 1, 5, 8, 9, 3, 0, 5, 3, 0, 9, 2, 0, 2, 1, 9, 7, 1, 3, 2, 3, 9, 8, 9, 7, 2, 4, 7, 4, 4, 2, 3, 7, 1, 7, 7, 6, 2, 8, 0, 1, 6, 4, 9, 9, 8, 2, 5, 6, 9, 2


Decimal expansion of 12th root of 10.
1, 2, 1, 1, 5, 2, 7, 6, 5, 8, 6, 2, 8, 5, 8, 8, 4, 4, 6, 3, 5, 8, 6, 0, 2, 9, 3, 3, 3, 2, 2, 9, 3, 8, 2, 2, 7, 7, 5, 0, 3, 2, 0, 1, 1, 6, 8, 1, 3, 3, 0, 6, 2, 6, 2, 5, 8, 2, 0, 3, 4, 4, 1, 5, 3, 9, 6, 5, 3, 5, 8, 2, 6, 0, 4, 0, 3, 3, 7, 8, 5, 6, 3, 1, 8, 2, 8, 4, 4, 5, 0, 5, 8, 4, 9, 2, 3, 2, 8


Decimal expansion of 13th root of 10.
1, 1, 9, 3, 7, 7, 6, 6, 4, 1, 7, 1, 4, 4, 3, 6, 5, 0, 6, 0, 9, 1, 6, 8, 1, 5, 7, 4, 0, 5, 7, 7, 2, 5, 6, 4, 9, 2, 3, 4, 4, 4, 0, 5, 9, 6, 0, 6, 9, 7, 7, 8, 9, 3, 5, 8, 5, 6, 6, 1, 6, 9, 5, 1, 0, 6, 2, 1, 7, 9, 8, 4, 5, 9, 6, 7, 1, 5, 1, 0, 9, 5, 0, 0, 8, 8, 9, 8, 0, 9, 8, 7, 1, 8, 4, 7, 9, 8, 6


Decimal expansion of 14th root of 10.
1, 1, 7, 8, 7, 6, 8, 6, 3, 4, 7, 9, 3, 5, 8, 7, 3, 1, 9, 2, 3, 1, 3, 8, 5, 4, 7, 9, 8, 8, 7, 2, 0, 6, 8, 9, 6, 8, 6, 2, 9, 6, 5, 5, 5, 5, 8, 1, 2, 7, 0, 5, 1, 7, 8, 3, 6, 8, 1, 5, 4, 5, 1, 7, 3, 0, 4, 8, 5, 1, 4, 9, 6, 7, 1, 6, 2, 8, 1, 4, 0, 7, 6, 5, 7, 9, 6, 5, 8, 9, 5, 8, 4, 5, 8, 5, 6, 8, 0


Decimal expansion of 15th root of 10.
1, 1, 6, 5, 9, 1, 4, 4, 0, 1, 1, 7, 9, 8, 3, 1, 7, 3, 6, 1, 4, 9, 1, 5, 2, 3, 9, 6, 8, 9, 5, 7, 6, 9, 8, 7, 6, 8, 0, 5, 1, 3, 2, 0, 5, 8, 7, 8, 2, 9, 3, 6, 5, 7, 6, 0, 0, 7, 6, 4, 3, 6, 3, 7, 8, 9, 9, 7, 2, 8, 7, 9, 4, 9, 6, 8, 8, 2, 1, 5, 0, 1, 6, 1, 2, 0, 8, 7, 1, 5, 9, 6, 9, 6, 0, 4, 5, 7, 3


Decimal expansion of 16th root of 10.
1, 1, 5, 4, 7, 8, 1, 9, 8, 4, 6, 8, 9, 4, 5, 8, 1, 7, 9, 6, 6, 6, 4, 8, 2, 8, 8, 7, 2, 9, 5, 5, 0, 8, 2, 8, 1, 5, 6, 6, 9, 4, 8, 0, 4, 1, 4, 7, 9, 6, 1, 1, 1, 2, 9, 9, 7, 7, 4, 2, 6, 8, 4, 8, 7, 1, 7, 9, 2, 9, 2, 0, 6, 9, 8, 0, 0, 4, 8, 1, 4, 0, 6, 0, 8, 5, 1, 3, 8, 1, 8, 0, 0, 8, 2, 7, 1, 8, 5


Decimal expansion of 17th root of 10.
1, 1, 4, 5, 0, 4, 7, 5, 6, 9, 9, 3, 8, 2, 8, 1, 7, 6, 2, 2, 5, 2, 1, 6, 6, 3, 7, 8, 7, 2, 5, 5, 4, 5, 1, 9, 9, 3, 3, 5, 6, 1, 6, 8, 8, 2, 8, 7, 8, 1, 0, 0, 0, 8, 4, 0, 5, 1, 9, 8, 9, 2, 5, 7, 2, 5, 2, 8, 7, 8, 7, 2, 2, 5, 3, 8, 6, 8, 4, 7, 5, 4, 7, 0, 2, 1, 2, 7, 0, 8, 4, 6, 0, 4, 9, 5, 0, 9, 4


Decimal expansion of 18th root of 10.
1, 1, 3, 6, 4, 6, 3, 6, 6, 6, 3, 8, 5, 7, 2, 4, 7, 4, 6, 6, 3, 7, 5, 6, 2, 9, 6, 7, 3, 2, 4, 7, 6, 2, 4, 0, 8, 7, 7, 4, 0, 8, 2, 2, 5, 3, 2, 3, 2, 0, 9, 0, 7, 2, 7, 6, 4, 2, 2, 2, 2, 2, 7, 3, 8, 2, 6, 6, 6, 3, 2, 9, 3, 9, 1, 1, 9, 5, 4, 8, 0, 6, 7, 5, 7, 3, 0, 5, 8, 7, 5, 2, 4, 4, 2, 9, 9, 4, 8


Decimal expansion of 19th root of 10.
1, 1, 2, 8, 8, 3, 7, 8, 9, 1, 6, 8, 4, 6, 8, 9, 0, 5, 6, 3, 2, 4, 1, 5, 6, 0, 8, 6, 0, 5, 1, 5, 1, 4, 3, 5, 4, 9, 3, 7, 5, 0, 7, 8, 4, 8, 8, 2, 7, 8, 2, 7, 8, 1, 2, 0, 7, 3, 1, 3, 6, 0, 5, 4, 6, 1, 2, 6, 2, 3, 4, 2, 6, 1, 4, 3, 1, 5, 1, 2, 2, 1, 1, 3, 8, 5, 1, 2, 8, 2, 1, 7, 9, 3, 0, 9, 8, 5, 2


Decimal expansion of 20th root of 10.
1, 1, 2, 2, 0, 1, 8, 4, 5, 4, 3, 0, 1, 9, 6, 3, 4, 3, 5, 5, 9, 1, 0, 3, 8, 9, 4, 6, 4, 7, 7, 9, 0, 5, 7, 3, 6, 7, 2, 2, 3, 0, 8, 5, 0, 7, 3, 6, 0, 5, 5, 2, 9, 6, 2, 4, 4, 5, 0, 7, 4, 4, 4, 8, 1, 7, 0, 1, 0, 3, 3, 0, 2, 6, 8, 6, 2, 2, 4, 3, 5, 5, 9, 4, 2, 3, 2, 2, 4, 1, 0, 6, 9, 3, 1, 9, 0, 4, 7


Decimal expansion of 6th root of 11.
1, 4, 9, 1, 3, 0, 1, 4, 7, 5, 4, 1, 3, 1, 0, 8, 9, 2, 4, 2, 0, 1, 4, 9, 4, 6, 6, 8, 7, 6, 4, 8, 2, 5, 3, 4, 4, 5, 4, 2, 6, 7, 6, 1, 2, 5, 3, 2, 6, 1, 5, 7, 7, 9, 8, 1, 5, 1, 8, 4, 8, 3, 1, 4, 7, 4, 1, 2, 8, 9, 3, 6, 0, 0, 1, 5, 4, 6, 4, 6, 6, 1, 7, 7, 9, 2, 7, 5, 9, 6, 9, 5, 4, 4, 8, 6, 3, 7, 7


Decimal expansion of 7th root of 11.
1, 4, 0, 8, 5, 4, 3, 8, 8, 8, 4, 2, 8, 6, 9, 9, 4, 1, 1, 4, 0, 6, 5, 8, 4, 6, 2, 8, 7, 5, 6, 8, 3, 1, 1, 6, 0, 4, 9, 8, 8, 5, 3, 4, 1, 2, 3, 4, 7, 8, 2, 0, 2, 4, 4, 6, 8, 9, 2, 2, 6, 3, 0, 2, 7, 1, 6, 8, 8, 8, 4, 2, 9, 0, 3, 2, 3, 3, 4, 4, 0, 6, 1, 1, 3, 5, 0, 7, 8, 0, 2, 7, 5, 1, 3, 8, 6, 8, 4


Decimal expansion of 8th root of 11.
1, 3, 4, 9, 5, 0, 3, 7, 1, 8, 7, 1, 9, 5, 4, 1, 6, 9, 0, 7, 8, 0, 6, 1, 8, 8, 6, 7, 5, 0, 0, 8, 1, 2, 2, 4, 6, 4, 7, 3, 8, 9, 6, 4, 4, 0, 5, 6, 6, 7, 6, 0, 4, 0, 1, 1, 3, 4, 3, 9, 5, 4, 3, 7, 8, 8, 2, 8, 5, 6, 7, 4, 2, 9, 7, 1, 6, 2, 0, 0, 7, 5, 8, 0, 0, 5, 1, 0, 9, 6, 7, 1, 3, 8, 2, 8, 1, 0, 6


Decimal expansion of 9th root of 11.
1, 3, 0, 5, 2, 9, 9, 8, 8, 0, 7, 9, 4, 9, 1, 9, 7, 8, 4, 0, 3, 3, 2, 9, 4, 8, 4, 1, 0, 5, 9, 1, 2, 9, 6, 6, 6, 3, 6, 8, 6, 2, 5, 4, 9, 6, 0, 8, 0, 0, 6, 1, 5, 9, 7, 0, 1, 7, 6, 1, 8, 5, 2, 0, 6, 2, 8, 8, 0, 7, 0, 6, 1, 3, 9, 9, 1, 5, 9, 9, 3, 5, 9, 6, 7, 2, 2, 9, 6, 9, 2, 2, 4, 9, 8, 9, 5, 4, 9


Decimal expansion of 10th root of 11.
1, 2, 7, 0, 9, 8, 1, 6, 1, 5, 2, 1, 0, 1, 4, 0, 6, 3, 8, 6, 0, 5, 5, 3, 5, 1, 3, 7, 5, 2, 8, 4, 4, 2, 4, 2, 3, 9, 2, 3, 8, 7, 9, 1, 5, 6, 3, 7, 4, 9, 0, 9, 5, 8, 0, 4, 1, 2, 2, 5, 0, 2, 9, 3, 9, 8, 7, 6, 4, 6, 5, 8, 1, 8, 5, 1, 1, 2, 0, 3, 1, 6, 4, 7, 5, 0, 6, 4, 1, 5, 1, 2, 8, 3, 1, 9, 5, 0, 6


Decimal expansion of 11th root of 11.
1, 2, 4, 3, 5, 7, 5, 2, 2, 7, 9, 1, 2, 3, 7, 0, 7, 3, 5, 0, 7, 9, 7, 9, 1, 7, 1, 1, 9, 0, 9, 5, 3, 6, 4, 9, 8, 0, 5, 5, 2, 1, 2, 6, 4, 1, 6, 6, 6, 3, 7, 5, 0, 6, 9, 8, 2, 2, 5, 6, 3, 2, 4, 8, 6, 9, 5, 9, 6, 1, 0, 8, 1, 6, 8, 2, 1, 7, 8, 3, 7, 1, 5, 5, 0, 9


Decimal expansion of 12th root of 11.
1, 2, 2, 1, 1, 8, 8, 5, 5, 0, 3, 1, 1, 9, 9, 3, 7, 6, 3, 8, 2, 3, 0, 2, 0, 8, 4, 3, 1, 3, 6, 9, 4, 6, 5, 5, 7, 1, 5, 1, 1, 6, 8, 6, 1, 1, 7, 9, 9, 2, 7, 2, 1, 5, 0, 5, 7, 1, 1, 0, 0, 0, 8, 8, 8, 2, 4, 8, 6, 5, 5, 0, 2, 2, 7, 8, 3, 9, 3, 2, 0, 7, 6, 6, 6, 0, 4, 3, 1, 0, 7, 5, 7, 1, 7, 8, 9, 3, 8


Decimal expansion of 13th root of 11.
1, 2, 0, 2, 5, 6, 1, 0, 3, 9, 8, 7, 8, 1, 8, 4, 3, 0, 5, 7, 6, 8, 2, 9, 6, 6, 5, 0, 0, 4, 3, 5, 1, 5, 4, 2, 4, 3, 8, 9, 8, 2, 6, 9, 3, 1, 6, 2, 1, 5, 2, 3, 7, 0, 1, 3, 1, 4, 1, 5, 0, 5, 1, 2, 1, 3, 9, 3, 9, 2, 6, 1, 1, 5, 3, 7, 3, 6, 0, 6, 9, 4, 5, 3, 6, 8, 3, 3, 5, 3, 0, 9, 2, 1, 6, 8, 6, 2, 0


Decimal expansion of 14th root of 11.
1, 1, 8, 6, 8, 2, 0, 9, 1, 6, 7, 4, 7, 2, 1, 4, 8, 2, 0, 2, 5, 5, 2, 6, 3, 6, 1, 7, 6, 9, 4, 6, 7, 0, 4, 7, 5, 5, 1, 4, 7, 5, 3, 1, 7, 4, 9, 3, 7, 7, 7, 1, 3, 0, 0, 9, 9, 4, 4, 6, 9, 9, 1, 0, 7, 5, 0, 9, 6, 5, 9, 5, 4, 3, 0, 5, 8, 2, 9, 6, 8, 0, 5, 5, 0, 2, 0, 5, 3, 6, 7, 7, 5, 3, 6, 0, 4, 7, 3


Decimal expansion of 15th root of 11.
1, 1, 7, 3, 3, 4, 6, 2, 2, 1, 1, 9, 3, 4, 0, 5, 0, 6, 7, 4, 4, 8, 2, 1, 8, 7, 8, 5, 6, 6, 6, 6, 9, 6, 5, 6, 7, 2, 1, 6, 6, 4, 9, 1, 6, 3, 0, 3, 2, 5, 5, 7, 4, 9, 9, 7, 1, 2, 6, 3, 6, 0, 0, 0, 8, 9, 7, 7, 2, 8, 4, 7, 8, 5, 4, 9, 9, 4, 1, 7, 8, 3, 1, 7, 3, 3, 1, 2, 2, 0, 0, 7, 2, 3, 8, 2, 4, 8, 2


Decimal expansion of 16th root of 11.
1, 1, 6, 1, 6, 8, 1, 4, 1, 8, 7, 7, 1, 7, 4, 8, 1, 4, 8, 1, 5, 9, 2, 5, 0, 1, 7, 3, 7, 4, 8, 4, 0, 2, 1, 1, 5, 3, 2, 5, 2, 7, 1, 0, 1, 2, 3, 8, 5, 5, 7, 6, 2, 2, 1, 7, 6, 0, 1, 1, 7, 6, 9, 9, 3, 0, 8, 2, 1, 2, 5, 3, 3, 1, 8, 1, 9, 9, 6, 6, 9, 3, 0, 9, 2, 7, 6, 6, 8, 6, 1, 9, 7, 4, 6, 2, 0, 4, 7


Decimal expansion of 17th root of 11.
1, 1, 5, 1, 4, 8, 5, 2, 8, 7, 1, 7, 9, 4, 9, 6, 3, 1, 7, 8, 4, 5, 5, 0, 4, 5, 6, 8, 1, 3, 2, 4, 7, 4, 0, 7, 1, 6, 3, 1, 1, 7, 8, 0, 4, 8, 2, 7, 4, 8, 4, 4, 9, 2, 3, 9, 0, 2, 1, 9, 2, 4, 6, 4, 0, 4, 6, 6, 3, 0, 2, 2, 5, 4, 6, 2, 4, 7, 8, 3, 3, 4, 1, 8, 3, 7, 6, 6, 4, 4, 3, 4, 8, 8, 6, 8, 6, 3, 3


Decimal expansion of 18th root of 11.
1, 1, 4, 2, 4, 9, 7, 2, 1, 2, 5, 9, 8, 3, 1, 5, 1, 7, 5, 4, 4, 0, 1, 4, 5, 3, 1, 5, 6, 0, 0, 6, 2, 9, 1, 4, 1, 0, 1, 7, 4, 8, 2, 1, 0, 1, 3, 0, 3, 7, 7, 7, 7, 1, 2, 7, 2, 5, 1, 0, 9, 9, 2, 1, 2, 8, 2, 9, 1, 2, 7, 7, 5, 4, 6, 3, 7, 0, 8, 5, 0, 3, 0, 6, 0, 7, 4, 2, 8, 9, 5, 6, 6, 0, 4, 6, 6, 3, 9


Decimal expansion of 19th root of 11.
1, 1, 3, 4, 5, 1, 4, 7, 3, 6, 2, 5, 2, 4, 0, 1, 5, 5, 1, 0, 8, 5, 0, 6, 3, 5, 0, 8, 8, 5, 6, 9, 4, 3, 5, 2, 8, 9, 1, 8, 1, 4, 3, 2, 6, 7, 8, 4, 5, 9, 3, 0, 7, 6, 5, 5, 8, 3, 3, 4, 4, 1, 0, 9, 0, 3, 0, 1, 9, 6, 6, 1, 4, 4, 4, 4, 7, 1, 0, 2, 5, 1, 3, 7, 3, 6, 2, 9, 1, 9, 7, 1, 9, 5, 9, 5, 9, 6, 7


Decimal expansion of 20th root of 11.
1, 1, 2, 7, 3, 7, 8, 2, 0, 4, 1, 5, 7, 8, 3, 3, 0, 2, 4, 1, 4, 3, 0, 7, 8, 0, 1, 9, 8, 1, 3, 4, 3, 4, 7, 5, 3, 4, 5, 0, 8, 6, 3, 7, 6, 6, 5, 1, 8, 8, 9, 1, 9, 2, 6, 8, 6, 9, 3, 5, 9, 1, 2, 2, 7, 4, 7, 0, 7, 2, 5, 0, 1, 9, 5, 5, 3, 9, 3, 6, 2, 2, 8, 8, 2, 1, 7, 9, 8, 8, 9, 7, 3, 3, 4, 6, 7, 1, 8


Decimal expansion of 6th root of 12.
1, 5, 1, 3, 0, 8, 5, 7, 4, 9, 4, 2, 2, 9, 0, 1, 5, 8, 8, 7, 8, 4, 0, 5, 9, 9, 4, 0, 9, 6, 8, 7, 7, 5, 8, 1, 6, 8, 7, 2, 5, 2, 4, 3, 6, 9, 9, 9, 8, 9, 1, 6, 1, 7, 7, 1, 8, 0, 9, 3, 0, 6, 9, 3, 9, 6, 0, 6, 6, 8, 5, 1, 0, 9, 1, 5, 0, 1, 5, 0, 4, 3, 0, 7, 2, 7, 7, 2, 5, 7, 3, 1, 7, 2, 1, 5, 2, 4, 9


Decimal expansion of 7th root of 12.
1, 4, 2, 6, 1, 6, 1, 6, 3, 5, 2, 2, 7, 3, 7, 8, 8, 4, 0, 4, 8, 4, 1, 2, 0, 6, 8, 5, 4, 5, 1, 4, 4, 2, 5, 6, 6, 7, 2, 9, 7, 0, 3, 9, 8, 7, 6, 4, 5, 1, 6, 7, 1, 7, 4, 3, 1, 0, 5, 7, 6, 8, 3, 6, 7, 8, 8, 0, 7, 3, 6, 8, 3, 7, 0, 2, 5, 4, 5, 6, 0, 9, 5, 5, 8, 2, 9, 5, 1, 5, 2, 3, 4, 9, 8, 8, 4, 3, 3


Decimal expansion of 8th root of 12.
1, 3, 6, 4, 2, 6, 1, 6, 0, 1, 8, 2, 1, 3, 6, 5, 9, 2, 9, 5, 8, 6, 0, 3, 5, 2, 7, 5, 2, 3, 9, 6, 1, 1, 5, 8, 4, 4, 3, 9, 4, 6, 5, 0, 5, 7, 6, 3, 5, 0, 7, 5, 6, 3, 5, 6, 5, 7, 0, 8, 6, 5, 5, 2, 4, 2, 6, 8, 0, 0, 3, 9, 7, 7, 7, 1, 5, 4, 5, 7, 1, 5, 7, 6, 0, 0, 0, 7, 8, 1, 3, 3, 7, 8, 8, 0, 6, 1, 4


Decimal expansion of 9th root of 12.
1, 3, 1, 7, 9, 8, 0, 6, 2, 9, 2, 1, 3, 0, 0, 2, 2, 3, 9, 7, 7, 5, 9, 1, 7, 7, 4, 1, 9, 8, 8, 2, 9, 6, 2, 7, 7, 0, 8, 2, 9, 7, 6, 7, 3, 9, 9, 6, 1, 3, 7, 4, 6, 4, 3, 5, 9, 2, 4, 6, 6, 7, 2, 9, 8, 6, 9, 1, 4, 3, 9, 0, 7, 8, 3, 0, 0, 8, 6, 4, 8, 0, 6, 9, 0, 3, 8, 4, 5, 9, 0, 7, 9, 7, 0, 8, 0, 6, 4


Decimal expansion of 10th root of 12.
1, 2, 8, 2, 0, 8, 8, 8, 5, 3, 9, 8, 6, 8, 1, 5, 4, 4, 0, 4, 4, 8, 5, 3, 0, 7, 6, 2, 9, 1, 5, 5, 9, 9, 4, 8, 2, 5, 8, 2, 0, 8, 8, 5, 4, 8, 9, 4, 7, 0, 0, 2, 4, 2, 4, 8, 2, 2, 5, 0, 6, 4, 6, 2, 0, 9, 3, 6, 9, 8, 4, 1, 4, 4, 1, 6, 6, 0, 7, 0, 7, 6, 7, 8, 6, 0, 6, 4, 7, 6, 4, 8, 1, 6, 0, 9, 7, 6, 4


Decimal expansion of 11th root of 12.
1, 2, 5, 3, 4, 5, 1, 0, 7, 1, 7, 2, 3, 0, 9, 0, 0, 1, 4, 1, 4, 2, 1, 3, 9, 1, 4, 7, 5, 6, 1, 5, 3, 6, 4, 9, 8, 9, 4, 5, 4, 5, 7, 1, 6, 4, 3, 0, 1, 7, 5, 9, 0, 5, 8, 6, 5, 2, 4, 7, 5, 1, 9, 5, 6, 3, 2, 4, 5, 1, 5, 0, 2, 5, 6, 5, 5, 6, 3, 7, 0, 7, 8, 2, 5, 4, 4, 5, 9, 9, 7, 4, 0, 4, 7, 5, 7, 2, 3


Decimal expansion of 12th root of 12.
1, 2, 3, 0, 0, 7, 5, 5, 0, 5, 5, 7, 7, 9, 7, 1, 2, 5, 3, 6, 6, 3, 0, 0, 5, 4, 9, 6, 1, 1, 7, 0, 8, 1, 6, 7, 9, 7, 7, 8, 5, 0, 8, 9, 6, 8, 7, 5, 9, 4, 4, 1, 8, 7, 8, 5, 4, 0, 5, 4, 9, 6, 7, 1, 3, 9, 3, 4, 6, 2, 9, 7, 7, 0, 7, 6, 8, 3, 2, 7, 4, 9, 5, 5, 5, 0, 2, 2, 3, 1, 7, 3, 1, 9, 6, 6, 4, 9, 4


Decimal expansion of 13th root of 12.
1, 2, 1, 0, 6, 3, 6, 9, 9, 7, 5, 8, 2, 2, 3, 0, 4, 7, 5, 1, 6, 0, 8, 4, 7, 6, 8, 1, 1, 6, 0, 9, 7, 7, 1, 1, 0, 3, 2, 6, 9, 0, 6, 4, 3, 5, 3, 4, 0, 5, 0, 2, 1, 5, 0, 8, 3, 5, 0, 0, 7, 0, 9, 4, 5, 2, 2, 1, 2, 3, 8, 7, 5, 3, 8, 3, 0, 4, 2, 7, 1, 4, 2, 4, 0, 3, 2, 0, 4, 0, 7, 2, 5, 5, 2, 4, 9, 8, 8


Decimal expansion of 14th root of 12.
1, 1, 9, 4, 2, 2, 0, 0, 9, 4, 9, 6, 8, 8, 3, 7, 3, 2, 5, 3, 6, 8, 8, 8, 4, 1, 8, 9, 2, 9, 2, 2, 9, 1, 9, 6, 1, 3, 9, 1, 2, 2, 7, 8, 0, 0, 1, 5, 3, 2, 1, 6, 5, 0, 0, 0, 7, 1, 2, 7, 7, 3, 8, 0, 6, 3, 1, 9, 6, 5, 2, 4, 0, 7, 5, 1, 9, 7, 1, 3, 4, 1, 0, 6, 9, 9, 0, 4, 1, 6, 1, 8, 0, 9, 3, 4, 6, 5, 1


Decimal expansion of 15th root of 12.
1, 1, 8, 0, 1, 7, 2, 2, 9, 8, 2, 9, 1, 0, 0, 5, 6, 8, 7, 7, 6, 3, 2, 5, 3, 9, 0, 4, 3, 9, 3, 6, 7, 3, 5, 4, 4, 2, 6, 6, 2, 9, 4, 3, 5, 4, 3, 0, 0, 4, 9, 2, 8, 3, 0, 2, 3, 1, 5, 2, 5, 7, 6, 4, 7, 8, 9, 6, 5, 9, 2, 8, 3, 7, 6, 0, 9, 4, 9, 5, 0, 2, 7, 5, 3, 0, 9, 4, 2, 5, 5, 9, 3, 2, 1, 2, 0, 5, 7


Decimal expansion of 16th root of 12.
1, 1, 6, 8, 0, 1, 6, 0, 9, 6, 5, 5, 9, 1, 8, 9, 5, 1, 7, 0, 5, 6, 6, 8, 2, 0, 5, 0, 7, 4, 6, 9, 8, 1, 4, 3, 4, 6, 9, 6, 2, 1, 5, 0, 6, 2, 8, 6, 4, 4, 6, 9, 7, 9, 3, 9, 0, 5, 7, 5, 3, 2, 8, 7, 4, 9, 8, 9, 6, 5, 7, 2, 5, 0, 1, 7, 8, 4, 1, 6, 8, 2, 0, 3, 5, 3, 0, 3, 5, 4, 8, 4, 8, 3, 6, 3, 2, 8, 8


Decimal expansion of 17th root of 12.
1, 1, 5, 7, 3, 9, 4, 0, 6, 1, 6, 7, 5, 5, 6, 9, 3, 0, 4, 7, 6, 3, 2, 2, 0, 6, 7, 0, 9, 9, 7, 5, 3, 2, 5, 9, 4, 0, 4, 2, 1, 5, 3, 0, 3, 9, 2, 3, 8, 7, 3, 1, 3, 3, 0, 5, 4, 3, 1, 8, 8, 3, 7, 9, 5, 4, 4, 5, 5, 1, 8, 4, 6, 4, 7, 1, 1, 2, 8, 2, 1, 4, 6, 6, 5, 8, 7, 8, 3, 2, 8, 0, 5, 8, 8, 4, 3, 0, 8


Decimal expansion of 18th root of 12.
1, 1, 4, 8, 0, 3, 3, 3, 7, 4, 6, 0, 7, 6, 3, 8, 4, 1, 6, 7, 0, 6, 2, 9, 5, 7, 2, 5, 0, 4, 5, 2, 5, 5, 6, 9, 1, 9, 2, 9, 0, 3, 1, 7, 1, 4, 2, 0, 6, 3, 7, 1, 8, 3, 6, 9, 9, 1, 2, 9, 3, 5, 5, 0, 0, 0, 6, 8, 5, 0, 4, 3, 3, 2, 9, 7, 2, 8, 3, 6, 7, 3, 0, 7, 1, 1, 7, 1, 3, 3, 9, 8, 2, 0, 8, 1, 8, 6, 6


Decimal expansion of 19th root of 12.
1, 1, 3, 9, 7, 2, 2, 2, 1, 3, 6, 9, 3, 8, 7, 8, 2, 5, 9, 8, 0, 5, 4, 7, 8, 7, 7, 9, 6, 7, 2, 9, 4, 9, 2, 8, 7, 4, 8, 9, 3, 7, 7, 9, 3, 3, 4, 4, 3, 6, 4, 2, 7, 1, 1, 0, 8, 2, 0, 9, 5, 7, 1, 1, 1, 9, 0, 2, 1, 5, 2, 7, 7, 9, 1, 7, 5, 4, 1, 5, 3, 1, 7, 8, 5, 3, 4, 6, 7, 3, 3, 1, 4, 5, 5, 9, 7, 9, 6


Decimal expansion of 20th root of 12.
1, 1, 3, 2, 2, 9, 3, 6, 2, 5, 3, 4, 0, 5, 3, 6, 5, 8, 7, 9, 9, 5, 2, 5, 8, 5, 5, 9, 8, 7, 7, 5, 8, 7, 8, 5, 0, 1, 7, 6, 6, 9, 3, 8, 4, 9, 7, 7, 4, 9, 2, 6, 9, 6, 0, 1, 4, 8, 8, 4, 3, 4, 1, 6, 9, 7, 4, 5, 0, 1, 7, 7, 8, 6, 8, 7, 1, 2, 1, 9, 1, 9, 2, 9, 9, 5, 1, 9, 4, 6, 9, 4, 1, 8, 2, 6, 8, 5, 9


Decimal expansion of 6th root of 13.
1, 5, 3, 3, 4, 0, 6, 2, 3, 7, 0, 1, 6, 3, 8, 7, 4, 7, 7, 5, 2, 7, 8, 3, 1, 3, 2, 5, 2, 8, 0, 1, 7, 4, 0, 5, 9, 3, 9, 0, 9, 6, 2, 0, 7, 4, 7, 1, 8, 1, 7, 4, 6, 7, 8, 9, 6, 1, 2, 1, 6, 3, 4, 8, 6, 0, 6, 5, 5, 8, 9, 2, 1, 5, 0, 9, 4, 8, 8, 4, 5, 8, 4, 2, 1, 0, 5, 2, 2, 3, 3, 7, 0, 8, 4, 0, 5, 0, 4


Decimal expansion of 7th root of 13.
1, 4, 4, 2, 5, 6, 2, 9, 1, 9, 4, 4, 2, 9, 7, 7, 7, 3, 0, 8, 7, 9, 4, 4, 0, 7, 6, 5, 7, 4, 1, 9, 4, 9, 7, 4, 0, 9, 4, 2, 3, 0, 0, 3, 3, 6, 7, 5, 1, 4, 9, 1, 2, 7, 7, 8, 7, 2, 0, 8, 1, 7, 6, 2, 0, 7, 6, 0, 4, 4, 0, 1, 3, 6, 0, 0, 6, 5, 6, 0, 3, 4, 3, 5, 8, 5, 3, 6, 2, 5, 0, 9, 9, 9, 1, 6, 4, 6, 2


Decimal expansion of 8th root of 13.
1, 3, 7, 7, 9, 8, 0, 0, 1, 5, 1, 3, 6, 6, 2, 8, 0, 8, 9, 8, 7, 7, 0, 0, 1, 9, 0, 0, 1, 6, 7, 7, 4, 9, 4, 8, 4, 7, 2, 6, 0, 2, 2, 1, 1, 4, 4, 0, 7, 0, 9, 7, 2, 5, 0, 9, 3, 9, 4, 8, 3, 5, 3, 0, 5, 4, 4, 2, 8, 1, 5, 8, 3, 2, 6, 1, 6, 1, 7, 0, 6, 6, 6, 6, 6, 5, 4, 9, 3, 7, 8, 5, 5, 7, 9, 8, 6, 6, 1


Decimal expansion of 9th root of 13.
1, 3, 2, 9, 7, 5, 4, 5, 4, 5, 6, 3, 9, 7, 8, 5, 9, 7, 2, 9, 0, 5, 2, 7, 3, 8, 7, 5, 1, 4, 8, 8, 1, 3, 1, 7, 9, 4, 2, 7, 0, 8, 7, 5, 0, 0, 4, 6, 4, 7, 8, 2, 0, 2, 0, 8, 3, 1, 0, 1, 5, 9, 2, 9, 8, 7, 3, 8, 6, 4, 5, 4, 2, 5, 5, 2, 4, 3, 9, 5, 3, 0, 2, 7, 3, 6, 8, 5, 5, 4, 0, 6, 9, 6, 1, 1, 6, 4, 2


Decimal expansion of 10th root of 13.
1, 2, 9, 2, 3, 9, 2, 2, 2, 0, 7, 8, 0, 8, 3, 1, 8, 4, 1, 5, 1, 0, 9, 1, 3, 1, 9, 8, 8, 5, 6, 6, 8, 7, 1, 6, 0, 6, 2, 1, 0, 6, 2, 9, 6, 4, 6, 7, 2, 7, 7, 5, 1, 4, 8, 3, 4, 7, 4, 5, 3, 0, 6, 5, 5, 6, 0, 7, 4, 5, 6, 2, 4, 3, 3, 7, 7, 2, 1, 9, 8, 1, 1, 4, 0, 6, 9, 9, 0, 0, 6, 8, 0, 1, 2, 4, 3, 5, 7


Decimal expansion of 11th root of 13.
1, 2, 6, 2, 6, 0, 5, 2, 1, 1, 2, 1, 9, 6, 5, 3, 0, 3, 3, 3, 6, 6, 0, 3, 2, 0, 3, 1, 2, 0, 8, 0, 9, 8, 7, 1, 8, 7, 6, 3, 3, 2, 1, 3, 4, 0, 1, 2, 4, 9, 4, 3, 1, 4, 3, 6, 3, 6, 4, 4, 3, 6, 6, 1, 2, 7, 1, 9, 2, 1, 1, 3, 4, 1, 0, 3, 0, 0, 5, 9, 3, 3, 9, 6, 7, 3, 1, 4, 1, 0, 2, 0, 8, 3, 9, 5, 5, 4, 7


Decimal expansion of 12th root of 13.
1, 2, 3, 8, 3, 0, 7, 8, 1, 1, 9, 0, 1, 5, 4, 3, 1, 1, 2, 2, 5, 4, 1, 1, 9, 2, 3, 9, 3, 5, 0, 9, 5, 4, 3, 2, 2, 4, 5, 4, 5, 3, 2, 6, 9, 0, 8, 3, 7, 9, 0, 2, 3, 8, 0, 7, 7, 5, 1, 6, 3, 2, 1, 7, 2, 0, 5, 8, 7, 1, 0, 8, 6, 7, 6, 8, 9, 1, 5, 5, 9, 4, 4, 8, 4, 2, 8, 8, 4, 8, 2, 9, 8, 6, 6, 2, 8, 4, 3


Decimal expansion of 13th root of 13.
1, 2, 1, 8, 1, 1, 4, 0, 4, 3, 5, 6, 0, 7, 6, 8, 1, 9, 6, 6, 5, 9, 0, 2, 5, 7, 3, 3, 3, 7, 3, 6, 6, 7, 1, 5, 9, 3, 2, 8, 0, 7, 9, 8, 5, 3, 1, 9, 9, 7, 2, 0, 9, 7, 5, 8, 7, 2, 6, 5, 9, 8, 7, 9, 2, 1, 0, 6, 1, 4, 2, 4, 5, 3, 2, 0, 7, 6, 9, 4, 6, 9, 9, 2, 2, 3, 3, 5, 3, 0, 3, 8, 4, 7, 2, 8, 6, 7, 7


Decimal expansion of 14th root of 13.
1, 2, 0, 1, 0, 6, 7, 4, 0, 8, 3, 6, 7, 6, 4, 7, 6, 6, 9, 4, 2, 3, 8, 4, 4, 6, 7, 6, 0, 4, 7, 1, 7, 7, 0, 1, 4, 6, 5, 9, 7, 1, 6, 1, 2, 6, 6, 0, 6, 4, 0, 4, 3, 9, 4, 4, 9, 2, 8, 0, 2, 6, 5, 3, 4, 5, 5, 9, 1, 5, 5, 1, 4, 0, 3, 8, 2, 5, 8, 6, 7, 7, 5, 9, 7, 2, 8, 2, 3, 5, 3, 9, 8, 2, 2, 8, 5, 5, 7


Decimal expansion of 15th root of 13.
1, 1, 8, 6, 4, 8, 6, 7, 4, 3, 2, 3, 4, 9, 1, 4, 2, 8, 0, 8, 0, 5, 1, 1, 5, 9, 3, 8, 0, 5, 0, 6, 9, 6, 0, 4, 9, 2, 4, 2, 6, 4, 5, 8, 7, 8, 9, 8, 9, 8, 6, 4, 9, 6, 8, 5, 9, 2, 6, 4, 2, 0, 4, 2, 7, 5, 7, 1, 7, 9, 6, 6, 6, 4, 7, 4, 1, 5, 1, 0, 4, 1, 9, 5, 1, 9, 9, 5, 8, 2, 8, 6, 6, 4, 8, 4, 7, 4, 3


Decimal expansion of 16th root of 13.
1, 1, 7, 3, 8, 7, 3, 9, 3, 4, 9, 4, 2, 1, 7, 6, 0, 1, 6, 0, 6, 1, 5, 7, 9, 1, 7, 0, 7, 8, 6, 0, 1, 7, 4, 6, 7, 3, 2, 4, 8, 6, 9, 9, 4, 1, 4, 3, 9, 2, 5, 3, 1, 6, 3, 2, 5, 6, 6, 8, 8, 8, 3, 3, 7, 4, 1, 3, 8, 9, 4, 8, 4, 3, 8, 7, 4, 6, 7, 5, 1, 6, 6, 9, 3, 8, 3, 4, 0, 6, 4, 8, 4, 5, 4, 5, 7, 5, 8


Decimal expansion of 17th root of 13.
1, 1, 6, 2, 8, 5, 6, 3, 7, 8, 8, 7, 0, 9, 3, 7, 6, 9, 9, 4, 6, 9, 9, 3, 8, 0, 6, 1, 5, 6, 4, 7, 9, 0, 6, 0, 0, 6, 0, 5, 6, 7, 1, 8, 6, 8, 2, 8, 9, 8, 1, 1, 6, 1, 0, 9, 3, 6, 5, 5, 8, 1, 8, 8, 7, 0, 2, 1, 6, 4, 6, 6, 3, 4, 5, 2, 9, 6, 6, 7, 3, 1, 4, 0, 3, 0, 6, 8, 3, 5, 0, 6, 2, 9, 0, 6, 0, 3, 6


Decimal expansion of 18th root of 13.
1, 1, 5, 3, 1, 4, 9, 8, 3, 6, 5, 9, 5, 3, 0, 8, 1, 8, 7, 0, 5, 8, 0, 4, 4, 2, 2, 3, 4, 7, 8, 7, 2, 4, 8, 4, 4, 3, 6, 3, 5, 1, 8, 3, 1, 0, 4, 8, 8, 5, 4, 5, 8, 0, 9, 2, 5, 4, 9, 2, 4, 6, 0, 1, 8, 1, 8, 1, 0, 8, 8, 1, 2, 7, 9, 2, 8, 5, 0, 9, 3, 6, 3, 5, 9, 7, 1, 4, 1, 6, 4, 8, 4, 6, 9, 0, 3, 3, 7


Decimal expansion of 19th root of 13.
1, 1, 4, 4, 5, 3, 3, 7, 3, 3, 7, 1, 0, 7, 4, 1, 9, 6, 1, 0, 2, 7, 5, 3, 0, 4, 2, 2, 0, 4, 5, 2, 9, 9, 5, 2, 6, 5, 8, 6, 1, 3, 1, 2, 7, 0, 7, 2, 4, 5, 8, 4, 0, 1, 3, 6, 1, 0, 5, 2, 5, 3, 2, 0, 6, 2, 6, 6, 3, 1, 9, 7, 7, 0, 5, 3, 9, 7, 0, 2, 6, 5, 9, 4, 8, 4, 6, 7, 1, 3, 3, 5, 8, 6, 1, 9, 5, 8, 3


Decimal expansion of 20th root of 13.
1, 1, 3, 6, 8, 3, 4, 2, 9, 7, 8, 5, 5, 5, 9, 8, 5, 8, 4, 9, 9, 7, 1, 5, 2, 0, 7, 8, 4, 4, 7, 3, 4, 7, 4, 9, 8, 9, 3, 0, 3, 2, 8, 1, 9, 8, 8, 5, 0, 7, 1, 1, 4, 1, 7, 5, 6, 3, 1, 2, 4, 4, 0, 2, 6, 5, 4, 3, 7, 9, 7, 5, 8, 1, 5, 4, 9, 0, 8, 2, 4, 0, 6, 5, 1, 1, 1, 9, 8, 7, 6, 7, 3, 6, 7, 2, 7, 9, 7


Decimal expansion of 6th root of 14.
1, 5, 5, 2, 4, 6, 3, 2, 8, 9, 1, 5, 5, 4, 0, 8, 6, 5, 5, 5, 6, 1, 5, 2, 2, 2, 0, 7, 8, 7, 8, 7, 0, 5, 2, 8, 7, 6, 5, 8, 8, 6, 7, 8, 2, 7, 9, 0, 3, 5, 8, 9, 8, 8, 1, 1, 5, 8, 1, 8, 9, 9, 2, 8, 0, 4, 4, 5, 3, 6, 7, 8, 9, 4, 8, 6, 9, 3, 6, 5, 8, 1, 3, 7, 8, 8, 2, 2, 4, 6, 0, 5, 6, 5, 5, 2, 0, 4, 2


Decimal expansion of 7th root of 14.
1, 4, 5, 7, 9, 1, 6, 2, 4, 9, 5, 7, 6, 2, 8, 3, 5, 3, 0, 6, 9, 1, 3, 1, 1, 2, 7, 1, 1, 2, 2, 6, 0, 6, 9, 3, 4, 3, 0, 6, 9, 2, 6, 7, 6, 4, 4, 7, 1, 3, 5, 4, 2, 5, 2, 2, 1, 1, 1, 9, 4, 6, 6, 4, 4, 9, 3, 3, 7, 9, 2, 5, 1, 9, 7, 1, 8, 5, 5, 6, 5, 6, 5, 7, 0, 7, 8, 4, 6, 0, 1, 7, 6, 0, 1, 5, 2, 5, 2


Decimal expansion of 8th root of 14.
1, 3, 9, 0, 8, 0, 4, 2, 3, 5, 0, 6, 2, 4, 5, 8, 1, 3, 7, 3, 6, 4, 6, 5, 9, 6, 6, 9, 8, 9, 5, 9, 2, 6, 5, 5, 0, 6, 0, 7, 6, 3, 6, 3, 9, 9, 7, 2, 0, 4, 1, 7, 2, 1, 0, 1, 8, 8, 3, 8, 7, 9, 4, 4, 2, 4, 6, 2, 8, 0, 1, 8, 8, 7, 7, 5, 8, 5, 9, 6, 1, 1, 2, 7, 0, 2, 1, 2, 0, 4, 5, 0, 4, 8, 6, 5, 6, 8, 1


Decimal expansion of 9th root of 14.
1, 3, 4, 0, 7, 4, 9, 2, 4, 0, 1, 9, 5, 2, 8, 0, 6, 0, 3, 9, 1, 0, 7, 5, 9, 9, 3, 9, 5, 1, 0, 3, 5, 4, 3, 9, 1, 1, 9, 2, 4, 6, 1, 0, 6, 7, 5, 1, 7, 6, 0, 0, 3, 5, 1, 8, 3, 6, 0, 4, 8, 3, 1, 2, 9, 7, 9, 7, 7, 2, 3, 7, 5, 6, 2, 3, 9, 8, 7, 0, 4, 7, 0, 2, 1, 9, 9, 3, 4, 6, 5, 6, 8, 4, 1, 6, 2, 9, 5


Decimal expansion of 10th root of 14.
1, 3, 0, 2, 0, 0, 5, 4, 5, 4, 3, 1, 7, 4, 6, 7, 7, 0, 4, 4, 9, 7, 2, 4, 9, 3, 0, 3, 0, 7, 7, 4, 2, 5, 6, 3, 0, 3, 2, 3, 0, 2, 8, 8, 9, 1, 5, 1, 1, 1, 9, 3, 5, 3, 9, 7, 6, 2, 7, 1, 8, 4, 8, 2, 7, 3, 7, 5, 7, 3, 7, 7, 5, 7, 0, 9, 8, 5, 0, 9, 9, 1, 4, 8, 8, 6, 7, 8, 7, 3, 5, 8, 9, 4, 7, 9, 1, 6, 7


Decimal expansion of 11th root of 14.
1, 2, 7, 1, 1, 4, 0, 2, 1, 2, 3, 5, 9, 7, 1, 3, 1, 3, 3, 9, 4, 3, 2, 5, 7, 9, 6, 5, 6, 1, 6, 7, 4, 4, 9, 4, 4, 5, 6, 8, 8, 4, 8, 9, 1, 1, 8, 5, 8, 4, 5, 4, 8, 6, 8, 9, 0, 2, 2, 0, 3, 0, 8, 5, 3, 9, 8, 1, 3, 3, 3, 7, 1, 6, 1, 3, 2, 8, 2, 9, 8, 2, 5, 8, 5, 0, 4, 6, 8, 0, 7, 4, 2, 2, 5, 2, 2, 5, 1


Decimal expansion of 12th root of 14.
1, 2, 4, 5, 9, 7, 8, 8, 4, 7, 7, 9, 6, 1, 4, 4, 8, 3, 4, 5, 2, 2, 8, 9, 1, 2, 2, 6, 2, 3, 4, 9, 2, 7, 9, 8, 1, 2, 3, 0, 6, 9, 8, 3, 0, 4, 2, 1, 9, 4, 3, 9, 2, 9, 3, 0, 2, 2, 9, 3, 1, 6, 8, 4, 8, 0, 5, 2, 8, 7, 7, 4, 0, 1, 9, 5, 8, 6, 5, 9, 8, 7, 9, 4, 0, 0, 4, 1, 4, 0, 0, 9, 6, 4, 9, 2, 6, 0, 9


Decimal expansion of 13th root of 14.
1, 2, 2, 5, 0, 7, 7, 8, 7, 0, 7, 9, 2, 7, 4, 0, 0, 5, 8, 3, 7, 8, 9, 8, 7, 9, 2, 3, 6, 9, 3, 9, 3, 8, 2, 4, 7, 5, 6, 9, 6, 3, 7, 1, 0, 6, 9, 2, 4, 2, 0, 2, 3, 0, 0, 9, 2, 6, 3, 7, 5, 9, 4, 4, 7, 8, 6, 4, 3, 5, 9, 1, 0, 0, 4, 5, 3, 5, 2, 1, 2, 3, 4, 0, 7, 7, 1, 0, 7, 5, 6, 0, 2, 4, 2, 1, 2, 6, 8


Decimal expansion of 14th root of 14.
1, 2, 0, 7, 4, 4, 2, 0, 2, 7, 4, 1, 8, 4, 1, 1, 3, 1, 0, 4, 0, 7, 4, 6, 9, 8, 7, 6, 1, 6, 8, 9, 3, 2, 9, 6, 3, 9, 3, 1, 9, 1, 2, 6, 5, 7, 7, 8, 4, 4, 2, 2, 1, 5, 7, 0, 0, 3, 9, 1, 3, 4, 1, 7, 4, 3, 4, 8, 2, 0, 7, 9, 0, 2, 4, 3, 5, 8, 1, 9, 7, 1, 1, 7, 1, 9, 3, 9, 5, 2, 5, 5, 0, 1, 7, 9, 1, 3, 5


Decimal expansion of 15th root of 14.
1, 1, 9, 2, 3, 6, 3, 1, 2, 2, 6, 0, 2, 4, 5, 8, 6, 7, 7, 6, 4, 3, 7, 1, 7, 0, 0, 9, 3, 4, 7, 4, 7, 5, 9, 9, 6, 6, 6, 3, 1, 5, 0, 5, 2, 1, 1, 6, 6, 6, 5, 0, 6, 6, 5, 0, 5, 8, 0, 6, 5, 3, 1, 5, 7, 0, 4, 7, 8, 8, 9, 1, 6, 8, 7, 3, 5, 0, 8, 1, 7, 1, 6, 6, 1, 7, 2, 5, 8, 2, 9, 5, 0, 4, 4, 0, 5, 5, 0


Decimal expansion of 16th root of 14.
1, 1, 7, 9, 3, 2, 3, 6, 3, 4, 5, 7, 2, 9, 9, 4, 6, 1, 4, 0, 6, 2, 1, 2, 1, 3, 2, 3, 5, 8, 2, 2, 1, 1, 5, 2, 5, 0, 4, 6, 6, 7, 7, 9, 6, 7, 6, 0, 0, 1, 4, 1, 4, 8, 6, 0, 1, 0, 1, 1, 9, 2, 4, 8, 5, 3, 0, 6, 5, 7, 5, 5, 5, 0, 0, 8, 7, 9, 9, 7, 5, 7, 9, 4, 2, 2, 7, 7, 5, 8, 4, 3, 0, 8, 5, 6, 9, 3, 2


Decimal expansion of 17th root of 14.
1, 1, 6, 7, 9, 3, 6, 6, 7, 5, 1, 4, 1, 6, 5, 1, 5, 8, 4, 9, 3, 3, 6, 4, 5, 7, 4, 2, 1, 0, 7, 0, 0, 8, 9, 4, 4, 5, 2, 3, 4, 4, 7, 5, 5, 7, 7, 5, 8, 3, 6, 9, 1, 9, 6, 7, 5, 5, 1, 1, 8, 5, 9, 4, 2, 3, 4, 0, 5, 1, 6, 2, 2, 1, 6, 9, 3, 6, 0, 3, 3, 1, 3, 4, 9, 7, 8, 7, 5, 8, 1, 1, 9, 6, 6, 0, 1, 1, 0


Decimal expansion of 18th root of 14.
1, 1, 5, 7, 9, 0, 7, 2, 6, 7, 5, 2, 8, 4, 8, 4, 1, 6, 6, 8, 7, 2, 1, 7, 5, 1, 0, 3, 4, 9, 8, 9, 3, 0, 4, 4, 1, 5, 8, 3, 7, 0, 4, 0, 3, 5, 8, 2, 9, 9, 6, 0, 4, 7, 9, 4, 2, 5, 0, 1, 1, 7, 0, 2, 0, 5, 2, 8, 4, 8, 6, 7, 1, 3, 4, 6, 5, 2, 6, 0, 2, 5, 1, 8, 1, 1, 5, 7, 1, 1, 8, 9, 8, 4, 6, 7, 0, 6, 1


Decimal expansion of 19th root of 14.
1, 1, 4, 9, 0, 0, 6, 6, 1, 2, 8, 8, 5, 9, 1, 2, 8, 3, 3, 8, 0, 6, 6, 0, 7, 9, 9, 2, 5, 3, 5, 5, 8, 5, 7, 3, 6, 7, 0, 4, 0, 1, 9, 2, 7, 3, 6, 4, 4, 0, 1, 7, 9, 7, 7, 1, 2, 0, 3, 9, 0, 8, 9, 6, 1, 5, 9, 3, 7, 4, 0, 1, 0, 4, 1, 3, 2, 0, 9, 3, 5, 0, 7, 9, 4, 1, 5, 2, 4, 3, 6, 6, 0, 7, 8, 7, 9, 4, 4


Decimal expansion of 20th root of 14.
1, 1, 4, 1, 0, 5, 4, 5, 3, 6, 0, 8, 3, 8, 2, 2, 6, 4, 0, 5, 7, 2, 8, 1, 7, 9, 2, 7, 0, 8, 4, 9, 6, 1, 7, 8, 6, 7, 0, 8, 0, 3, 2, 7, 3, 1, 3, 1, 1, 6, 7, 5, 2, 3, 6, 2, 6, 2, 7, 5, 0, 5, 8, 6, 2, 2, 1, 0, 6, 6, 4, 5, 4, 5, 0, 7, 9, 2, 9, 7, 0, 5, 7, 9, 4, 2, 4, 4, 3, 9, 0, 5, 5, 0, 4, 8, 0, 9, 4


Decimal expansion of 6th root of 15.
1, 5, 7, 0, 4, 1, 7, 8, 0, 2, 4, 7, 5, 0, 1, 9, 7, 3, 5, 3, 1, 0, 5, 2, 9, 6, 6, 7, 0, 0, 2, 6, 2, 3, 3, 4, 9, 4, 5, 8, 3, 7, 7, 7, 7, 6, 6, 5, 8, 1, 3, 5, 3, 3, 7, 8, 9, 6, 2, 8, 9, 9, 3, 8, 4, 0, 0, 7, 4, 6, 5, 8, 5, 2, 9, 2, 6, 0, 5, 4, 2, 2, 2, 1, 3, 4, 3, 4, 6, 9, 0, 4, 8, 9, 0, 6, 6, 2, 2


Decimal expansion of 7th root of 15.
1, 4, 7, 2, 3, 5, 6, 7, 0, 0, 1, 8, 0, 3, 4, 6, 9, 2, 3, 7, 1, 2, 7, 9, 0, 0, 0, 0, 9, 7, 4, 0, 2, 4, 2, 3, 2, 7, 9, 6, 1, 6, 6, 4, 0, 7, 5, 4, 6, 7, 7, 5, 7, 6, 3, 4, 6, 8, 2, 8, 2, 2, 1, 4, 8, 3, 9, 3, 8, 8, 2, 6, 5, 5, 3, 8, 1, 2, 3, 5, 3, 5, 0, 2, 8, 0, 8, 3, 0, 3, 4, 9, 8, 6, 5, 0, 1, 5, 4


Decimal expansion of 8th root of 15.
1, 4, 0, 2, 8, 5, 0, 5, 5, 2, 0, 0, 6, 6, 7, 4, 1, 6, 5, 8, 6, 6, 2, 3, 7, 8, 5, 2, 7, 5, 1, 5, 1, 4, 4, 0, 4, 8, 3, 0, 8, 1, 1, 7, 4, 6, 4, 0, 8, 9, 6, 8, 1, 5, 2, 6, 2, 0, 0, 9, 5, 1, 2, 6, 0, 5, 5, 2, 8, 4, 7, 1, 5, 6, 9, 4, 8, 3, 0, 4, 3, 3, 1, 0, 9, 4, 7, 4, 5, 3, 0, 3, 6, 4, 1, 1, 8, 5, 6


Decimal expansion of 9th root of 15.
1, 3, 5, 1, 0, 6, 6, 7, 5, 1, 6, 0, 1, 7, 7, 0, 8, 3, 1, 3, 4, 6, 1, 9, 8, 1, 5, 4, 0, 3, 1, 1, 0, 4, 1, 6, 7, 9, 4, 8, 9, 0, 0, 4, 0, 3, 4, 5, 0, 6, 8, 2, 0, 2, 8, 2, 8, 4, 6, 7, 7, 7, 5, 0, 4, 1, 8, 4, 7, 7, 9, 4, 6, 6, 6, 7, 4, 8, 8, 8, 3, 9, 8, 8, 3, 4, 0, 1, 8, 0, 2, 5, 7, 4, 3, 3, 5, 4, 6


Decimal expansion of 10th root of 15.
1, 3, 1, 1, 0, 1, 9, 4, 2, 3, 0, 3, 9, 7, 4, 9, 9, 2, 5, 2, 0, 4, 5, 5, 6, 4, 0, 7, 0, 5, 2, 8, 0, 4, 3, 3, 0, 7, 3, 2, 0, 1, 6, 4, 3, 4, 7, 8, 3, 5, 3, 5, 3, 9, 3, 1, 0, 6, 1, 2, 6, 9, 1, 9, 7, 0, 2, 3, 3, 4, 7, 2, 8, 5, 6, 3, 4, 4, 0, 8, 9, 2, 6, 0, 8, 6, 3, 3, 9, 8, 7, 4, 7, 2, 3, 7, 6, 2, 1


Decimal expansion of 11th root of 15.
1, 2, 7, 9, 1, 3, 7, 9, 5, 9, 5, 1, 2, 4, 0, 0, 9, 7, 0, 5, 8, 2, 8, 5, 3, 4, 9, 4, 1, 9, 1, 7, 7, 2, 9, 7, 7, 9, 0, 2, 2, 5, 7, 3, 4, 8, 1, 3, 1, 0, 4, 2, 9, 2, 8, 4, 9, 4, 7, 5, 1, 2, 9, 8, 9, 4, 7, 9, 4, 6, 4, 9, 8, 1, 0, 6, 0, 8, 5, 6, 8, 5, 3, 5, 7, 6, 8, 6, 2, 4, 8, 3, 5, 2, 0, 5, 9, 6, 5


Decimal expansion of 12th root of 15.
1, 2, 5, 3, 1, 6, 3, 1, 1, 8, 8, 6, 1, 6, 3, 4, 7, 6, 2, 2, 8, 6, 4, 3, 4, 9, 2, 6, 5, 9, 1, 1, 8, 5, 4, 4, 4, 4, 5, 2, 4, 7, 7, 7, 8, 4, 3, 1, 2, 4, 6, 7, 9, 7, 6, 5, 2, 9, 6, 2, 1, 7, 3, 3, 6, 3, 1, 5, 0, 9, 9, 8, 0, 7, 9, 6, 2, 8, 0, 1, 7, 5, 0, 2, 2, 9, 5, 3, 7, 8, 2, 8, 9, 8, 3, 3, 1, 9, 3


Decimal expansion of 13th root of 15.
1, 2, 3, 1, 5, 9, 6, 8, 1, 8, 6, 1, 2, 2, 4, 8, 4, 5, 7, 0, 7, 0, 7, 4, 0, 0, 5, 3, 1, 8, 3, 7, 4, 6, 1, 2, 0, 2, 4, 4, 7, 4, 3, 6, 0, 9, 2, 2, 9, 2, 7, 4, 3, 1, 7, 6, 2, 8, 5, 9, 5, 1, 4, 7, 4, 7, 8, 7, 5, 3, 4, 8, 9, 9, 0, 1, 4, 3, 7, 6, 4, 9, 1, 3, 2, 2, 3, 7, 8, 4, 6, 5, 0, 7, 7, 4, 4, 2, 3


Decimal expansion of 14th root of 15.
1, 2, 1, 3, 4, 0, 7, 0, 6, 2, 8, 5, 2, 5, 0, 6, 6, 0, 8, 7, 7, 8, 0, 9, 4, 6, 5, 1, 8, 6, 8, 6, 4, 7, 5, 6, 4, 9, 7, 3, 4, 4, 8, 2, 6, 1, 4, 8, 4, 6, 6, 7, 3, 5, 1, 8, 7, 4, 2, 5, 5, 8, 2, 4, 8, 8, 6, 0, 8, 4, 5, 6, 9, 7, 5, 5, 8, 6, 5, 2, 1, 2, 8, 1, 6, 1, 1, 8, 0, 7, 5, 8, 6, 9, 9, 7, 5, 5, 6


Decimal expansion of 15th root of 15.
1, 1, 9, 7, 8, 6, 0, 0, 5, 8, 2, 6, 9, 6, 3, 6, 2, 4, 4, 4, 2, 7, 1, 6, 2, 8, 8, 1, 8, 1, 0, 0, 7, 5, 4, 6, 4, 3, 8, 0, 9, 0, 1, 7, 3, 8, 8, 9, 2, 8, 4, 1, 6, 9, 1, 6, 4, 4, 6, 5, 0, 9, 8, 7, 2, 9, 8, 3, 6, 4, 8, 5, 9, 0, 6, 9, 6, 4, 8, 1, 0, 3, 9, 3, 8, 5, 3, 7, 9, 5, 5, 0, 3, 2, 6, 3, 2, 3, 6


Decimal expansion of 16th root of 15.
1, 1, 8, 4, 4, 1, 9, 9, 2, 2, 1, 5, 8, 8, 0, 6, 8, 8, 7, 1, 7, 4, 6, 8, 9, 9, 8, 5, 2, 2, 0, 2, 0, 7, 9, 4, 3, 4, 0, 9, 8, 2, 9, 2, 2, 5, 0, 3, 6, 2, 6, 9, 4, 3, 9, 7, 7, 1, 4, 0, 0, 1, 5, 1, 9, 9, 7, 5, 8, 8, 1, 4, 9, 2, 9, 5, 9, 4, 3, 8, 1, 1, 8, 1, 2, 0, 1, 0, 1, 8, 8, 6, 2, 1, 2, 3, 0, 2, 8


Decimal expansion of 17th root of 15.
1, 1, 7, 2, 6, 8, 6, 2, 6, 5, 6, 1, 5, 2, 6, 3, 2, 8, 6, 9, 6, 7, 7, 7, 4, 7, 5, 0, 2, 9, 3, 6, 3, 4, 5, 5, 9, 1, 8, 8, 3, 6, 6, 4, 1, 4, 9, 5, 7, 7, 0, 4, 9, 6, 6, 5, 8, 5, 7, 2, 3, 5, 0, 3, 4, 5, 0, 1, 4, 1, 1, 1, 8, 2, 3, 2, 7, 7, 2, 1, 6, 8, 3, 8, 0, 4, 9, 5, 2, 5, 2, 4, 6, 0, 4, 8, 5, 5, 3


Decimal expansion of 18th root of 15.
1, 1, 6, 2, 3, 5, 3, 9, 7, 0, 0, 1, 1, 6, 1, 8, 6, 3, 4, 2, 7, 2, 8, 5, 5, 4, 3, 7, 2, 1, 6, 2, 2, 8, 4, 5, 9, 6, 2, 9, 4, 7, 0, 5, 4, 7, 2, 4, 0, 6, 9, 3, 6, 6, 3, 1, 1, 2, 5, 8, 5, 3, 4, 0, 9, 4, 2, 7, 0, 7, 1, 0, 2, 1, 3, 8, 5, 9, 5, 6, 6, 3, 7, 3, 0, 8, 9, 1, 6, 7, 8, 8, 8, 6, 2, 0, 9, 3, 1


Decimal expansion of 19th root of 15.
1, 1, 5, 3, 1, 8, 6, 4, 7, 4, 3, 9, 3, 2, 9, 9, 4, 6, 9, 6, 4, 6, 2, 2, 6, 6, 0, 2, 8, 2, 5, 1, 4, 1, 9, 2, 8, 1, 6, 8, 3, 6, 2, 6, 1, 6, 7, 5, 8, 6, 7, 1, 3, 8, 3, 6, 5, 6, 8, 2, 4, 4, 8, 0, 8, 3, 6, 5, 8, 6, 0, 9, 6, 5, 8, 1, 5, 7, 2, 7, 6, 5, 5, 6, 1, 7, 5, 3, 4, 7, 0, 9, 7, 5, 1, 2, 5, 8, 3


Decimal expansion of 20th root of 15.
1, 1, 4, 4, 9, 9, 7, 5, 6, 4, 6, 4, 3, 5, 8, 9, 0, 6, 7, 4, 0, 4, 4, 9, 1, 6, 6, 5, 5, 2, 5, 5, 9, 6, 2, 6, 8, 5, 6, 9, 2, 7, 2, 6, 0, 3, 7, 4, 9, 1, 8, 3, 7, 7, 9, 2, 3, 1, 1, 3, 8, 7, 0, 2, 4, 6, 4, 4, 3, 6, 6, 5, 9, 7, 0, 5, 9, 3, 9, 6, 8, 1, 0, 1, 9, 3, 4, 3, 3, 5, 2, 9, 3, 0, 1, 2, 1, 3, 5


Reciprocal of g.f. for <a href="/A007863" title="Number of hybrid binary trees with n internal nodes.">A007863</a>.
1, -2, -3, -11, -49, -244, -1301, -7265, -41945, -248357, -1499838, -9202478, -57204263, -359491066, -2280171089, -14578108497, -93850280001, -607856133804, -3958143058643, -25897182540675, -170164359751174, -1122422557526850, -7429480035700452


Decimal expansion of 7th root of 16.
1, 4, 8, 5, 9, 9, 4, 2, 8, 9, 1, 3, 6, 9, 4, 8, 4, 2, 4, 7, 9, 9, 8, 5, 3, 2, 8, 6, 7, 1, 4, 5, 9, 2, 6, 0, 6, 3, 2, 3, 7, 1, 1, 3, 5, 9, 4, 3, 7, 1, 0, 9, 7, 3, 3, 3, 5, 6, 5, 0, 3, 1, 9, 7, 1, 5, 0, 7, 9, 0, 8, 5, 8, 3, 4, 0, 5, 5, 6, 2, 0, 0, 4, 9, 6, 3, 9, 7, 9, 9, 4, 0, 9, 1, 2, 3, 3, 5, 1


Expansion of (1-x^2-x^3)/(1-2*x-5*x^2-4*x^3-x^4).
1, 2, 8, 29, 107, 393, 1445, 5312, 19528, 71789, 263911, 970191, 3566621, 13111630, 48201040, 177196905, 651412151, 2394724617, 8803498649, 32363465892, 118974735648, 437375519969, 1607882080395, 5910904169119


Decimal expansion of 9th root of 16.
1, 3, 6, 0, 7, 9, 0, 0, 0, 0, 1, 7, 4, 3, 7, 6, 9, 6, 4, 2, 5, 5, 6, 8, 0, 3, 7, 5, 3, 2, 4, 8, 1, 3, 0, 9, 8, 8, 7, 0, 1, 2, 6, 6, 9, 8, 7, 3, 9, 3, 2, 7, 8, 6, 3, 6, 6, 4, 7, 9, 9, 7, 1, 4, 9, 6, 6, 6, 5, 3, 2, 7, 6, 0, 8, 8, 7, 4, 6, 8, 2, 5, 7, 2, 1, 7, 6, 2, 8, 4, 1, 2, 2, 9, 5, 4, 6, 4, 1


a(n+1)=a(n)-F(n) if &gt;0, else a(n)+F(n), where F() are Fibonacci numbers.
0, 0, 1, 2, 4, 1, 6, 14, 1, 22, 56, 1, 90, 234, 1, 378, 988, 1, 1598, 4182, 1, 6766, 17712, 1, 28658, 75026, 1, 121394, 317812, 1, 514230, 1346270, 1, 2178310, 5702888, 1, 9227466, 24157818, 1, 39088170, 102334156, 1, 165580142, 433494438, 1, 701408734


Decimal expansion of 11th root of 16.
1, 2, 8, 6, 6, 6, 4, 8, 9, 8, 0, 0, 9, 4, 3, 1, 7, 9, 0, 4, 4, 2, 6, 6, 4, 3, 5, 3, 5, 7, 7, 2, 4, 8, 3, 9, 0, 9, 5, 2, 4, 6, 1, 1, 2, 4, 3, 2, 6, 8, 2, 7, 9, 5, 5, 9, 8, 0, 5, 8, 5, 7, 1, 1, 8, 7, 4, 9, 4, 6, 4, 4, 8, 4, 7, 9, 1, 0, 1, 1, 4, 0, 7, 9, 5, 3, 6, 6, 5, 5, 6, 5, 9, 5, 9, 5, 1, 0, 4


a(n) = n minus (number of 1's in binary expansion of n). Also highest power of 2 dividing n!.
0, 0, 1, 1, 3, 3, 4, 4, 7, 7, 8, 8, 10, 10, 11, 11, 15, 15, 16, 16, 18, 18, 19, 19, 22, 22, 23, 23, 25, 25, 26, 26, 31, 31, 32, 32, 34, 34, 35, 35, 38, 38, 39, 39, 41, 41, 42, 42, 46, 46, 47, 47, 49, 49, 50, 50, 53, 53, 54, 54, 56, 56, 57, 57, 63, 63, 64, 64, 66, 66, 67, 67, 70


Decimal expansion of 13th root of 16.
1, 2, 3, 7, 7, 2, 6, 2, 8, 5, 3, 0, 5, 4, 2, 8, 0, 4, 7, 6, 3, 7, 0, 6, 2, 0, 3, 8, 9, 6, 4, 3, 4, 7, 9, 8, 7, 2, 0, 0, 6, 3, 1, 5, 1, 0, 3, 9, 6, 7, 3, 8, 3, 4, 4, 0, 2, 9, 0, 4, 9, 0, 8, 3, 5, 5, 3, 7, 4, 8, 5, 5, 7, 1, 7, 0, 6, 2, 6, 4, 9, 8, 7, 7, 9, 5, 3, 8, 3, 9, 7, 3, 3, 4, 7, 1, 1, 7, 5


Number of 1's in binary expansion of Fibonacci(n).
0, 1, 1, 1, 2, 2, 1, 3, 3, 2, 5, 4, 2, 5, 6, 4, 8, 7, 4, 5, 8, 6, 8, 11, 6, 6, 9, 11, 11, 12, 8, 11, 9, 13, 12, 11, 12, 14, 10, 12, 16, 17, 14, 16, 18, 15, 21, 13, 12, 18, 18, 17, 17, 17, 16, 22, 21, 16, 24, 20, 16, 19, 26, 23, 20, 25, 19, 26, 15, 23, 23, 22, 25, 27, 24, 23, 23, 22


Decimal expansion of 15th root of 16.
1, 2, 0, 3, 0, 2, 5, 0, 3, 6, 0, 8, 2, 1, 1, 6, 6, 5, 0, 9, 5, 7, 1, 2, 5, 4, 4, 2, 5, 0, 3, 7, 2, 7, 4, 5, 1, 0, 1, 5, 5, 4, 7, 6, 9, 4, 1, 9, 0, 5, 0, 8, 5, 0, 8, 7, 5, 9, 9, 1, 5, 7, 4, 9, 7, 9, 7, 3, 2, 9, 2, 4, 1, 2, 9, 0, 5, 6, 0, 8, 8, 9, 6, 7, 1, 9, 0, 6, 1, 4, 0, 6, 5, 8, 6, 6, 8, 2, 2


Length of n-th term in <a href="/A006960" title="Reverse and Add! sequence starting with 196.">A006960</a>.
3, 3, 4, 4, 5, 5, 5, 6, 7, 8, 8, 8, 8, 9, 9, 9, 9, 10, 10, 11, 11, 12, 12, 12, 13, 13, 14, 14, 15, 15, 16, 16, 16, 17, 17, 18, 18, 19, 19, 19, 20, 20, 20, 21, 21, 22, 22, 23, 23, 24, 24, 25, 25, 26, 26, 27, 27, 28, 28, 29


Decimal expansion of 17th root of 16.
1, 1, 7, 7, 1, 4, 6, 6, 9, 3, 9, 0, 8, 9, 1, 7, 6, 8, 6, 9, 2, 5, 6, 3, 0, 3, 8, 9, 8, 4, 2, 6, 0, 3, 1, 9, 8, 2, 5, 9, 4, 3, 3, 7, 4, 2, 1, 4, 6, 1, 1, 6, 1, 7, 7, 9, 5, 0, 3, 2, 8, 6, 2, 9, 2, 9, 9, 6, 1, 0, 7, 7, 3, 7, 4, 0, 2, 1, 0, 6, 2, 4, 8, 4, 1, 1, 3, 1, 4, 6, 1, 7, 6, 0, 3, 6, 1, 3, 5


Expansion of 1/((1-x)*(1-2*x)*(1-x^2)).
1, 3, 8, 18, 39, 81, 166, 336, 677, 1359, 2724, 5454, 10915, 21837, 43682, 87372, 174753, 349515, 699040, 1398090, 2796191, 5592393, 11184798, 22369608, 44739229, 89478471, 178956956, 357913926


Decimal expansion of 19th root of 16.
1, 1, 5, 7, 1, 1, 0, 2, 3, 7, 2, 8, 2, 7, 1, 9, 8, 2, 5, 5, 1, 4, 2, 9, 1, 1, 2, 3, 6, 2, 9, 6, 9, 0, 0, 2, 0, 5, 4, 8, 3, 6, 6, 6, 3, 3, 9, 5, 1, 4, 3, 5, 8, 3, 4, 5, 5, 1, 3, 7, 1, 3, 3, 1, 4, 7, 1, 2, 3, 6, 7, 3, 1, 2, 8, 6, 7, 9, 1, 6, 6, 3, 0, 1, 9, 1, 4, 0, 4, 3, 8, 6, 4, 7, 4, 5, 8, 7, 4


a(n) = n^2*(n+1).
0, 2, 12, 36, 80, 150, 252, 392, 576, 810, 1100, 1452, 1872, 2366, 2940, 3600, 4352, 5202, 6156, 7220, 8400, 9702, 11132, 12696, 14400, 16250, 18252, 20412, 22736, 25230, 27900, 30752, 33792, 37026, 40460, 44100, 47952, 52022, 56316, 60840


Decimal expansion of 6th root of 17.
1, 6, 0, 3, 5, 2, 1, 6, 2, 1, 5, 1, 2, 5, 4, 9, 2, 8, 2, 9, 8, 5, 4, 6, 4, 7, 9, 0, 7, 0, 2, 3, 1, 7, 5, 8, 6, 5, 3, 5, 1, 3, 4, 8, 6, 6, 5, 4, 4, 9, 7, 1, 0, 0, 9, 8, 5, 9, 8, 3, 0, 2, 4, 1, 2, 5, 1, 1, 1, 7, 4, 0, 4, 2, 5, 5, 5, 0, 6, 2, 4, 1, 7, 8, 4, 7, 7, 5, 0, 4, 0, 7, 7, 9, 1, 4, 7, 2, 5


Decimal expansion of 7th root of 17.
1, 4, 9, 8, 9, 1, 9, 8, 7, 2, 0, 7, 1, 5, 6, 2, 0, 1, 2, 1, 7, 2, 7, 9, 0, 1, 2, 3, 6, 8, 2, 5, 2, 9, 6, 7, 7, 8, 5, 9, 7, 2, 2, 7, 9, 7, 9, 4, 0, 2, 2, 5, 5, 6, 8, 2, 4, 5, 6, 7, 1, 2, 2, 3, 1, 8, 5, 4, 5, 3, 6, 1, 3, 3, 5, 0, 0, 6, 6, 9, 2, 0, 2, 1, 6, 2, 3, 7, 9, 1, 7, 1, 0, 2, 3, 2, 9, 5, 4


Decimal expansion of 8th root of 17.
1, 4, 2, 4, 9, 7, 1, 2, 9, 2, 6, 4, 7, 3, 0, 4, 7, 7, 8, 6, 3, 1, 3, 0, 7, 3, 3, 0, 5, 4, 9, 5, 1, 0, 0, 6, 8, 9, 8, 6, 8, 0, 5, 4, 5, 1, 7, 5, 1, 1, 8, 3, 1, 1, 6, 1, 1, 0, 4, 1, 0, 2, 8, 8, 0, 2, 1, 4, 8, 8, 1, 6, 0, 9, 4, 5, 8, 9, 4, 7, 6, 5, 1, 2, 4, 3, 1, 7, 3, 6, 7, 9, 1, 2, 8, 8, 7, 0, 3


Decimal expansion of 9th root of 17.
1, 3, 6, 9, 9, 8, 7, 3, 1, 7, 7, 3, 9, 7, 4, 5, 7, 0, 2, 1, 0, 9, 1, 7, 1, 6, 9, 0, 6, 5, 1, 9, 8, 2, 1, 8, 3, 1, 9, 8, 6, 3, 0, 3, 7, 4, 6, 9, 3, 9, 5, 9, 9, 0, 4, 8, 4, 2, 2, 2, 9, 0, 4, 0, 7, 2, 3, 6, 2, 5, 4, 8, 7, 1, 1, 5, 4, 3, 2, 8, 7, 7, 6, 5, 7, 8, 0, 9, 4, 0, 2, 1, 2, 3, 3, 5, 1, 8, 9


Decimal expansion of 10th root of 17.
1, 3, 2, 7, 5, 3, 1, 6, 7, 4, 8, 8, 8, 5, 1, 9, 1, 9, 0, 6, 4, 3, 2, 5, 6, 8, 8, 6, 0, 2, 1, 2, 0, 7, 5, 2, 6, 0, 0, 9, 7, 6, 3, 0, 6, 0, 7, 9, 4, 6, 8, 4, 6, 2, 9, 5, 7, 8, 4, 6, 7, 2, 9, 4, 2, 3, 2, 4, 2, 5, 3, 6, 0, 6, 5, 4, 6, 5, 6, 3, 3, 1, 3, 2, 3, 7, 6, 8, 9, 4, 3, 5, 9, 3, 7, 2, 3, 4, 6


Decimal expansion of 11th root of 17.
1, 2, 9, 3, 7, 7, 5, 7, 0, 8, 9, 1, 5, 5, 5, 7, 8, 8, 8, 1, 2, 0, 2, 1, 3, 1, 3, 7, 2, 7, 3, 3, 8, 7, 0, 9, 3, 0, 7, 3, 1, 3, 6, 8, 6, 2, 0, 4, 0, 2, 2, 4, 0, 0, 6, 9, 9, 1, 9, 7, 0, 9, 9, 3, 7, 5, 3, 0, 6, 1, 3, 6, 0, 3, 5, 5, 7, 0, 1, 2, 9, 6, 5, 7, 3, 6, 5, 3, 3, 6, 1, 7, 3, 2, 8, 4, 9, 2, 7


Decimal expansion of 12th root of 17.
1, 2, 6, 6, 3, 0, 2, 3, 4, 2, 0, 6, 2, 3, 3, 2, 7, 9, 1, 2, 0, 8, 5, 5, 4, 6, 0, 5, 1, 3, 8, 0, 7, 8, 5, 9, 8, 0, 8, 2, 2, 7, 4, 2, 1, 1, 1, 0, 9, 7, 6, 6, 8, 3, 7, 7, 6, 2, 4, 9, 7, 6, 7, 1, 3, 8, 5, 2, 6, 7, 7, 0, 7, 9, 8, 8, 3, 9, 3, 3, 5, 2, 2, 1, 7, 3, 9, 4, 2, 8, 9, 2, 0, 7, 7, 5, 1, 7, 1


Decimal expansion of 13th root of 17.
1, 2, 4, 3, 5, 1, 1, 8, 1, 7, 9, 6, 0, 5, 8, 0, 3, 3, 9, 7, 5, 9, 8, 0, 1, 3, 2, 0, 6, 0, 2, 0, 5, 0, 9, 3, 7, 2, 2, 7, 9, 6, 0, 9, 7, 1, 9, 4, 0, 3, 6, 6, 5, 5, 5, 0, 5, 1, 2, 6, 1, 6, 7, 3, 0, 6, 8, 6, 9, 9, 2, 0, 7, 0, 6, 9, 7, 1, 4, 8, 1, 6, 8, 7, 4, 9, 5, 2, 3, 1, 1, 6, 1, 9, 2, 2, 3, 5, 1


Decimal expansion of 14th root of 17.
1, 2, 2, 4, 3, 0, 3, 8, 3, 1, 6, 0, 0, 4, 5, 7, 7, 5, 1, 4, 1, 0, 9, 8, 9, 6, 6, 8, 1, 5, 7, 3, 7, 5, 8, 0, 2, 9, 9, 9, 8, 2, 8, 1, 9, 9, 1, 5, 9, 6, 2, 6, 6, 9, 9, 9, 1, 0, 6, 9, 3, 7, 4, 1, 8, 7, 9, 0, 3, 4, 0, 4, 3, 4, 4, 6, 9, 7, 5, 3, 1, 3, 6, 5, 1, 9, 5, 9, 1, 1, 3, 9, 6, 6, 7, 5, 4, 5, 0


Decimal expansion of 15th root of 17.
1, 2, 0, 7, 8, 9, 7, 0, 7, 0, 8, 1, 5, 4, 3, 3, 9, 3, 3, 8, 5, 2, 9, 2, 1, 9, 0, 3, 1, 5, 7, 4, 9, 2, 4, 3, 3, 9, 1, 1, 5, 8, 8, 7, 5, 8, 3, 8, 5, 3, 4, 2, 1, 4, 5, 8, 1, 0, 3, 3, 6, 4, 5, 5, 9, 6, 0, 6, 5, 3, 4, 5, 6, 3, 1, 5, 5, 2, 1, 6, 4, 9, 0, 6, 0, 5, 1, 6, 7, 0, 4, 7, 2, 3, 5, 7, 1, 0, 5


Decimal expansion of 16th root of 17.
1, 1, 9, 3, 7, 2, 1, 6, 1, 4, 3, 8, 3, 9, 0, 0, 1, 3, 7, 0, 7, 3, 3, 0, 2, 5, 9, 3, 0, 2, 1, 7, 4, 6, 8, 3, 9, 6, 1, 7, 1, 7, 4, 1, 2, 2, 0, 5, 2, 3, 6, 7, 7, 8, 1, 6, 3, 3, 1, 4, 3, 8, 0, 4, 7, 2, 6, 1, 4, 0, 6, 9, 8, 7, 9, 5, 1, 3, 9, 9, 9, 0, 6, 5, 7, 4, 8, 5, 3, 4, 0, 1, 8, 5, 2, 0, 2, 6, 5


Decimal expansion of 17th root of 17.
1, 1, 8, 1, 3, 5, 2, 0, 7, 4, 6, 2, 5, 5, 4, 5, 7, 2, 1, 5, 4, 0, 1, 5, 5, 6, 9, 3, 0, 5, 5, 3, 1, 0, 6, 3, 2, 5, 0, 3, 5, 3, 2, 3, 2, 9, 9, 9, 1, 6, 7, 1, 0, 6, 4, 4, 5, 4, 6, 2, 9, 8, 6, 4, 6, 3, 3, 0, 5, 1, 5, 8, 2, 9, 0, 7, 2, 6, 8, 5, 8, 2, 3, 7, 7, 4, 0, 2, 2, 9, 3, 7, 0, 2, 2, 4, 0, 2, 2


Decimal expansion of 18th root of 17.
1, 1, 7, 0, 4, 6, 4, 5, 7, 3, 4, 6, 6, 3, 4, 1, 9, 1, 1, 6, 1, 1, 0, 6, 4, 5, 8, 8, 8, 4, 9, 7, 6, 4, 4, 4, 5, 4, 5, 8, 3, 4, 7, 7, 4, 1, 1, 0, 5, 8, 8, 3, 9, 1, 3, 6, 7, 6, 6, 9, 3, 4, 1, 9, 0, 2, 5, 4, 2, 1, 6, 7, 2, 3, 2, 1, 4, 8, 6, 7, 0, 3, 5, 9, 6, 5, 1, 2, 5, 6, 5, 1, 1, 8, 9, 9, 6, 0, 4


Decimal expansion of 19th root of 17.
1, 1, 6, 0, 8, 0, 8, 2, 0, 5, 9, 6, 1, 6, 9, 4, 4, 5, 8, 3, 7, 3, 3, 0, 6, 6, 4, 9, 3, 6, 7, 5, 4, 1, 7, 2, 8, 9, 1, 0, 0, 5, 4, 8, 3, 8, 1, 5, 8, 7, 8, 8, 8, 7, 2, 4, 7, 7, 2, 0, 7, 8, 7, 0, 7, 0, 0, 3, 9, 8, 4, 6, 1, 1, 0, 6, 1, 5, 0, 0, 8, 0, 7, 7, 5, 9, 4, 6, 0, 0, 0, 2, 3, 6, 9, 9, 0, 7, 0


Decimal expansion of 20th root of 17.
1, 1, 5, 2, 1, 8, 5, 6, 0, 7, 8, 2, 9, 1, 0, 2, 8, 4, 9, 9, 8, 7, 1, 9, 1, 9, 2, 9, 1, 2, 3, 0, 6, 6, 8, 1, 9, 4, 5, 2, 0, 0, 4, 1, 4, 7, 7, 2, 1, 8, 8, 3, 4, 6, 3, 6, 5, 5, 2, 7, 1, 8, 1, 0, 0, 5, 9, 2, 0, 6, 6, 1, 8, 3, 4, 9, 7, 3, 9, 3, 4, 1, 2, 3, 8, 9, 1, 6, 0, 1, 5, 6, 9, 2, 1, 0, 0, 2, 3


Decimal expansion of 6th root of 18.
1, 6, 1, 8, 8, 7, 0, 4, 0, 6, 8, 6, 0, 5, 6, 6, 6, 5, 1, 9, 3, 0, 3, 4, 8, 0, 0, 5, 2, 7, 0, 5, 9, 2, 2, 1, 9, 9, 8, 4, 4, 6, 7, 5, 0, 3, 9, 8, 3, 5, 4, 1, 5, 0, 0, 3, 9, 4, 9, 7, 4, 1, 0, 3, 1, 1, 7, 5, 8, 6, 5, 8, 0, 4, 9, 0, 2, 0, 7, 6, 1, 1, 7, 8, 0, 1, 7, 3, 2, 7, 0, 8, 1, 3, 2, 6, 3, 0, 9


Decimal expansion of 7th root of 18.
1, 5, 1, 1, 2, 0, 9, 3, 9, 0, 5, 0, 9, 4, 0, 3, 1, 3, 5, 6, 9, 1, 0, 3, 4, 1, 1, 1, 4, 1, 3, 2, 9, 1, 5, 0, 9, 5, 4, 9, 3, 0, 8, 8, 1, 9, 6, 5, 6, 0, 1, 1, 6, 9, 9, 0, 7, 7, 8, 0, 1, 3, 6, 5, 3, 4, 7, 7, 5, 3, 8, 0, 2, 7, 9, 1, 2, 3, 2, 5, 1, 8, 6, 6, 2, 1, 9, 9, 7, 0, 0, 5, 6, 0, 7, 3, 7, 8, 8


Decimal expansion of 8th root of 18.
1, 4, 3, 5, 1, 8, 8, 8, 8, 7, 8, 8, 4, 4, 8, 9, 4, 9, 4, 3, 9, 5, 0, 1, 7, 4, 2, 3, 7, 6, 0, 8, 4, 0, 9, 0, 3, 6, 6, 1, 4, 2, 6, 7, 2, 1, 7, 6, 8, 0, 7, 2, 1, 1, 6, 4, 7, 3, 3, 4, 3, 5, 8, 3, 7, 8, 3, 1, 1, 5, 4, 6, 5, 2, 7, 3, 8, 4, 1, 7, 5, 1, 8, 8, 6, 4, 9, 2, 6, 6, 0, 0, 5, 5, 9, 3, 5, 2, 1


Decimal expansion of 9th root of 18.
1, 3, 7, 8, 7, 1, 5, 7, 0, 5, 3, 4, 1, 7, 2, 8, 6, 0, 4, 1, 4, 5, 6, 6, 0, 2, 6, 7, 1, 9, 7, 5, 4, 9, 9, 0, 6, 5, 3, 4, 2, 8, 5, 9, 4, 6, 2, 2, 6, 4, 7, 5, 2, 7, 7, 4, 6, 3, 7, 2, 0, 5, 1, 6, 4, 9, 4, 3, 1, 0, 4, 2, 9, 1, 5, 8, 1, 3, 0, 7, 8, 9, 9, 6, 2, 5, 2, 6, 7, 3, 1, 1, 7, 9, 5, 4, 8, 5, 1


Decimal expansion of 10th root of 18.
1, 3, 3, 5, 1, 4, 1, 3, 6, 2, 5, 4, 0, 3, 1, 2, 9, 4, 0, 7, 3, 6, 7, 3, 8, 7, 8, 0, 7, 0, 3, 1, 7, 1, 7, 2, 0, 3, 5, 3, 6, 1, 5, 8, 9, 8, 4, 7, 8, 0, 8, 1, 7, 6, 0, 3, 8, 1, 8, 4, 7, 7, 2, 8, 4, 1, 1, 6, 1, 8, 9, 7, 8, 4, 4, 8, 8, 2, 8, 0, 0, 9, 6, 7, 9, 3, 2, 1, 5, 2, 4, 8, 7, 5, 6, 4, 2, 9, 9


Decimal expansion of 11th root of 18.
1, 3, 0, 0, 5, 1, 5, 9, 4, 8, 1, 2, 0, 2, 8, 8, 9, 8, 5, 5, 9, 5, 6, 1, 9, 2, 7, 7, 2, 0, 5, 2, 5, 6, 0, 9, 6, 6, 0, 7, 7, 3, 1, 9, 2, 2, 5, 6, 7, 8, 3, 1, 0, 4, 9, 6, 1, 9, 1, 2, 6, 5, 5, 0, 8, 5, 9, 0, 1, 3, 3, 0, 3, 6, 3, 6, 2, 9, 5, 2, 5, 7, 5, 0, 0, 1, 7, 6, 1, 8, 9, 7, 0, 0, 1, 1, 2, 6, 9


Decimal expansion of 12th root of 18.
1, 2, 7, 2, 3, 4, 8, 3, 8, 2, 6, 6, 1, 1, 9, 8, 1, 2, 4, 3, 8, 8, 0, 5, 9, 7, 1, 8, 3, 7, 0, 5, 5, 5, 5, 7, 6, 4, 4, 4, 5, 9, 5, 8, 9, 1, 7, 3, 8, 9, 8, 7, 4, 9, 2, 2, 4, 3, 6, 8, 3, 6, 0, 3, 0, 3, 2, 6, 4, 9, 3, 9, 4, 5, 8, 6, 4, 4, 0, 6, 8, 4, 3, 2, 9, 0, 0, 0, 0, 5, 6, 0, 7, 6, 1, 7, 4, 2, 0


Decimal expansion of 13th root of 18.
1, 2, 4, 8, 9, 9, 1, 3, 2, 9, 3, 7, 9, 0, 3, 9, 4, 9, 0, 5, 9, 8, 3, 3, 9, 0, 6, 7, 8, 2, 7, 5, 9, 9, 2, 9, 2, 0, 4, 2, 9, 4, 8, 8, 3, 5, 0, 3, 6, 0, 8, 8, 9, 2, 5, 8, 6, 7, 3, 8, 7, 8, 1, 1, 7, 4, 8, 4, 4, 9, 4, 7, 9, 8, 6, 6, 5, 5, 8, 6, 7, 0, 7, 5, 4, 0, 3, 3, 7, 9, 4, 0, 3, 8, 7, 1, 1, 4, 7


Decimal expansion of 14th root of 18.
1, 2, 2, 9, 3, 1, 2, 5, 6, 8, 2, 7, 1, 1, 4, 6, 8, 7, 0, 6, 0, 5, 1, 3, 0, 5, 4, 3, 9, 7, 3, 3, 9, 2, 4, 9, 4, 9, 6, 0, 4, 6, 8, 1, 6, 9, 4, 8, 6, 1, 0, 0, 2, 8, 1, 7, 3, 6, 3, 3, 3, 5, 8, 7, 3, 8, 8, 2, 7, 2, 3, 2, 4, 3, 2, 1, 4, 3, 7, 1, 9, 3, 2, 1, 9, 1, 0, 6, 1, 5, 0, 6, 9, 6, 4, 5, 5, 8, 6


Decimal expansion of 15th root of 18.
1, 2, 1, 2, 5, 0, 8, 6, 1, 6, 9, 0, 0, 6, 2, 1, 9, 0, 9, 9, 2, 4, 8, 7, 3, 6, 8, 7, 8, 5, 6, 8, 9, 3, 1, 6, 4, 9, 3, 5, 8, 5, 8, 0, 9, 8, 9, 5, 3, 9, 1, 9, 3, 5, 6, 7, 7, 7, 1, 0, 3, 1, 3, 1, 7, 2, 9, 1, 1, 1, 7, 8, 3, 4, 7, 3, 2, 3, 1, 8, 5, 5, 5, 4, 9, 8, 0, 3, 3, 5, 4, 3, 9, 9, 1, 2, 3, 9, 3


Decimal expansion of 16th root of 18.
1, 1, 9, 7, 9, 9, 3, 6, 9, 2, 7, 5, 6, 5, 5, 5, 9, 9, 9, 3, 8, 7, 7, 8, 3, 2, 7, 2, 0, 4, 7, 1, 4, 2, 5, 4, 0, 7, 7, 7, 5, 9, 4, 2, 8, 4, 5, 3, 7, 2, 2, 6, 8, 4, 2, 7, 3, 3, 3, 9, 2, 0, 7, 1, 7, 1, 3, 8, 0, 6, 6, 5, 5, 2, 6, 6, 1, 9, 8, 1, 8, 3, 7, 4, 8, 3, 0, 5, 6, 3, 3, 3, 9, 4, 0, 7, 8, 3, 0


Decimal expansion of 17th root of 18.
1, 1, 8, 5, 3, 3, 0, 7, 7, 1, 9, 8, 2, 4, 7, 8, 9, 5, 5, 7, 4, 3, 2, 6, 2, 2, 1, 4, 9, 4, 8, 3, 5, 5, 3, 4, 1, 5, 5, 7, 8, 0, 0, 6, 4, 6, 2, 9, 5, 5, 9, 9, 7, 0, 4, 9, 5, 6, 4, 6, 8, 8, 2, 7, 8, 2, 4, 4, 7, 4, 9, 0, 3, 4, 4, 8, 1, 7, 6, 4, 2, 8, 2, 3, 1, 3, 5, 1, 8, 5, 0, 3, 3, 6, 1, 3, 5, 6, 2


Decimal expansion of 18th root of 18.
1, 1, 7, 4, 1, 8, 7, 2, 5, 3, 0, 9, 9, 6, 6, 1, 5, 2, 9, 5, 1, 2, 3, 3, 2, 3, 2, 5, 8, 9, 5, 5, 5, 8, 1, 6, 7, 5, 7, 0, 2, 4, 7, 9, 6, 7, 7, 1, 9, 9, 9, 3, 8, 9, 1, 2, 0, 8, 3, 6, 0, 8, 3, 9, 9, 5, 4, 7, 7, 5, 7, 0, 3, 0, 9, 4, 3, 4, 0, 5, 3, 9, 7, 1, 9, 4, 3, 3, 9, 8, 2, 7, 8, 1, 5, 8, 2, 1, 2


Decimal expansion of 19th root of 18.
1, 1, 6, 4, 3, 0, 5, 5, 6, 6, 8, 8, 3, 3, 7, 0, 0, 1, 2, 7, 2, 5, 6, 1, 4, 1, 6, 0, 5, 0, 4, 8, 6, 1, 9, 6, 1, 4, 0, 3, 5, 6, 0, 0, 7, 1, 6, 5, 5, 8, 8, 1, 9, 1, 8, 1, 8, 9, 0, 5, 5, 1, 1, 8, 9, 8, 6, 7, 1, 7, 4, 7, 0, 8, 1, 1, 2, 9, 7, 7, 0, 4, 1, 7, 5, 6, 7, 2, 0, 5, 9, 2, 1, 2, 5, 2, 1, 3, 7


Decimal expansion of 20th root of 18.
1, 1, 5, 5, 4, 8, 3, 1, 7, 2, 7, 6, 3, 8, 0, 6, 6, 0, 4, 4, 2, 5, 9, 7, 0, 0, 6, 1, 5, 2, 6, 1, 0, 6, 5, 0, 5, 6, 7, 4, 1, 0, 9, 6, 6, 5, 9, 9, 4, 7, 8, 5, 2, 2, 2, 6, 5, 4, 0, 0, 9, 6, 3, 6, 5, 6, 8, 0, 9, 2, 9, 5, 5, 0, 2, 9, 0, 2, 5, 6, 5, 9, 1, 5, 4, 4, 4, 5, 2, 9, 3, 1, 8, 2, 1, 8, 0, 2, 1


Decimal expansion of 6th root of 19.
1, 6, 3, 3, 5, 2, 4, 3, 0, 3, 0, 7, 0, 4, 9, 4, 5, 3, 0, 7, 2, 4, 6, 7, 0, 1, 8, 3, 5, 9, 0, 3, 8, 7, 2, 8, 8, 7, 0, 8, 8, 2, 7, 8, 4, 9, 4, 1, 5, 5, 8, 6, 5, 6, 2, 9, 0, 9, 4, 7, 4, 8, 5, 0, 5, 6, 1, 9, 9, 2, 6, 1, 3, 4, 4, 9, 5, 5, 5, 0, 2, 9, 2, 1, 5, 9, 6, 6, 8, 7, 1, 0, 1, 6, 9, 9, 1, 9, 5


Decimal expansion of 7th root of 19.
1, 5, 2, 2, 9, 2, 6, 9, 9, 8, 2, 1, 8, 7, 5, 3, 3, 9, 3, 3, 8, 6, 9, 6, 8, 1, 9, 1, 5, 2, 7, 1, 9, 2, 9, 9, 8, 6, 2, 1, 4, 1, 8, 2, 0, 4, 5, 7, 2, 2, 1, 8, 5, 7, 3, 4, 3, 8, 0, 6, 8, 0, 7, 9, 7, 7, 3, 2, 1, 4, 9, 4, 1, 3, 8, 6, 2, 1, 6, 1, 5, 6, 0, 1, 0, 2, 3, 9, 2, 5, 8, 1, 6, 1, 2, 0, 8, 7, 9


Decimal expansion of 8th root of 19.
1, 4, 4, 4, 9, 2, 1, 3, 2, 3, 0, 9, 3, 3, 5, 2, 3, 5, 0, 0, 6, 7, 2, 4, 6, 0, 9, 9, 9, 2, 7, 2, 4, 7, 2, 7, 7, 5, 6, 1, 1, 7, 6, 9, 1, 1, 8, 4, 7, 6, 9, 0, 7, 6, 2, 2, 0, 7, 2, 0, 5, 2, 9, 8, 3, 9, 4, 9, 2, 6, 9, 7, 4, 7, 4, 0, 8, 7, 5, 2, 2, 2, 5, 2, 9, 1, 7, 9, 9, 2, 6, 3, 6, 6, 6, 9, 1, 0, 2


Decimal expansion of 9th root of 19.
1, 3, 8, 7, 0, 2, 3, 2, 2, 5, 8, 4, 4, 2, 1, 9, 1, 9, 7, 7, 3, 5, 5, 1, 7, 5, 4, 3, 1, 8, 0, 5, 8, 0, 2, 6, 0, 6, 9, 7, 6, 2, 5, 6, 8, 2, 6, 3, 0, 5, 3, 6, 5, 2, 8, 7, 4, 9, 8, 5, 6, 9, 3, 9, 3, 2, 1, 8, 9, 0, 1, 5, 3, 2, 2, 6, 2, 6, 0, 9, 1, 1, 0, 3, 6, 1, 8, 3, 4, 6, 0, 6, 5, 3, 7, 1, 8, 8, 6


Decimal expansion of 10th root of 19.
1, 3, 4, 2, 3, 7, 9, 6, 5, 0, 9, 6, 2, 1, 0, 4, 7, 9, 8, 0, 9, 3, 7, 8, 3, 7, 9, 3, 0, 0, 0, 2, 9, 2, 3, 4, 6, 6, 8, 9, 8, 7, 7, 9, 8, 5, 7, 6, 3, 7, 5, 5, 2, 5, 6, 5, 6, 9, 4, 0, 1, 6, 5, 4, 3, 1, 3, 0, 2, 7, 5, 7, 6, 8, 0, 0, 2, 5, 4, 4, 7, 6, 8, 1, 7, 5, 4, 4, 2, 6, 5, 5, 2, 5, 9, 4, 6, 0, 2


Decimal expansion of 11th root of 19.
1, 3, 0, 6, 9, 2, 3, 9, 8, 2, 1, 1, 2, 7, 0, 1, 1, 9, 1, 6, 5, 8, 6, 8, 3, 1, 1, 2, 8, 9, 8, 2, 5, 6, 7, 6, 1, 3, 3, 1, 8, 6, 7, 0, 9, 0, 8, 2, 9, 5, 2, 9, 0, 5, 5, 8, 0, 1, 6, 8, 5, 7, 1, 5, 1, 5, 8, 0, 4, 0, 3, 0, 9, 2, 5, 8, 9, 2, 5, 7, 3, 9, 7, 0, 9, 4, 5, 2, 5, 2, 3, 5, 7, 7, 7, 6, 7, 8, 4


Decimal expansion of 12th root of 19.
1, 2, 7, 8, 0, 9, 4, 0, 1, 1, 8, 2, 7, 9, 6, 1, 9, 4, 6, 0, 0, 0, 8, 3, 6, 5, 5, 3, 3, 1, 5, 5, 1, 9, 4, 1, 0, 6, 0, 0, 9, 8, 0, 7, 2, 2, 0, 6, 2, 9, 4, 6, 4, 3, 2, 2, 3, 0, 5, 9, 6, 2, 4, 4, 6, 9, 0, 9, 6, 7, 1, 5, 1, 5, 3, 6, 2, 1, 5, 6, 1, 4, 0, 4, 4, 5, 6, 3, 0, 7, 8, 8, 7, 4, 0, 9, 1, 5, 2, 9, 8


Decimal expansion of 13th root of 19.
1, 2, 5, 4, 1, 9, 6, 7, 2, 2, 7, 3, 3, 2, 0, 4, 6, 5, 8, 6, 6, 1, 0, 4, 4, 2, 3, 2, 7, 2, 4, 0, 1, 3, 1, 3, 4, 0, 2, 2, 3, 0, 9, 1, 0, 8, 6, 7, 5, 3, 9, 8, 1, 1, 5, 3, 3, 7, 1, 8, 1, 2, 3, 1, 1, 6, 9, 6, 3, 8, 0, 7, 4, 3, 4, 4, 5, 3, 0, 1, 3, 8, 3, 2, 9, 6, 7, 4, 0, 6, 0, 9, 2, 9, 7, 4, 3, 6, 7


Decimal expansion of 14th root of 19.
1, 2, 3, 4, 0, 6, 9, 2, 8, 4, 2, 0, 5, 2, 0, 7, 5, 7, 7, 8, 5, 3, 0, 0, 2, 4, 7, 4, 3, 4, 0, 3, 6, 9, 7, 4, 5, 0, 0, 4, 1, 3, 1, 0, 1, 8, 4, 7, 7, 1, 6, 6, 0, 9, 4, 6, 7, 5, 7, 6, 2, 0, 4, 1, 8, 4, 4, 4, 7, 6, 1, 8, 4, 1, 9, 5, 0, 3, 2, 1, 2, 8, 5, 6, 8, 3, 6, 4, 3, 6, 2, 9, 8, 8, 4, 5, 0, 3, 7


Decimal expansion of 15th root of 19.
1, 2, 1, 6, 8, 8, 6, 9, 6, 7, 7, 8, 1, 2, 2, 4, 7, 3, 7, 9, 3, 8, 0, 0, 2, 9, 8, 8, 5, 0, 8, 3, 5, 0, 9, 6, 0, 1, 3, 2, 8, 9, 6, 1, 6, 5, 6, 5, 1, 6, 9, 1, 4, 5, 2, 8, 0, 7, 3, 4, 3, 5, 8, 3, 6, 2, 8, 2, 2, 9, 8, 1, 8, 3, 4, 9, 5, 8, 8, 4, 5, 3, 8, 0, 3, 8, 4, 7, 2, 6, 5, 6, 9, 0, 1, 5, 7, 5, 0


Decimal expansion of 16th root of 19.
1, 2, 0, 2, 0, 4, 8, 8, 0, 2, 2, 9, 2, 7, 1, 5, 7, 1, 3, 7, 0, 9, 2, 5, 2, 3, 8, 4, 7, 7, 7, 5, 2, 3, 4, 8, 0, 7, 1, 6, 3, 5, 6, 0, 1, 6, 3, 3, 0, 3, 6, 9, 7, 2, 8, 5, 3, 7, 2, 7, 2, 7, 4, 5, 9, 7, 5, 7, 1, 8, 5, 1, 6, 5, 4, 1, 1, 3, 1, 9, 8, 3, 9, 0, 8, 5, 2, 9, 6, 7, 2, 9, 5, 7, 4, 7, 4, 0, 5


Decimal expansion of 17th root of 19.
1, 1, 8, 9, 1, 0, 6, 6, 2, 8, 5, 7, 4, 0, 7, 7, 0, 6, 4, 0, 0, 0, 5, 1, 3, 8, 0, 3, 1, 0, 7, 2, 2, 9, 1, 9, 0, 6, 3, 0, 6, 4, 6, 9, 4, 8, 3, 7, 3, 0, 8, 2, 2, 0, 2, 4, 1, 1, 1, 9, 7, 7, 7, 5, 8, 3, 6, 8, 6, 8, 9, 5, 6, 4, 0, 7, 1, 7, 4, 8, 1, 9, 9, 3, 5, 8, 9, 6, 8, 5, 5, 9, 8, 4, 5, 8, 2, 8, 6


Decimal expansion of 18th root of 19.
1, 1, 7, 7, 7, 1, 9, 5, 0, 2, 1, 9, 2, 3, 5, 9, 5, 5, 2, 9, 0, 2, 4, 8, 5, 3, 2, 6, 0, 8, 0, 5, 2, 8, 8, 9, 7, 3, 8, 9, 4, 8, 0, 8, 6, 5, 3, 6, 4, 0, 1, 3, 0, 2, 5, 7, 3, 0, 4, 0, 5, 1, 7, 3, 9, 3, 3, 4, 2, 2, 4, 6, 8, 9, 7, 4, 3, 2, 0, 3, 2, 6, 1, 9, 2, 5, 8, 9, 2, 1, 3, 7, 8, 4, 6, 2, 0, 5, 7


Decimal expansion of 19th root of 19.
1, 1, 6, 7, 6, 2, 3, 4, 8, 3, 6, 9, 6, 1, 0, 7, 6, 2, 4, 0, 8, 3, 3, 1, 3, 8, 8, 3, 1, 6, 1, 0, 8, 0, 1, 5, 6, 5, 9, 1, 5, 0, 2, 3, 6, 4, 3, 0, 8, 3, 5, 7, 9, 1, 7, 0, 8, 3, 9, 2, 5, 0, 1, 3, 8, 3, 3, 4, 0, 3, 6, 4, 6, 9, 8, 9, 1, 7, 1, 9, 7, 2, 2, 6, 8, 4, 1, 7, 6, 6, 8, 8, 7, 0, 2, 6, 7, 2, 2


Decimal expansion of 20th root of 19.
1, 1, 5, 8, 6, 1, 1, 0, 8, 7, 0, 1, 8, 4, 6, 3, 1, 5, 3, 6, 7, 3, 1, 7, 1, 6, 5, 3, 7, 4, 0, 9, 3, 0, 0, 6, 3, 6, 0, 1, 2, 9, 6, 3, 8, 6, 5, 7, 1, 8, 2, 7, 9, 9, 9, 1, 3, 4, 8, 8, 9, 6, 1, 8, 2, 7, 3, 7, 8, 7, 0, 1, 9, 3, 2, 3, 9, 3, 5, 5, 3, 2, 8, 2, 0, 7, 1, 2, 4, 4, 5, 2, 1, 7, 2, 3, 9, 8, 3


Decimal expansion of 6th root of 20.
1, 6, 4, 7, 5, 4, 8, 9, 7, 2, 4, 4, 2, 0, 6, 5, 7, 0, 2, 4, 7, 0, 2, 5, 9, 3, 7, 3, 9, 8, 9, 3, 2, 9, 0, 7, 7, 1, 3, 7, 3, 2, 5, 0, 8, 4, 8, 2, 8, 1, 3, 5, 1, 5, 9, 1, 4, 1, 5, 8, 2, 3, 8, 5, 8, 1, 4, 3, 2, 7, 4, 8, 2, 5, 5, 8, 1, 1, 2, 9, 3, 9, 3, 2, 2, 9, 6, 3, 5, 2, 2, 2, 2, 2, 8, 1, 1, 9, 7


Decimal expansion of 7th root of 20.
1, 5, 3, 4, 1, 2, 7, 4, 0, 4, 6, 3, 4, 3, 9, 0, 9, 8, 1, 2, 7, 7, 8, 3, 5, 1, 2, 7, 2, 9, 5, 4, 1, 4, 8, 2, 8, 1, 5, 3, 4, 1, 6, 5, 0, 7, 2, 2, 9, 0, 1, 9, 1, 6, 1, 1, 7, 7, 3, 2, 0, 1, 1, 2, 4, 5, 5, 0, 7, 9, 6, 9, 6, 3, 8, 0, 8, 7, 9, 7, 6, 4, 2, 2, 0, 8, 5, 0, 1, 9, 3, 1, 7, 7, 0, 2, 9, 1, 7


Decimal expansion of 8th root of 20.
1, 4, 5, 4, 2, 1, 5, 4, 3, 3, 4, 4, 8, 9, 5, 3, 6, 8, 3, 2, 8, 4, 3, 2, 3, 4, 5, 4, 9, 5, 6, 2, 9, 5, 6, 1, 2, 4, 7, 7, 3, 4, 7, 1, 0, 8, 0, 7, 9, 9, 0, 3, 6, 1, 9, 7, 0, 5, 1, 9, 7, 6, 2, 0, 5, 4, 7, 8, 8, 6, 3, 6, 1, 0, 3, 0, 9, 2, 7, 8, 5, 1, 9, 4, 0, 2, 1, 9, 3, 1, 5, 3, 8, 8, 3, 8, 6, 8, 4


Decimal expansion of 9th root of 20.
1, 3, 9, 4, 9, 5, 0, 7, 9, 3, 9, 6, 2, 4, 2, 0, 9, 7, 9, 3, 6, 5, 9, 2, 8, 7, 1, 8, 8, 6, 1, 8, 3, 8, 9, 6, 5, 5, 5, 3, 3, 8, 6, 4, 6, 5, 7, 9, 3, 3, 6, 6, 7, 3, 6, 0, 3, 8, 2, 9, 7, 4, 1, 5, 3, 9, 2, 5, 1, 3, 0, 3, 9, 9, 1, 4, 9, 2, 3, 1, 5, 3, 2, 9, 2, 3, 6, 7, 1, 4, 8, 7, 4, 2, 0, 3, 4, 8, 3


Decimal expansion of 10th root of 20.
1, 3, 4, 9, 2, 8, 2, 8, 4, 7, 6, 7, 3, 5, 6, 3, 3, 1, 5, 1, 2, 2, 2, 1, 9, 7, 0, 5, 8, 0, 9, 0, 3, 2, 7, 6, 6, 6, 9, 1, 8, 8, 8, 4, 4, 9, 1, 3, 7, 5, 9, 5, 3, 4, 8, 5, 2, 5, 0, 6, 0, 6, 1, 4, 1, 6, 6, 5, 9, 4, 7, 7, 2, 5, 6, 7, 1, 0, 3, 5, 4, 7, 6, 9, 4, 6, 5, 0, 2, 6, 3, 6, 2, 5, 3, 3, 0, 9, 6


Decimal expansion of 11th root of 20.
1, 3, 1, 3, 0, 3, 2, 4, 3, 4, 4, 8, 7, 8, 8, 3, 9, 2, 6, 4, 3, 0, 9, 3, 0, 5, 1, 0, 4, 3, 8, 0, 4, 0, 8, 4, 0, 4, 7, 6, 0, 1, 0, 8, 3, 1, 2, 8, 3, 5, 3, 0, 0, 4, 7, 6, 0, 8, 5, 7, 1, 6, 3, 3, 7, 3, 7, 6, 4, 5, 1, 7, 5, 7, 8, 7, 7, 1, 7, 8, 3, 3, 0, 5, 7, 8, 4, 5, 5, 5, 0, 4, 6, 8, 9, 2, 6, 7, 6


Decimal expansion of 12th root of 20.
1, 2, 8, 3, 5, 6, 8, 8, 4, 2, 1, 1, 2, 5, 1, 6, 2, 6, 2, 8, 6, 2, 6, 6, 5, 9, 4, 5, 1, 8, 2, 2, 1, 7, 4, 0, 1, 2, 3, 0, 7, 2, 1, 2, 6, 1, 9, 8, 2, 5, 0, 9, 5, 1, 6, 5, 9, 0, 3, 4, 6, 3, 1, 0, 0, 4, 6, 7, 0, 1, 8, 1, 4, 8, 0, 2, 7, 7, 4, 0, 2, 7, 3, 4, 0, 6, 3, 5, 7, 4, 5, 3, 6, 5, 6, 2, 6, 4, 5


Decimal expansion of 13th root of 20.
1, 2, 5, 9, 1, 5, 5, 1, 0, 4, 5, 7, 6, 5, 7, 2, 6, 5, 4, 6, 7, 9, 1, 4, 6, 7, 3, 0, 0, 5, 6, 3, 7, 8, 1, 6, 9, 7, 4, 8, 6, 4, 4, 3, 1, 9, 5, 0, 9, 9, 3, 5, 4, 4, 5, 6, 5, 1, 1, 4, 6, 2, 6, 2, 9, 0, 3, 4, 8, 5, 1, 3, 7, 3, 7, 2, 2, 7, 8, 1, 3, 4, 7, 6, 9, 0, 2, 9, 9, 0, 0, 9, 7, 0, 7, 8, 6, 8, 5


Decimal expansion of 14th root of 20.
1, 2, 3, 8, 5, 9, 8, 9, 6, 8, 4, 4, 5, 5, 5, 4, 2, 0, 5, 0, 3, 1, 1, 6, 2, 5, 0, 6, 8, 6, 0, 1, 1, 5, 3, 6, 8, 3, 5, 5, 7, 3, 8, 0, 0, 7, 9, 6, 3, 1, 9, 0, 2, 3, 4, 6, 0, 1, 7, 1, 3, 3, 4, 7, 0, 8, 9, 8, 9, 1, 6, 1, 9, 4, 0, 8, 2, 2, 4, 6, 2, 7, 2, 7, 6, 2, 8, 7, 0, 2, 8, 0, 7, 5, 5, 5, 6, 3, 9


Decimal expansion of 15th root of 20.
1, 2, 2, 1, 0, 5, 5, 3, 0, 0, 0, 6, 7, 5, 6, 8, 1, 5, 0, 6, 0, 0, 8, 1, 4, 2, 6, 1, 2, 4, 5, 4, 0, 8, 8, 1, 7, 1, 6, 4, 2, 6, 7, 7, 7, 9, 3, 4, 9, 0, 5, 6, 7, 3, 6, 1, 8, 7, 4, 5, 8, 8, 7, 5, 6, 6, 2, 9, 5, 0, 1, 6, 4, 0, 2, 7, 2, 5, 2, 8, 0, 8, 5, 2, 9, 7, 1, 2, 3, 6, 4, 2, 0, 9, 1, 6, 9, 0, 3


Decimal expansion of 16th root of 20.
1, 2, 0, 5, 9, 0, 8, 5, 5, 1, 0, 3, 0, 6, 9, 6, 3, 9, 1, 6, 2, 1, 8, 9, 7, 2, 0, 0, 7, 6, 7, 7, 9, 3, 0, 1, 8, 0, 8, 6, 5, 9, 4, 3, 7, 4, 9, 2, 3, 1, 1, 7, 4, 5, 6, 7, 2, 2, 6, 3, 8, 9, 4, 8, 4, 9, 1, 6, 7, 6, 9, 5, 8, 6, 1, 7, 0, 8, 0, 9, 4, 6, 6, 0, 9, 0, 8, 3, 9, 0, 3, 8, 2, 8, 9, 0, 5, 8, 5


Decimal expansion of 17th root of 20.
1, 1, 9, 2, 6, 9, 9, 8, 8, 1, 8, 0, 4, 2, 5, 8, 4, 0, 8, 6, 3, 9, 9, 8, 3, 7, 1, 7, 4, 4, 0, 8, 0, 8, 4, 8, 2, 3, 0, 0, 3, 2, 1, 7, 8, 3, 6, 7, 5, 2, 0, 9, 7, 4, 4, 1, 9, 0, 6, 1, 4, 9, 4, 0, 8, 2, 9, 4, 7, 7, 8, 0, 3, 5, 0, 0, 3, 1, 9, 8, 0, 9, 2, 4, 2, 6, 8, 8, 5, 9, 6, 0, 3, 3, 0, 8, 2, 1, 7


Decimal expansion of 18th root of 20.
1, 1, 8, 1, 0, 8, 0, 3, 5, 0, 3, 4, 1, 3, 3, 9, 3, 8, 4, 4, 2, 4, 3, 6, 0, 3, 5, 0, 8, 8, 6, 6, 4, 2, 7, 7, 0, 6, 8, 1, 0, 8, 1, 8, 4, 3, 4, 3, 4, 3, 0, 3, 4, 6, 9, 9, 0, 6, 5, 4, 5, 9, 7, 3, 7, 3, 5, 2, 7, 9, 4, 1, 1, 5, 3, 8, 7, 5, 8, 9, 2, 2, 0, 5, 9, 6, 0, 5, 0, 3, 6, 8, 4, 4, 2, 3, 8, 0, 2


Decimal expansion of 19th root of 20.
1, 1, 7, 0, 7, 7, 9, 9, 1, 3, 7, 2, 2, 7, 7, 9, 3, 3, 3, 2, 5, 7, 6, 4, 0, 9, 4, 4, 8, 9, 8, 3, 4, 4, 0, 4, 7, 5, 6, 0, 0, 1, 7, 8, 9, 0, 3, 3, 2, 7, 8, 8, 4, 9, 6, 2, 5, 1, 4, 8, 3, 2, 9, 8, 3, 1, 2, 5, 2, 8, 6, 6, 3, 1, 1, 7, 5, 1, 2, 4, 0, 2, 8, 5, 1, 1, 8, 1, 3, 4, 9, 2, 8, 6, 7, 3, 2, 6, 7


Decimal expansion of 20th root of 20.
1, 1, 6, 1, 5, 8, 6, 3, 4, 9, 6, 4, 1, 5, 4, 2, 2, 8, 1, 8, 0, 8, 7, 2, 1, 2, 2, 4, 2, 4, 5, 6, 7, 6, 8, 4, 3, 4, 5, 5, 4, 3, 6, 6, 3, 8, 1, 9, 0, 7, 2, 9, 7, 7, 5, 8, 4, 4, 4, 6, 6, 4, 2, 8, 4, 1, 5, 5, 2, 0, 2, 3, 3, 3, 0, 0, 2, 0, 2, 2, 8, 6, 6, 0, 6, 2, 0, 2, 4, 2, 3, 9, 4, 2, 8, 3, 2, 2, 0


Decimal expansion of 21st root of 21.
1, 1, 5, 6, 0, 1, 3, 2, 8, 1, 0, 0, 0, 8, 0, 3, 2, 7, 2, 6, 9, 5, 3, 9, 7, 0, 8, 0, 8, 9, 5, 1, 0, 7, 1, 3, 2, 1, 4, 1, 3, 1, 3, 6, 5, 6, 8, 7, 6, 6, 7, 6, 8, 5, 4, 9, 4, 1, 8, 1, 6, 1, 7, 9, 4, 0, 0, 7, 6, 3, 0, 6, 7, 6, 6, 0, 9, 0, 8, 9, 5, 6, 1, 0, 4, 5, 3, 4, 4, 6, 1, 1, 1, 9, 8, 7, 6, 6, 9


Decimal expansion of 22nd root of 22.
1, 1, 5, 0, 8, 5, 1, 3, 0, 0, 3, 5, 8, 2, 7, 8, 7, 8, 5, 4, 2, 4, 5, 5, 9, 7, 9, 6, 2, 3, 7, 4, 7, 8, 8, 8, 8, 9, 1, 4, 3, 3, 3, 4, 5, 6, 0, 4, 8, 1, 7, 5, 8, 8, 7, 1, 2, 7, 2, 3, 2, 8, 2, 3, 9, 9, 6, 8, 7, 8, 6, 5, 4, 2, 7, 8, 5, 3, 8, 7, 1, 5, 6, 2, 4, 3, 2, 2, 6, 4, 3, 6, 1, 9, 5, 3, 7, 7, 9


Decimal expansion of 23rd root of 23.
1, 1, 4, 6, 0, 5, 5, 2, 5, 8, 2, 2, 3, 4, 8, 4, 1, 8, 0, 3, 3, 1, 4, 3, 6, 9, 4, 4, 4, 7, 8, 2, 5, 9, 8, 1, 8, 2, 9, 2, 4, 0, 1, 7, 2, 5, 1, 9, 4, 5, 7, 4, 8, 4, 6, 3, 4, 7, 4, 1, 9, 7, 2, 5, 1, 2, 9, 6, 9, 0, 2, 0, 0, 0, 1, 1, 7, 2, 1, 3, 4, 0, 5, 8, 7, 0, 6, 6, 2, 7, 7, 7, 7, 6, 3, 4, 2, 9, 8


Decimal expansion of 24th root of 24.
1, 1, 4, 1, 5, 8, 6, 4, 4, 0, 6, 3, 2, 1, 6, 3, 4, 2, 4, 4, 6, 0, 8, 2, 9, 3, 6, 5, 1, 9, 7, 2, 7, 7, 6, 7, 6, 1, 6, 0, 8, 5, 1, 6, 8, 3, 2, 0, 5, 5, 4, 1, 4, 6, 9, 1, 1, 6, 8, 3, 1, 0, 3, 8, 7, 0, 5, 8, 0, 3, 7, 6, 1, 6, 5, 9, 9, 5, 3, 2, 5, 8, 9, 1, 2, 4, 8, 4, 3, 4, 4, 6, 5, 0, 9, 6, 7, 7, 2


Decimal expansion of 25th root of 25.
1, 1, 3, 7, 4, 1, 1, 4, 6, 1, 7, 5, 6, 0, 2, 8, 7, 1, 7, 7, 9, 9, 3, 6, 3, 3, 6, 0, 5, 8, 9, 5, 7, 6, 4, 6, 6, 5, 6, 0, 8, 6, 4, 4, 4, 8, 3, 3, 1, 8, 7, 9, 4, 5, 4, 9, 1, 2, 0, 9, 7, 0, 5, 5, 4, 1, 1, 1, 6, 5, 0, 2, 0, 7, 5, 3, 2, 6, 8, 2, 7, 5, 0, 4, 1, 4, 1, 8, 6, 8, 6, 5, 6, 8, 7, 8, 5, 8, 0


Decimal expansion of 26th root of 26.
1, 1, 3, 3, 5, 0, 1, 3, 7, 6, 4, 5, 8, 7, 0, 7, 7, 5, 3, 4, 2, 0, 5, 7, 3, 3, 5, 0, 4, 8, 1, 1, 7, 0, 4, 5, 9, 2, 1, 7, 7, 3, 2, 0, 2, 3, 2, 4, 9, 0, 9, 4, 8, 7, 4, 0, 2, 4, 2, 2, 8, 7, 4, 0, 7, 9, 9, 7, 0, 2, 9, 2, 4, 1, 8, 2, 8, 7, 3, 7, 8, 9, 6, 9, 5, 8, 6, 9, 0, 6, 2, 9, 5, 7, 0, 5, 7, 0, 2


Decimal expansion of 27th root of 27.
1, 1, 2, 9, 8, 3, 0, 9, 6, 3, 9, 0, 9, 7, 5, 3, 0, 3, 2, 6, 1, 2, 1, 6, 6, 1, 0, 4, 2, 8, 2, 8, 4, 1, 8, 7, 4, 4, 8, 4, 0, 0, 3, 8, 9, 3, 8, 3, 6, 8, 4, 9, 6, 2, 9, 8, 9, 3, 1, 5, 1, 2, 0, 1, 5, 4, 1, 1, 0, 6, 0, 3, 3, 6, 8, 1, 2, 0, 0, 7, 9, 5, 4, 7, 2, 3, 7, 2, 0, 0, 0, 2, 6, 5, 8, 5, 7, 1, 2


Decimal expansion of 28th root of 28.
1, 1, 2, 6, 3, 7, 8, 1, 4, 5, 2, 5, 0, 8, 7, 3, 6, 7, 4, 9, 8, 3, 1, 7, 0, 3, 6, 0, 7, 0, 0, 6, 8, 7, 5, 0, 3, 9, 7, 3, 0, 0, 9, 9, 5, 6, 9, 7, 9, 0, 2, 8, 2, 9, 4, 7, 0, 2, 9, 9, 5, 3, 3, 2, 3, 5, 5, 0, 6, 8, 2, 4, 3, 9, 0, 2, 1, 1, 5, 5, 2, 1, 0, 7, 7, 4, 4, 5, 5, 3, 9, 3, 7, 5, 8, 3, 5, 1, 7


Decimal expansion of 29th root of 29.
1, 1, 2, 3, 1, 2, 3, 5, 0, 7, 0, 9, 1, 7, 9, 4, 0, 8, 9, 0, 0, 2, 7, 8, 4, 4, 6, 5, 5, 6, 6, 8, 7, 1, 7, 8, 8, 8, 3, 9, 2, 5, 3, 8, 8, 3, 3, 7, 0, 4, 1, 7, 0, 7, 8, 2, 9, 3, 3, 9, 5, 4, 2, 7, 6, 4, 1, 5, 7, 4, 8, 4, 9, 3, 9, 1, 1, 7, 9, 0, 2, 9, 4, 7, 1, 9, 4, 1, 0, 1, 9, 0, 5, 6, 4, 3, 5, 2, 7


Decimal expansion of 30th root of 30.
1, 1, 2, 0, 0, 4, 9, 9, 0, 9, 1, 5, 0, 1, 9, 6, 5, 2, 8, 8, 5, 6, 3, 8, 1, 8, 3, 0, 6, 0, 6, 6, 9, 3, 1, 8, 1, 9, 8, 8, 3, 4, 3, 3, 0, 4, 7, 4, 6, 8, 9, 2, 6, 2, 2, 0, 2, 5, 5, 5, 9, 7, 8, 8, 0, 1, 9, 9, 1, 3, 9, 1, 3, 0, 2, 9, 1, 2, 3, 1, 8, 1, 5, 4, 3, 3, 0, 2, 0, 1, 8, 4, 6, 0, 4, 9, 2, 2, 5


Decimal expansion of 31st root of 31.
1, 1, 1, 7, 1, 4, 2, 1, 5, 9, 2, 5, 0, 4, 5, 6, 2, 0, 4, 6, 4, 5, 5, 7, 1, 8, 0, 8, 6, 1, 8, 9, 5, 5, 8, 0, 8, 5, 9, 0, 8, 9, 3, 8, 9, 0, 2, 1, 5, 8, 0, 3, 8, 8, 6, 1, 2, 1, 2, 4, 5, 5, 8, 1, 1, 6, 5, 6, 1, 7, 1, 2, 0, 5, 2, 5, 1, 3, 7, 5, 6, 2, 2, 0, 5, 3, 8, 9, 0, 3, 4, 1, 5, 9, 6, 6, 9, 6, 6


Decimal expansion of 32nd root of 32.
1, 1, 1, 4, 3, 8, 6, 7, 4, 2, 5, 9, 5, 8, 9, 2, 5, 3, 6, 3, 0, 8, 8, 1, 2, 9, 5, 6, 9, 1, 9, 6, 0, 3, 0, 6, 7, 8, 0, 0, 4, 5, 7, 3, 3, 5, 4, 8, 4, 3, 6, 8, 8, 3, 8, 5, 0, 9, 4, 4, 1, 0, 7, 0, 2, 2, 6, 2, 6, 0, 5, 6, 3, 9, 3, 9, 7, 5, 5, 7, 7, 4, 4, 5, 7, 6, 0, 2, 3, 2, 8, 4, 6, 7, 9, 0, 5, 9, 5


Decimal expansion of 33rd root of 33.
1, 1, 1, 1, 7, 7, 1, 5, 9, 5, 0, 4, 3, 2, 0, 8, 7, 4, 5, 6, 1, 0, 5, 4, 8, 4, 1, 5, 8, 1, 9, 6, 0, 2, 6, 2, 7, 8, 9, 1, 8, 0, 2, 1, 3, 6, 2, 8, 1, 9, 6, 7, 1, 4, 2, 5, 6, 4, 6, 8, 2, 2, 6, 0, 6, 8, 5, 1, 3, 7, 7, 8, 6, 2, 1, 2, 7, 6, 7, 1, 6, 7, 1, 0, 4, 3, 5, 3, 6, 6, 5, 7, 0, 6, 3, 3, 1, 2, 7


Decimal expansion of 34th root of 34.
1, 1, 0, 9, 2, 8, 5, 9, 1, 2, 2, 6, 3, 0, 4, 3, 0, 8, 2, 2, 2, 3, 9, 5, 8, 3, 0, 3, 3, 6, 1, 6, 8, 7, 7, 6, 1, 3, 9, 1, 4, 4, 5, 7, 4, 4, 1, 9, 5, 3, 0, 9, 4, 7, 7, 1, 8, 7, 2, 5, 4, 1, 4, 1, 3, 6, 7, 9, 4, 4, 7, 9, 8, 6, 3, 9, 6, 9, 6, 3, 9, 5, 9, 2, 2, 5, 9, 6, 4, 1, 6, 5, 2, 8, 2, 1, 3, 3, 8


Decimal expansion of 35th root of 35.
1, 1, 0, 6, 9, 1, 9, 9, 8, 8, 3, 3, 2, 6, 9, 3, 7, 1, 4, 7, 6, 7, 4, 5, 8, 5, 1, 5, 1, 3, 3, 0, 6, 4, 9, 8, 6, 7, 1, 2, 4, 7, 3, 4, 1, 6, 8, 1, 6, 5, 2, 2, 0, 4, 8, 5, 7, 3, 8, 5, 1, 9, 0, 2, 7, 2, 1, 3, 9, 0, 5, 5, 9, 2, 5, 0, 0, 5, 9, 2, 8, 3, 3, 7, 7, 3, 2, 2, 4, 2, 1, 6, 4, 9, 3, 0, 6, 6, 5


Sum 2^Fibonacci(i), i=2..n.
2, 6, 14, 46, 302, 8494, 2105646, 17181974830, 36028814200938798, 618970019678718951650500910, 22300745198530623760505737951367313156481326, 13803492693581127574869511746854796103432841704846511061692361604079918


Decimal expansion of 37th root of 37.
1, 1, 0, 2, 5, 1, 3, 2, 8, 2, 6, 4, 5, 6, 1, 0, 9, 4, 2, 1, 6, 5, 2, 7, 9, 9, 7, 5, 9, 0, 2, 1, 3, 2, 1, 2, 4, 0, 5, 2, 5, 7, 6, 2, 0, 7, 9, 9, 4, 1, 0, 0, 3, 3, 0, 8, 7, 8, 3, 0, 3, 6, 0, 3, 3, 1, 6, 0, 7, 9, 8, 9, 2, 3, 8, 3, 9, 4, 9, 0, 5, 3, 4, 0, 8, 5, 5, 8, 2, 4, 6, 0, 3, 8, 4, 4, 9, 9, 3


Decimal expansion of 38th root of 38.
1, 1, 0, 0, 4, 5, 7, 4, 4, 4, 0, 3, 3, 7, 3, 1, 8, 3, 1, 7, 6, 7, 3, 6, 7, 5, 1, 3, 2, 8, 5, 1, 4, 5, 5, 7, 8, 7, 9, 5, 7, 0, 3, 2, 5, 7, 3, 3, 4, 3, 4, 9, 4, 6, 2, 4, 3, 4, 5, 4, 8, 3, 0, 7, 2, 8, 7, 9, 6, 2, 0, 5, 9, 4, 5, 4, 2, 7, 2, 4, 3, 3, 9, 2, 4, 0, 1, 2, 2, 3, 1, 5, 4, 3, 6, 5, 8, 8, 7


Decimal expansion of 39th root of 39.
1, 0, 9, 8, 4, 9, 1, 0, 6, 4, 0, 2, 8, 1, 4, 7, 4, 7, 2, 8, 8, 1, 4, 0, 6, 6, 7, 0, 8, 3, 1, 3, 0, 3, 8, 9, 9, 8, 7, 5, 1, 8, 2, 4, 9, 8, 3, 8, 5, 3, 8, 1, 2, 3, 1, 2, 7, 9, 0, 7, 2, 0, 9, 7, 7, 4, 5, 2, 0, 0, 2, 0, 5, 0, 0, 1, 5, 1, 1, 0, 6, 7, 9, 7, 5, 3, 4, 3, 4, 9, 8, 2, 0, 8, 7, 1, 1, 5, 3


Decimal expansion of 40th root of 40.
1, 0, 9, 6, 6, 0, 8, 2, 2, 7, 1, 2, 4, 3, 6, 1, 3, 8, 8, 2, 3, 0, 0, 1, 1, 1, 9, 1, 9, 5, 7, 6, 2, 8, 1, 4, 1, 4, 0, 5, 5, 2, 7, 0, 6, 1, 8, 6, 8, 5, 8, 8, 3, 8, 9, 3, 9, 5, 9, 1, 5, 1, 3, 4, 6, 2, 7, 1, 6, 2, 0, 3, 9, 1, 6, 2, 0, 5, 0, 1, 6, 2, 2, 5, 7, 7, 4, 0, 8, 8, 0, 6, 4, 6, 7, 6, 1, 4, 4


Decimal expansion of 41st root of 41.
1, 0, 9, 4, 8, 0, 3, 5, 3, 6, 5, 0, 7, 2, 9, 5, 7, 3, 2, 8, 4, 2, 5, 0, 4, 8, 0, 1, 3, 2, 8, 5, 9, 3, 2, 3, 9, 5, 8, 6, 6, 7, 5, 0, 5, 9, 5, 3, 5, 0, 9, 5, 3, 0, 6, 6, 3, 3, 6, 2, 5, 5, 9, 9, 5, 1, 9, 7, 5, 8, 0, 1, 1, 1, 6, 8, 4, 4, 0, 4, 7, 1, 6, 7, 2, 9, 8, 6, 1, 1, 1, 1, 2, 6, 9, 3, 4, 3, 5


Decimal expansion of 42nd root of 42.
1, 0, 9, 3, 0, 7, 2, 0, 5, 7, 9, 3, 4, 8, 2, 3, 6, 1, 8, 6, 8, 2, 7, 8, 4, 7, 3, 1, 8, 5, 5, 6, 2, 5, 7, 8, 6, 2, 4, 2, 9, 0, 0, 4, 2, 8, 7, 3, 6, 9, 3, 6, 5, 6, 2, 1, 3, 5, 9, 1, 3, 9, 7, 4, 2, 6, 9, 2, 9, 0, 4, 3, 7, 2, 8, 9, 1, 5, 6, 0, 4, 4, 2, 7, 5, 3, 9, 0, 2, 2, 0, 4, 2, 5, 4, 2, 5, 6, 7


Decimal expansion of 43rd root of 43.
1, 0, 9, 1, 4, 0, 9, 2, 7, 0, 7, 8, 6, 5, 1, 3, 1, 9, 6, 0, 5, 5, 5, 8, 6, 4, 2, 4, 9, 9, 0, 9, 9, 9, 5, 0, 7, 5, 7, 0, 6, 2, 3, 7, 7, 0, 0, 1, 6, 4, 8, 0, 1, 8, 7, 3, 1, 9, 5, 9, 3, 9, 6, 8, 5, 2, 9, 4, 8, 3, 1, 3, 0, 8, 1, 4, 2, 7, 0, 4, 0, 2, 6, 6, 2, 7, 5, 3, 0, 6, 1, 0, 8, 5, 5, 3, 8, 0, 1


Decimal expansion of 44th root of 44.
1, 0, 8, 9, 8, 1, 1, 0, 2, 5, 2, 2, 9, 8, 9, 0, 7, 0, 8, 3, 2, 2, 5, 8, 0, 2, 4, 5, 5, 1, 5, 4, 5, 8, 6, 7, 8, 8, 0, 0, 6, 2, 0, 8, 4, 6, 1, 0, 4, 1, 9, 2, 0, 6, 8, 4, 1, 7, 7, 7, 5, 5, 7, 8, 8, 9, 4, 2, 4, 5, 4, 2, 8, 5, 7, 9, 6, 9, 8, 6, 0, 7, 1, 6, 4, 1, 8, 9, 5, 3, 5, 2, 7, 9, 4, 9, 8, 9, 2


Decimal expansion of 45th root of 45.
1, 0, 8, 8, 2, 7, 3, 5, 0, 4, 6, 2, 8, 1, 8, 5, 4, 0, 5, 0, 2, 3, 1, 1, 0, 0, 4, 7, 1, 8, 0, 4, 2, 5, 9, 3, 0, 1, 5, 4, 6, 8, 9, 0, 4, 9, 0, 7, 7, 1, 6, 0, 1, 3, 2, 3, 4, 1, 5, 2, 5, 0, 4, 8, 8, 5, 5, 4, 4, 8, 0, 2, 6, 4, 4, 4, 1, 3, 2, 2, 1, 8, 1, 3, 3, 0, 5, 3, 0, 3, 1, 9, 3, 4, 3, 8, 7, 7, 1


Decimal expansion of 46th root of 46.
1, 0, 8, 6, 7, 9, 3, 1, 9, 2, 4, 5, 4, 1, 7, 4, 5, 2, 4, 7, 5, 1, 4, 7, 7, 0, 7, 9, 5, 6, 1, 6, 1, 4, 4, 3, 9, 9, 6, 6, 6, 5, 2, 7, 0, 6, 7, 8, 9, 5, 3, 1, 4, 8, 1, 7, 6, 5, 0, 7, 2, 0, 3, 7, 9, 4, 4, 7, 8, 0, 2, 7, 0, 1, 0, 1, 0, 6, 7, 8, 3, 9, 6, 7, 6, 3, 3, 9, 6, 9, 0, 8, 0, 3, 4, 0, 1, 7, 9


