Decimal expansion of 82nd root of 82.
1, 0, 5, 5, 2, 1, 0, 7, 1, 6, 8, 8, 1, 0, 9, 9, 5, 2, 4, 7, 5, 9, 9, 0, 7, 3, 8, 9, 8, 9, 3, 4, 0, 7, 3, 0, 9, 4, 3, 9, 5, 2, 0, 7, 1, 3, 7, 4, 9, 7, 0, 0, 1, 7, 8, 0, 5, 1, 3, 1, 9, 3, 1, 6, 2, 8, 9, 3, 4, 0, 2, 4, 1, 0, 2, 2, 0, 7, 6, 2, 9, 4, 5, 5, 5, 0, 4, 7, 6, 4, 6, 9, 7, 6, 0, 0, 1, 2, 6


Decimal expansion of 83rd root of 83.
1, 0, 5, 4, 6, 8, 1, 7, 2, 9, 7, 6, 6, 2, 7, 8, 7, 1, 5, 5, 0, 1, 0, 3, 9, 7, 5, 6, 8, 3, 9, 9, 8, 1, 3, 0, 1, 4, 8, 0, 0, 8, 9, 5, 4, 8, 2, 5, 9, 8, 4, 6, 8, 6, 0, 5, 8, 2, 0, 3, 8, 5, 3, 9, 8, 0, 3, 1, 3, 0, 0, 4, 2, 5, 2, 8, 3, 5, 8, 2, 9, 4, 7, 3, 5, 3, 2, 0, 9, 5, 2, 9, 7, 5, 3, 9, 5, 2, 4


Decimal expansion of 84th root of 84.
1, 0, 5, 4, 1, 6, 3, 7, 7, 1, 5, 5, 8, 2, 4, 6, 2, 0, 4, 0, 1, 9, 5, 5, 2, 4, 5, 2, 2, 5, 0, 6, 1, 2, 0, 9, 6, 1, 9, 6, 2, 3, 8, 7, 2, 6, 8, 6, 7, 6, 2, 3, 2, 2, 1, 0, 8, 6, 1, 1, 7, 6, 2, 2, 8, 7, 9, 7, 0, 3, 2, 8, 7, 9, 0, 4, 1, 1, 9, 1, 9, 6, 9, 2, 5, 8, 9, 4, 1, 5, 6, 8, 1, 7, 3, 4, 2, 8, 8


Decimal expansion of 85th root of 85.
1, 0, 5, 3, 6, 5, 6, 4, 8, 9, 1, 4, 4, 1, 3, 0, 6, 2, 1, 6, 7, 8, 4, 6, 6, 3, 7, 3, 5, 4, 1, 0, 6, 6, 0, 5, 9, 9, 5, 9, 5, 9, 1, 3, 1, 8, 4, 7, 2, 2, 5, 5, 2, 9, 0, 4, 0, 1, 2, 5, 6, 8, 7, 6, 7, 2, 2, 7, 9, 4, 0, 5, 1, 2, 2, 8, 5, 8, 8, 9, 8, 7, 2, 3, 9, 0, 2, 7, 8, 8, 3, 2, 8, 7, 2, 8, 0, 0, 5


Decimal expansion of 86th root of 86.
1, 0, 5, 3, 1, 5, 9, 5, 4, 4, 5, 8, 7, 6, 4, 2, 8, 9, 1, 4, 9, 2, 3, 1, 4, 7, 0, 5, 5, 9, 8, 4, 9, 0, 2, 6, 1, 9, 6, 5, 7, 6, 5, 7, 1, 2, 2, 1, 2, 1, 3, 3, 7, 7, 2, 5, 2, 7, 3, 2, 4, 4, 5, 5, 2, 6, 1, 8, 0, 3, 2, 1, 4, 6, 4, 4, 8, 7, 0, 5, 4, 4, 6, 7, 8, 7, 2, 9, 8, 5, 9, 1, 9, 2, 3, 9, 1, 9, 9


Decimal expansion of 87th root of 87.
1, 0, 5, 2, 6, 7, 2, 6, 1, 4, 3, 1, 3, 8, 9, 9, 9, 3, 5, 7, 6, 4, 0, 3, 6, 2, 4, 7, 6, 1, 8, 7, 1, 8, 1, 5, 1, 0, 4, 0, 4, 7, 0, 7, 6, 6, 5, 5, 8, 8, 7, 9, 5, 0, 8, 2, 7, 8, 4, 8, 0, 2, 6, 6, 1, 9, 5, 1, 5, 0, 4, 3, 7, 9, 3, 4, 3, 2, 1, 9, 7, 3, 1, 3, 7, 2, 5, 4, 0, 7, 4, 3, 7, 5, 3, 4, 7, 4, 2


Decimal expansion of 88th root of 88.
1, 0, 5, 2, 1, 9, 5, 3, 8, 8, 3, 4, 6, 5, 9, 2, 7, 3, 8, 0, 9, 0, 4, 2, 1, 8, 3, 7, 3, 0, 6, 3, 1, 6, 8, 8, 6, 6, 6, 3, 4, 9, 8, 0, 2, 0, 6, 8, 5, 8, 1, 4, 7, 1, 8, 2, 3, 8, 7, 3, 4, 4, 7, 3, 8, 1, 7, 1, 4, 5, 5, 0, 0, 2, 5, 2, 0, 2, 4, 5, 5, 2, 1, 4, 9, 2, 4, 9, 5, 2, 6, 7, 6, 9, 6, 4, 9, 4, 9


Decimal expansion of 89th root of 89.
1, 0, 5, 1, 7, 2, 7, 5, 6, 9, 5, 9, 3, 6, 0, 0, 1, 7, 5, 9, 3, 3, 3, 9, 3, 9, 1, 4, 5, 0, 9, 2, 5, 7, 1, 2, 3, 4, 1, 5, 7, 2, 0, 8, 4, 8, 8, 0, 6, 8, 9, 8, 5, 0, 5, 5, 6, 5, 8, 2, 4, 5, 6, 9, 7, 8, 3, 2, 5, 7, 4, 2, 1, 7, 5, 5, 7, 3, 7, 4, 8, 7, 2, 1, 6, 8, 5, 8, 2, 1, 5, 8, 1, 1, 3, 2, 9, 8, 2


Decimal expansion of 90th root of 90.
1, 0, 5, 1, 2, 6, 8, 8, 7, 3, 1, 7, 7, 4, 7, 9, 5, 4, 2, 6, 6, 5, 9, 4, 2, 1, 1, 8, 4, 5, 1, 9, 9, 9, 7, 0, 1, 0, 2, 3, 7, 5, 8, 3, 9, 5, 8, 0, 4, 5, 2, 7, 9, 7, 3, 2, 7, 6, 1, 1, 2, 0, 0, 8, 9, 2, 4, 2, 1, 4, 3, 5, 2, 2, 4, 0, 1, 0, 4, 7, 6, 3, 2, 5, 8, 9, 5, 0, 9, 1, 1, 6, 2, 8, 5, 1, 9, 9, 5


Decimal expansion of 91st root of 91.
1, 0, 5, 0, 8, 1, 9, 0, 2, 5, 8, 0, 7, 5, 6, 3, 0, 9, 7, 2, 1, 2, 7, 8, 0, 3, 6, 7, 8, 2, 8, 2, 0, 0, 6, 3, 0, 1, 5, 3, 8, 7, 0, 1, 4, 6, 6, 7, 1, 9, 6, 4, 2, 3, 7, 1, 3, 8, 4, 6, 4, 8, 3, 5, 5, 2, 5, 5, 3, 0, 8, 4, 4, 6, 9, 1, 8, 8, 6, 7, 9, 3, 1, 1, 9, 7, 6, 7, 9, 3, 0, 8, 5, 5, 5, 7, 5, 0, 3


Decimal expansion of 92nd root of 92.
1, 0, 5, 0, 3, 7, 7, 7, 6, 5, 1, 9, 0, 6, 6, 0, 5, 4, 5, 7, 2, 6, 9, 4, 0, 7, 7, 6, 0, 2, 8, 9, 4, 6, 8, 4, 0, 9, 9, 7, 9, 7, 5, 1, 8, 1, 9, 2, 8, 4, 4, 1, 2, 4, 0, 5, 7, 0, 1, 8, 8, 3, 8, 4, 1, 4, 1, 8, 3, 2, 0, 9, 1, 0, 3, 1, 7, 6, 1, 2, 9, 8, 6, 6, 6, 8, 1, 5, 9, 5, 6, 5, 9, 0, 3, 3, 1, 9, 0


Decimal expansion of 93rd root of 93.
1, 0, 4, 9, 9, 4, 4, 8, 3, 9, 4, 7, 7, 6, 1, 2, 9, 3, 7, 6, 9, 0, 3, 7, 5, 4, 3, 3, 2, 2, 5, 0, 3, 1, 1, 6, 2, 0, 8, 6, 9, 8, 2, 6, 9, 4, 6, 1, 9, 7, 4, 3, 9, 0, 4, 1, 0, 3, 2, 4, 9, 0, 9, 3, 8, 1, 1, 0, 3, 8, 4, 0, 0, 3, 4, 1, 4, 9, 4, 7, 5, 0, 8, 8, 2, 1, 4, 7, 8, 7, 2, 8, 0, 6, 5, 3, 0, 0, 7


Decimal expansion of 94th root of 94.
1, 0, 4, 9, 5, 2, 0, 0, 0, 6, 7, 4, 3, 1, 6, 6, 5, 9, 1, 6, 6, 7, 9, 2, 5, 5, 2, 1, 1, 4, 1, 9, 8, 0, 2, 7, 2, 6, 5, 4, 4, 0, 5, 2, 0, 7, 5, 5, 8, 8, 8, 1, 5, 0, 1, 8, 6, 2, 2, 9, 8, 4, 6, 1, 5, 8, 3, 7, 7, 4, 5, 5, 3, 6, 4, 9, 0, 8, 4, 6, 3, 8, 4, 8, 1, 9, 3, 5, 1, 3, 6, 4, 6, 4, 6, 4, 0, 8, 8


Decimal expansion of 95th root of 95.
1, 0, 4, 9, 1, 0, 3, 0, 3, 4, 4, 9, 6, 8, 3, 8, 6, 1, 4, 6, 5, 2, 0, 3, 3, 2, 3, 1, 1, 2, 0, 4, 6, 1, 7, 2, 8, 0, 0, 3, 8, 6, 7, 3, 4, 9, 8, 3, 7, 4, 4, 2, 5, 4, 9, 3, 6, 4, 3, 5, 8, 5, 8, 3, 3, 5, 9, 1, 4, 7, 5, 1, 4, 0, 1, 2, 3, 7, 8, 7, 8, 3, 4, 9, 0, 3, 8, 4, 6, 7, 6, 8, 3, 0, 0, 0, 6, 2, 1


Decimal expansion of 96th root of 96.
1, 0, 4, 8, 6, 9, 3, 6, 9, 9, 2, 2, 2, 6, 3, 0, 3, 5, 6, 0, 6, 7, 2, 5, 5, 7, 5, 2, 6, 6, 6, 3, 2, 9, 4, 5, 7, 9, 2, 7, 0, 4, 7, 3, 3, 2, 5, 2, 1, 7, 2, 4, 3, 9, 6, 4, 4, 2, 3, 1, 4, 8, 6, 4, 9, 1, 0, 3, 2, 3, 5, 7, 1, 1, 2, 4, 2, 4, 3, 6, 5, 0, 1, 1, 1, 6, 1, 5, 4, 0, 2, 3, 3, 3, 0, 5, 3, 6, 2


Decimal expansion of 97th root of 97.
1, 0, 4, 8, 2, 9, 1, 7, 8, 5, 9, 4, 5, 6, 1, 3, 5, 3, 6, 7, 1, 6, 0, 9, 4, 9, 1, 1, 8, 3, 2, 4, 4, 3, 0, 9, 7, 9, 4, 5, 6, 7, 3, 6, 8, 1, 1, 4, 8, 7, 6, 8, 8, 4, 3, 9, 3, 5, 8, 0, 6, 4, 2, 2, 2, 3, 6, 5, 0, 4, 9, 2, 9, 3, 8, 7, 6, 7, 6, 5, 1, 7, 1, 6, 8, 0, 2, 7, 5, 5, 4, 4, 3, 4, 4, 2, 3, 8, 6


Decimal expansion of 98th root of 98.
1, 0, 4, 7, 8, 9, 7, 0, 8, 7, 8, 2, 3, 5, 6, 7, 4, 1, 4, 7, 4, 8, 3, 3, 5, 7, 3, 9, 4, 1, 9, 3, 0, 9, 6, 5, 4, 2, 4, 8, 5, 3, 0, 7, 2, 1, 3, 2, 7, 1, 4, 1, 2, 5, 5, 8, 1, 6, 9, 7, 7, 4, 9, 6, 7, 7, 3, 3, 1, 0, 1, 1, 7, 3, 6, 6, 5, 9, 4, 2, 2, 6, 2, 6, 9, 2, 7, 9, 8, 4, 9, 4, 1, 4, 4, 9, 3, 0, 1


Decimal expansion of 99th root of 99.
1, 0, 4, 7, 5, 0, 9, 4, 0, 5, 7, 6, 1, 9, 8, 5, 6, 2, 4, 9, 8, 0, 2, 8, 7, 9, 4, 9, 5, 8, 4, 3, 2, 1, 6, 2, 4, 1, 5, 6, 4, 0, 4, 9, 1, 9, 7, 8, 2, 0, 5, 9, 4, 7, 6, 6, 8, 9, 3, 5, 3, 5, 6, 8, 2, 0, 8, 3, 2, 4, 1, 2, 1, 4, 2, 4, 7, 7, 4, 9, 1, 2, 2, 5, 3, 3, 9, 1, 7, 9, 2, 3, 3, 4, 2, 1, 0, 7, 9


Decimal expansion of 100th root of 100.
1, 0, 4, 7, 1, 2, 8, 5, 4, 8, 0, 5, 0, 8, 9, 9, 5, 3, 3, 4, 6, 4, 5, 0, 2, 0, 3, 1, 5, 2, 8, 1, 4, 0, 0, 7, 9, 0, 5, 6, 7, 9, 1, 4, 7, 1, 5, 0, 3, 9, 2, 9, 2, 1, 2, 0, 0, 5, 6, 5, 2, 5, 2, 9, 9, 0, 1, 2, 5, 7, 7, 6, 4, 1, 0, 2, 3, 7, 1, 9, 1, 1, 2, 6, 3, 8, 0, 9, 1, 7, 1, 4, 6, 9, 8, 4, 3, 3, 2


Stirling numbers of first kind S1(10,n).
-362880, 1026576, -1172700, 723680, -269325, 63273, -9450, 870, -45, 1


Stirling numbers of first kind S1(11,n).
3628800, -10628640, 12753576, -8409500, 3416930, -902055, 157773, -18150, 1320, -55, 1


Stirling numbers of first kind S1(12,n).
-39916800, 120543840, -150917976, 105258076, -45995730, 13339535, -2637558, 357423, -32670, 1925, -66, 1


Stirling numbers of first kind S1(13,n).
479001600, -1486442880, 1931559552, -1414014888, 657206836, -206070150, 44990231, -6926634, 749463, -55770, 2717, -78, 1


Stirling numbers of first kind S1(14,n).
-6227020800, 19802759040, -26596717056, 20313753096, -9957703756, 3336118786, -790943153, 135036473, -16669653, 1474473, -91091, 3731, -91, 1


Stirling numbers of first kind S1(15,n).
87178291200, -283465647360, 392156797824, -310989260400, 159721605680, -56663366760, 14409322928, -2681453775, 368411615, -37312275, 2749747, -143325, 5005, -105, 1


Stirling numbers of first kind S1(16,n).
-1307674368000, 4339163001600, -6165817614720, 5056995703824, -2706813345600, 1009672107080, -272803210680, 54631129553, -8207628000, 928095740, -78558480, 4899622, -218400, 6580, -120, 1


Stirling numbers of first kind S1(17,n).
20922789888000, -70734282393600, 102992244837120, -87077748875904, 48366009233424, -18861567058880, 5374523477960, -1146901283528, 185953177553, -23057159840, 2185031420, -156952432, 8394022


Stirling numbers of first kind S1(18,n).
-355687428096000, 1223405590579200, -1821602444624640, 1583313975727488, -909299905844112, 369012649234384, -110228466184200, 24871845297936, -4308105301929, 577924894833, -60202693980, 4853222764, -299650806


Stirling numbers of first kind S1(19,n).
6402373705728000, -22376988058521600, 34012249593822720, -30321254007719424, 17950712280921504, -7551527592063024, 2353125040549984, -557921681547048, 102417740732658


Stirling numbers of first kind S1(20,n).
-121645100408832000, 431565146817638400, -668609730341153280, 610116075740491776, -371384787345228000, 161429736530118960, -52260903362512720, 12953636989943896, -2503858755467550


Numbers that contain a digit 1 in their decimal representation.
1, 10, 11, 12, 13, 14, 15, 16, 17, 18, 19, 21, 31, 41, 51, 61, 71, 81, 91, 100, 101, 102, 103, 104, 105, 106, 107, 108, 109, 110, 111, 112, 113, 114, 115, 116, 117, 118, 119, 120, 121, 122, 123, 124, 125, 126, 127, 128, 129, 130, 131, 132, 133


Numbers that contain a 2.
2, 12, 20, 21, 22, 23, 24, 25, 26, 27, 28, 29, 32, 42, 52, 62, 72, 82, 92, 102, 112, 120, 121, 122, 123, 124, 125, 126, 127, 128, 129, 132, 142, 152, 162, 172, 182, 192, 200, 201, 202, 203, 204, 205, 206, 207, 208, 209, 210, 211, 212, 213, 214


Numbers that contain a 3.
3, 13, 23, 30, 31, 32, 33, 34, 35, 36, 37, 38, 39, 43, 53, 63, 73, 83, 93, 103, 113, 123, 130, 131, 132, 133, 134, 135, 136, 137, 138, 139, 143, 153, 163, 173, 183, 193, 203, 213, 223, 230, 231, 232, 233, 234, 235, 236, 237, 238, 239, 243, 253


Numbers that contain a 4.
4, 14, 24, 34, 40, 41, 42, 43, 44, 45, 46, 47, 48, 49, 54, 64, 74, 84, 94, 104, 114, 124, 134, 140, 141, 142, 143, 144, 145, 146, 147, 148, 149, 154, 164, 174, 184, 194, 204, 214, 224, 234, 240, 241, 242, 243, 244, 245, 246, 247, 248, 249, 254


Numbers that contain a 5.
5, 15, 25, 35, 45, 50, 51, 52, 53, 54, 55, 56, 57, 58, 59, 65, 75, 85, 95, 105, 115, 125, 135, 145, 150, 151, 152, 153, 154, 155, 156, 157, 158, 159, 165, 175, 185, 195, 205, 215, 225, 235, 245, 250, 251, 252, 253, 254, 255, 256, 257, 258, 259


Numbers that contain a 6.
6, 16, 26, 36, 46, 56, 60, 61, 62, 63, 64, 65, 66, 67, 68, 69, 76, 86, 96, 106, 116, 126, 136, 146, 156, 160, 161, 162, 163, 164, 165, 166, 167, 168, 169, 176, 186, 196, 206, 216, 226, 236, 246, 256, 260, 261, 262, 263, 264, 265, 266, 267, 268


Numbers that contain at least one 7.
7, 17, 27, 37, 47, 57, 67, 70, 71, 72, 73, 74, 75, 76, 77, 78, 79, 87, 97, 107, 117, 127, 137, 147, 157, 167, 170, 171, 172, 173, 174, 175, 176, 177, 178, 179, 187, 197, 207, 217, 227, 237, 247, 257, 267, 270, 271, 272, 273, 274, 275, 276, 277


Numbers that contain an 8.
8, 18, 28, 38, 48, 58, 68, 78, 80, 81, 82, 83, 84, 85, 86, 87, 88, 89, 98, 108, 118, 128, 138, 148, 158, 168, 178, 180, 181, 182, 183, 184, 185, 186, 187, 188, 189, 198, 208, 218, 228, 238, 248, 258, 268, 278, 280, 281, 282, 283, 284, 285, 286


&quot;9ish numbers&quot;: decimal representation contains at least one nine.
9, 19, 29, 39, 49, 59, 69, 79, 89, 90, 91, 92, 93, 94, 95, 96, 97, 98, 99, 109, 119, 129, 139, 149, 159, 169, 179, 189, 190, 191, 192, 193, 194, 195, 196, 197, 198, 199, 209, 219, 229, 239, 249, 259, 269, 279, 289, 290, 291, 292, 293, 294, 295


Numbers that contain a digit 0.
0, 10, 20, 30, 40, 50, 60, 70, 80, 90, 100, 101, 102, 103, 104, 105, 106, 107, 108, 109, 110, 120, 130, 140, 150, 160, 170, 180, 190, 200, 201, 202, 203, 204, 205, 206, 207, 208, 209, 210, 220, 230, 240, 250, 260, 270, 280, 290, 300, 301, 302


Taxicab, taxi-cab or Hardy-Ramanujan numbers: the smallest number that is the sum of 2 positive integral cubes in n ways.
2, 1729, 87539319, 6963472309248, 48988659276962496, 24153319581254312065344


Minimal number of coins needed to pay n cents using coins of sizes 1, 5, 10, 25, 50 cents.
0, 1, 2, 3, 4, 1, 2, 3, 4, 5, 1, 2, 3, 4, 5, 2, 3, 4, 5, 6, 2, 3, 4, 5, 6, 1, 2, 3, 4, 5, 2, 3, 4, 5, 6, 2, 3, 4, 5, 6, 3, 4, 5, 6, 7, 3, 4, 5, 6, 7, 1, 2, 3, 4, 5, 2, 3, 4, 5, 6, 2, 3, 4, 5, 6, 3, 4, 5, 6, 7, 3, 4, 5, 6, 7, 2, 3, 4, 5, 6, 3, 4, 5, 6, 7, 3, 4, 5, 6, 7, 4, 5, 6, 7, 8, 4, 5, 6, 7, 8, 2, 3


Decimal expansion of e truncated to n places.
2, 27, 271, 2718, 27182, 271828, 2718281, 27182818, 271828182, 2718281828, 27182818284, 271828182845, 2718281828459, 27182818284590, 271828182845904, 2718281828459045, 27182818284590452, 271828182845904523, 2718281828459045235, 27182818284590452353, 271828182845904523536


Decimal expansion of e rounded to n places.
3, 27, 272, 2718, 27183, 271828, 2718282, 27182818, 271828183, 2718281828, 27182818285, 271828182846, 2718281828459, 27182818284590, 271828182845905, 2718281828459045, 27182818284590452


Decimal expansion of Pi truncated to n places.
3, 31, 314, 3141, 31415, 314159, 3141592, 31415926, 314159265, 3141592653, 31415926535, 314159265358, 3141592653589, 31415926535897, 314159265358979, 3141592653589793, 31415926535897932


Decimal expansion of Pi rounded to n places.
3, 31, 314, 3142, 31416, 314159, 3141593, 31415927, 314159265, 3141592654, 31415926536, 314159265359, 3141592653590, 31415926535898, 314159265358979, 3141592653589793, 31415926535897932, 314159265358979324, 3141592653589793238, 31415926535897932385


Decimal expansion of sqrt(2) truncated to n places.
1, 14, 141, 1414, 14142, 141421, 1414213, 14142135, 141421356, 1414213562, 14142135623, 141421356237, 1414213562373, 14142135623730, 141421356237309, 1414213562373095, 14142135623730950


Decimal expansion of sqrt(2) rounded to n places.
1, 14, 141, 1414, 14142, 141421, 1414214, 14142136, 141421356, 1414213562, 14142135624, 141421356237, 1414213562373, 14142135623731, 141421356237310, 1414213562373095, 14142135623730950


Decimal expansion of sqrt(3) truncated to n places.
1, 17, 173, 1732, 17320, 173205, 1732050, 17320508, 173205080, 1732050807, 17320508075, 173205080756, 1732050807568, 17320508075688, 173205080756887, 1732050807568877, 17320508075688772


Decimal expansion of sqrt(3) rounded to n places.
2, 17, 173, 1732, 17321, 173205, 1732051, 17320508, 173205081, 1732050808, 17320508076, 173205080757, 1732050807569, 17320508075689, 173205080756888, 1732050807568877, 17320508075688773


Decimal expansion of phi truncated to n places.
1, 16, 161, 1618, 16180, 161803, 1618033, 16180339, 161803398, 1618033988, 16180339887, 161803398874, 1618033988749, 16180339887498, 161803398874989, 1618033988749894, 16180339887498948


Decimal expansion of phi rounded to n places.
2, 16, 162, 1618, 16180, 161803, 1618034, 16180340, 161803399, 1618033989, 16180339887, 161803398875, 1618033988750, 16180339887499, 161803398874989, 1618033988749895, 16180339887498948


Number of standard Young tableaux of type (n,n,n) whose (2,1) entry is odd.
0, 2, 16, 182, 2400, 35310, 562848, 9540674, 169777504, 3142665968, 60099912320, 1181283863632, 23767586624960, 487947659276790, 10195163202404160, 216335108170636650, 4653803620322450880, 101343766487960918460, 2231268469684932939360, 49614581272087698764820


Express stops with numerical values for A-train in Manhattan.
4, 14, 34, 42, 59, 125, 145, 168, 175, 181, 190, 200, 207


Number of vertices of secondary polytope for triangle X n-simplex.
6, 108, 4488, 376200


Number of regular triangulations of triangle X n-simplex.
1, 5, 35, 530


Powers of 10: a(n) = 10^n.
1, 10, 100, 1000, 10000, 100000, 1000000, 10000000, 100000000, 1000000000, 10000000000, 100000000000, 1000000000000, 10000000000000, 100000000000000, 1000000000000000, 10000000000000000, 100000000000000000, 1000000000000000000


Expansion of (x + x^3)/(1 + x + ... + x^4) mod 2.
0, 1, 1, 1, 1, 0, 1, 1, 1, 1, 0, 1, 1, 1, 1, 0, 1, 1, 1, 1, 0, 1, 1, 1, 1, 0, 1, 1, 1, 1, 0, 1, 1, 1, 1, 0, 1, 1, 1, 1, 0, 1, 1, 1, 1, 0, 1, 1, 1, 1, 0, 1, 1, 1, 1, 0, 1, 1, 1, 1, 0, 1, 1, 1, 1, 0, 1, 1, 1, 1, 0, 1, 1, 1, 1, 0, 1, 1, 1, 1, 0, 1, 1, 1, 1, 0, 1, 1, 1, 1, 0, 1, 1, 1, 1, 0, 1, 1, 1, 1, 0, 1, 1, 1, 1, 0


Stirling numbers of second kind S2(10,n).
1, 511, 9330, 34105, 42525, 22827, 5880, 750, 45, 1


Stirling numbers of second kind S2(11,n).
1, 1023, 28501, 145750, 246730, 179487, 63987, 11880, 1155, 55, 1


Stirling numbers of second kind S2(12,n).
1, 2047, 86526, 611501, 1379400, 1323652, 627396, 159027, 22275, 1705, 66, 1


Stirling numbers of second kind S2(13,n).
1, 4095, 261625, 2532530, 7508501, 9321312, 5715424, 1899612, 359502, 39325, 2431, 78, 1


Stirling numbers of second kind S2(14,n).
1, 8191, 788970, 10391745, 40075035, 63436373, 49329280, 20912320, 5135130, 752752, 66066, 3367, 91, 1


Stirling numbers of second kind S2(15,n).
1, 16383, 2375101, 42355950, 210766920, 420693273, 408741333, 216627840, 67128490, 12662650, 1479478, 106470, 4550, 105, 1


Stirling numbers of second kind S2(16,n).
1, 32767, 7141686, 171798901, 1096190550, 2734926558, 3281882604, 2141764053, 820784250, 193754990, 28936908, 2757118, 165620, 6020, 120, 1


Stirling numbers of second kind S2(17,n).
1, 65535, 21457825, 694337290, 5652751651, 17505749898, 25708104786, 20415995028, 9528822303, 2758334150, 512060978, 62022324, 4910178, 249900, 7820, 136, 1


Stirling numbers of second kind S2(18,n).
1, 131071, 64439010, 2798806985, 28958095545, 110687251039, 197462483400, 189036065010, 106175395755, 37112163803, 8391004908, 1256328866, 125854638, 8408778, 367200, 9996, 153, 1


Stirling numbers of second kind S2(19,n).
1, 262143, 193448101, 11259666950, 147589284710, 693081601779, 1492924634839, 1709751003480, 1144614626805, 477297033785, 129413217791, 23466951300, 2892439160, 243577530, 13916778


Stirling numbers of second kind S2(20,n).
1, 524287, 580606446, 45232115901, 749206090500, 4306078895384, 11143554045652, 15170932662679, 12011282644725, 5917584964655, 1900842429486, 411016633391, 61068660380, 6302524580, 452329200


Stirling numbers of second kind S2(21,n).
1, 1048575, 1742343625, 181509070050, 3791262568401, 26585679462804, 82310957214948, 132511015347084, 123272476465204, 71187132291275, 26826851689001, 6833042030178, 1204909218331, 149304004500


Stirling numbers of second kind S2(22,n).
1, 2097151, 5228079450, 727778623825, 19137821912055, 163305339345225, 602762379967440, 1142399079991620, 1241963303533920, 835143799377954, 366282500870286, 108823356051137, 22496861868481, 3295165281331


