Expansion of (1 + x^4)/(1 + x + x^3 + x^4 + x^5) mod 2.
1, 1, 1, 0, 1, 0, 0, 0, 1, 0, 0, 1, 0, 1, 0, 1, 1, 0, 0, 0, 0, 1, 1, 1, 0, 0, 1, 1, 0, 1, 1, 1, 1, 1, 0, 1, 0, 0, 0, 1, 0, 0, 1, 0, 1, 0, 1, 1, 0, 0, 0, 0, 1, 1, 1, 0, 0, 1, 1, 0, 1, 1, 1, 1, 1, 0, 1, 0, 0, 0, 1, 0, 0, 1, 0, 1, 0, 1, 1, 0, 0


Repeat n m times, where m is number of letters in English word for the number.
0, 0, 0, 0, 1, 1, 1, 2, 2, 2, 3, 3, 3, 3, 3, 4, 4, 4, 4, 5, 5, 5, 5, 6, 6, 6, 7, 7, 7, 7, 7, 8, 8, 8, 8, 8, 9, 9, 9, 9, 10, 10, 10, 11, 11, 11, 11, 11, 11, 12, 12, 12, 12, 12, 12, 13, 13, 13, 13, 13, 13, 13, 13, 14, 14, 14, 14, 14, 14, 14, 14, 15, 15, 15, 15, 15, 15, 15, 16, 16, 16, 16, 16


Smallest number beginning with n and having n different prime divisors (which may be repeated).
11, 20, 30, 420, 5460, 60060, 746130, 80059980, 900029130, 10407767370, 1100869379610, 12026713528830, 1300912477633230, 14299762385778870, 1502172599891453490, 160000041334479776430, 17000158733027932351890


Number of ones in the binary expansion of 3^n.
1, 2, 2, 4, 3, 6, 6, 5, 6, 8, 9, 13, 10, 11, 14, 15, 11, 14, 14, 17, 17, 20, 19, 22, 16, 18, 24, 30, 25, 25, 25, 26, 26, 34, 29, 32, 27, 34, 36, 32, 28, 39, 38, 39, 34, 34, 45, 38, 41, 33, 41, 46, 42, 35, 39, 42, 39, 40, 42, 48, 56, 56, 49, 57, 56, 51, 45, 47, 55, 55, 64, 68, 58


a(n) = Sum_{k=1..n} k*phi(k).
1, 3, 9, 17, 37, 49, 91, 123, 177, 217, 327, 375, 531, 615, 735, 863, 1135, 1243, 1585, 1745, 1997, 2217, 2723, 2915, 3415, 3727, 4213, 4549, 5361, 5601, 6531, 7043, 7703, 8247, 9087, 9519, 10851, 11535, 12471, 13111, 14751, 15255, 17061, 17941, 19021, 20033


a(n) = prime(n(n+1)/2).
2, 5, 13, 29, 47, 73, 107, 151, 197, 257, 317, 397, 467, 571, 659, 769, 883, 1019, 1151, 1291, 1453, 1607, 1783, 1987, 2153, 2371, 2593, 2791, 3037, 3307, 3541, 3797, 4073, 4357, 4657, 4973, 5303, 5641, 5939, 6301, 6679, 7019, 7477


a(n) = prime(n^2).
2, 7, 23, 53, 97, 151, 227, 311, 419, 541, 661, 827, 1009, 1193, 1427, 1619, 1879, 2143, 2437, 2741, 3083, 3461, 3803, 4211, 4637, 5051, 5519, 6007, 6481, 6997, 7573, 8161, 8737, 9341, 9931, 10627, 11321, 12049, 12743, 13499, 14327


Barker sequence of length 13.
1, 1, 1, 1, 1, -1, -1, 1, 1, -1, 1, -1, 1


Barker sequence of length 13.
0, 0, 0, 0, 0, 1, 1, 0, 0, 1, 0, 1, 0


Elevator buttons in U.S.A.: Positive integers except 13.
1, 2, 3, 4, 5, 6, 7, 8, 9, 10, 11, 12, 14, 15, 16, 17, 18, 19, 20, 21, 22, 23, 24, 25, 26, 27, 28, 29, 30, 31, 32, 33, 34, 35, 36, 37, 38, 39, 40, 41, 42, 43, 44, 45, 46, 47, 48, 49, 50, 51, 52, 53, 54, 55, 56, 57, 58, 59, 60, 61, 62, 63, 64, 65, 66, 67, 68, 69


a(n) = a(n-1) + a(n-3), with a(0) = a(1) = 1, a(2) = 5.
1, 1, 5, 6, 7, 12, 18, 25, 37, 55, 80, 117, 172, 252, 369, 541, 793, 1162, 1703, 2496, 3658, 5361, 7857, 11515, 16876, 24733, 36248, 53124, 77857, 114105, 167229, 245086, 359191, 526420, 771506, 1130697


Number of letters in n (in Spanish).
4, 3, 3, 4, 6, 5, 4, 5, 4, 5, 4, 4, 4, 5, 7, 6, 9, 10, 9, 10, 6, 9, 9, 10, 12, 11, 10, 11, 10, 11, 7, 11, 11, 12, 14, 13, 12, 13, 12, 13, 8, 12, 12, 13, 15, 14, 13, 14, 13, 14, 9, 13, 13, 14, 16, 15, 14, 15, 14, 15, 7, 11, 11, 12, 14, 13, 12, 13, 12, 13, 7, 11, 11, 12, 14, 13, 12, 13, 12


Days in year in Gregorian calendar.
365, 365, 365, 366, 365, 365, 365, 366, 365, 365, 365, 366, 365, 365, 365, 366, 365, 365, 365, 366, 365, 365, 365, 366, 365, 365, 365, 366, 365, 365, 365, 366, 365, 365, 365, 366, 365, 365, 365, 366, 365, 365, 365, 366, 365, 365, 365, 366


a(n) = 3^(2^n) (or: write in base 3, read in base 9).
3, 9, 81, 6561, 43046721, 1853020188851841, 3433683820292512484657849089281, 11790184577738583171520872861412518665678211592275841109096961


Period 4: repeat [0, 0, 0, 1].
0, 0, 0, 1, 0, 0, 0, 1, 0, 0, 0, 1, 0, 0, 0, 1, 0, 0, 0, 1, 0, 0, 0, 1, 0, 0, 0, 1, 0, 0, 0, 1, 0, 0, 0, 1, 0, 0, 0, 1, 0, 0, 0, 1, 0, 0, 0, 1, 0, 0, 0, 1, 0, 0, 0, 1, 0, 0, 0, 1, 0, 0, 0, 1, 0, 0, 0, 1, 0, 0, 0, 1, 0, 0, 0, 1, 0, 0, 0, 1, 0, 0, 0, 1, 0, 0, 0, 1, 0, 0, 0, 1, 0, 0, 0, 1


Number of days in A.D. years from 100*n through 100*n + 99.
36159, 36525, 36525, 36525, 36525, 36525, 36525, 36525, 36525, 36525, 36525, 36525, 36525, 36525, 36525, 36525, 36525, 36514, 36524, 36524, 36525, 36524, 36524, 36524, 36525, 36524, 36524, 36524, 36525, 36524, 36524, 36524, 36525


From studying monochromatic solutions to x3-x2=x2-x1+2n.
9, 14, 17, 21, 25, 30, 34, 38, 42, 46, 50


Number of Barlow packings that repeat after exactly n layers.
0, 1, 1, 1, 1, 2, 3, 6, 7, 16, 21, 43, 63, 129, 203, 404, 685, 1343, 2385, 4625, 8492, 16409, 30735, 59290, 112530, 217182, 415620, 803076, 1545463, 2990968, 5778267, 11201472, 21702686, 42140890, 81830744, 159139498, 309590883, 602935713, 1174779333, 2290915478


a(0) = 1, a(n+1) = 3 * a(n) - F(n)*(F(n) + 1), where F(n) = <a href="/A000045" title="Fibonacci numbers: F(n) = F(n-1) + F(n-2) with F(0) = 0 and F(1) = 1.">A000045</a>(n) is n-th Fibonacci number.
1, 3, 7, 19, 51, 141, 393, 1107, 3139, 8955, 25675, 73945, 213825, 620595, 1807263, 5279283, 15465139, 45420261, 133708777, 394446691, 1165855131, 3451793403, 10235554347, 30392965809, 90357645121, 268922897571, 801139867063, 2388683219347, 7127469430899


Days per century for British calendar from first century, following Gregorian calendar after A.D. 1752.
36525, 36525, 36525, 36525, 36525, 36525, 36525, 36525, 36525, 36525, 36525, 36525, 36525, 36525, 36525, 36525, 36525, 36513, 36524, 36525, 36524, 36524, 36524, 36525, 36524, 36524, 36524, 36525, 36524, 36524, 36524, 36525, 36524


Days per century for Roman calendar from first century, following Gregorian calendar after A.D. 1582.
36525, 36525, 36525, 36525, 36525, 36525, 36525, 36525, 36525, 36525, 36525, 36525, 36525, 36525, 36525, 36515, 36524, 36524, 36524, 36525, 36524, 36524, 36524, 36525, 36524, 36524, 36524, 36525, 36524, 36524, 36524, 36525, 36524


Smallest number m such that m(m+1)/2 is divisible by n.
1, 3, 2, 7, 4, 3, 6, 15, 8, 4, 10, 8, 12, 7, 5, 31, 16, 8, 18, 15, 6, 11, 22, 15, 24, 12, 26, 7, 28, 15, 30, 63, 11, 16, 14, 8, 36, 19, 12, 15, 40, 20, 42, 32, 9, 23, 46, 32, 48, 24, 17, 39, 52, 27, 10, 48, 18, 28, 58, 15, 60, 31, 27, 127, 25, 11, 66, 16, 23, 20, 70, 63, 72, 36, 24


Variant of Carmichael's lambda function: a(p1^e1*...*pN^eN) = lcm((p1-1)*p1^(e1-1), ..., (pN-1)*pN^(eN-1)).
1, 1, 2, 2, 4, 2, 6, 4, 6, 4, 10, 2, 12, 6, 4, 8, 16, 6, 18, 4, 6, 10, 22, 4, 20, 12, 18, 6, 28, 4, 30, 16, 10, 16, 12, 6, 36, 18, 12, 4, 40, 6, 42, 10, 12, 22, 46, 8, 42, 20, 16, 12, 52, 18, 20, 12, 18, 28, 58, 4, 60, 30, 6, 32, 12, 10, 66, 16, 22, 12


Nonprimes n that divide sigma(n) + phi(n).
1, 312, 560, 588, 1400, 23760, 59400, 85632, 147492, 153720, 556160, 569328, 1590816, 2013216, 3343776, 4563000, 4695456, 9745728, 12558912, 22013952, 23336172, 30002960, 45326160, 52021242, 75007400, 113315400, 137617728, 153587720, 402831360, 699117024


Numbers n such that n divides phi(n) * sigma(n).
1, 6, 18, 24, 28, 40, 54, 72, 84, 96, 117, 120, 135, 162, 196, 200, 216, 224, 234, 252, 270, 288, 360, 384, 468, 486, 496, 540, 588, 600, 640, 648, 672, 756, 775, 819, 864, 891, 936, 1000, 1080, 1152, 1350, 1372, 1458, 1488, 1521, 1536, 1550, 1568, 1638, 1701, 1764


a(1) = 1; for n &gt; 1, a(n) is defined by the property that n^a(n) divides n! but n^(a(n)+1) does not.
1, 1, 1, 1, 1, 2, 1, 2, 2, 2, 1, 5, 1, 2, 3, 3, 1, 4, 1, 4, 3, 2, 1, 7, 3, 2, 4, 4, 1, 7, 1, 6, 3, 2, 5, 8, 1, 2, 3, 9, 1, 6, 1, 4, 10, 2, 1, 11, 4, 6, 3, 4, 1, 8, 5, 9, 3, 2, 1, 14, 1, 2, 10, 10, 5, 6, 1, 4, 3, 11, 1, 17, 1, 2, 9, 4, 7, 6, 1, 19, 10, 2, 1, 13, 5, 2, 3, 8, 1, 21


a(n) = least k&gt;1 such that k^n divides k!.
2, 6, 15, 18, 12, 32, 24, 36, 40, 45, 48, 100, 84, 60, 154, 165, 72, 96, 80, 126, 90, 135, 286, 200, 312, 264, 168, 120, 297, 189, 160, 330, 544, 210, 144, 224, 300, 385, 396, 324, 252, 680, 350, 180, 280, 748, 572, 486, 400, 405, 315, 528, 320, 336, 450, 512, 288, 240, 715


Numbers n where <a href="/A011776" title="a(1) = 1; for n &gt; 1, a(n) is defined by the property that n^a(n) divides n! but n^(a(n)+1) does not.">A011776</a>(n) grows.
2, 6, 12, 24, 36, 40, 45, 48, 60, 72, 80, 90, 120, 144, 180, 240, 360, 480, 630, 672, 720, 1080, 1120, 1260, 1344, 1440, 1890, 2016, 2160, 2240, 2520, 2880, 3024, 3360, 3780, 4032, 4320, 5040, 6048


Expansion of 1/((1-x)^3*(1-x^3)^2).
1, 3, 6, 12, 21, 33, 51, 75, 105, 145, 195, 255, 330, 420, 525, 651, 798, 966, 1162, 1386, 1638, 1926, 2250, 2610, 3015, 3465, 3960, 4510, 5115, 5775, 6501, 7293, 8151, 9087, 10101, 11193, 12376, 13650


Expansion of 1/(1-2*x)^3/(1-x^2)^2.
1, 6, 26, 92, 291, 850, 2348, 6216, 15925, 39742, 97086, 233012, 550983, 1286442, 2970960, 6796320, 15417945, 34719510, 77672290, 172743180, 382147691, 841346306, 1844250996, 4026531832, 8758949501, 18989322990


Sextuple factorial numbers: a(n) = Product_{k=0..n-1} (6*k+3).
1, 3, 27, 405, 8505, 229635, 7577955, 295540245, 13299311025, 678264862275, 38661097149675, 2435649120429525, 168059789309637225, 12604484198222791875, 1020963220056046141875, 88823800144876014343125, 8260613413473469333910625, 817800727933873464057151875


Expansion of (1-x)/(1-2*x) in powers of x.
1, 1, 2, 4, 8, 16, 32, 64, 128, 256, 512, 1024, 2048, 4096, 8192, 16384, 32768, 65536, 131072, 262144, 524288, 1048576, 2097152, 4194304, 8388608, 16777216, 33554432, 67108864, 134217728, 268435456, 536870912, 1073741824, 2147483648


Duplicate of <a href="/A001519" title="a(n) = 3*a(n-1) - a(n-2), with a(0) = a(1) = 1.">A001519</a>.
1, 1, 2, 5, 13, 34, 89, 233, 610, 1597, 4181, 10946, 28657, 75025, 196418, 514229


Levine's sequence. First construct a triangle as follows. Row 1 is {1,1}; if row n is {r_1, ..., r_k} then row n+1 consists of {r_k 1's, r_{k-1} 2's, r_{k-2} 3's, etc.}; sequence consists of the final elements in each row.
1, 2, 2, 3, 4, 7, 14, 42, 213, 2837, 175450, 139759600, 6837625106787, 266437144916648607844, 508009471379488821444261986503540, 37745517525533091954736701257541238885239740313139682, 5347426383812697233786139576220450142250373277499130252554080838158299886992660750432


Number of 3 X 3 matrices whose determinant is 1 mod n.
1, 168, 5616, 43008, 372000, 943488, 5630688, 11010048, 36846576, 62496000, 212427600, 241532928, 810534816, 945955584, 2089152000, 2818572288, 6950204928, 6190224768, 16934047920, 15998976000, 31621943808, 35687836800


Number of 4 X 4 matrices whose determinant is 1 mod n.
1, 20160, 12130560, 660602880, 29016000000, 244552089600, 4635182361600, 21646635171840, 174060277297920, 584962560000000, 4139330225184000, 8013482872012800, 50858076935877120, 93445276409856000


Number of n X n matrices over Z_4 whose determinant is 1.
1, 48, 43008, 660602880, 167761422581760, 692647993190048071680, 46119672943810238272430407680, 49327181820263339694887026906732953600, 845779385319367513935228608424336170436211507200


Number of n X n matrices whose determinant is 1 mod n.
0, 6, 5616, 660602880, 56653740000000000, 847972210819236925066444800, 35832085525362833262818017603275320524800, 454962949457868147194568283111215836246845930653666508800


Number of directed animals on a certain lattice.
1, 4, 22, 126, 748, 4532, 27853, 172965, 1082628, 6818768, 43163792, 274370868, 1750133503


Number of directed animals on a certain lattice.
1, 6, 51, 451, 4131, 38624, 366300, 3510111


Number of directed animals on a certain lattice.
1, 2, 8, 35, 169, 862, 4575, 24999, 139700, 794684, 4586377, 26788423, 158054285, 940603900


Number of directed animals on a certain lattice.
1, 3, 18, 121, 896, 7028, 57406, 483080


Triangle of numbers of irreducible Euler sums.
1, 1, 1, 1, 1, 1, 1, 1, 1, 2, 1, 2, 2, 1, 1, 3, 3, 1, 2, 5, 3, 1, 1, 5, 7, 4, 1, 3, 8, 9, 4, 1, 1, 7, 14, 12, 5, 1, 3, 14, 20, 15, 5, 1, 1, 9, 25, 30, 18, 6, 1, 4, 20, 42, 40, 22, 6, 1, 1, 12, 42, 66, 55, 26, 7, 1


Triangle defined by a(n+1,k)=a(n,k-1)+a(n-1,k), a(n,1)=1, a(1,k)=1, a(2,k)=min(2,k).
1, 1, 2, 1, 2, 3, 1, 3, 4, 5, 1, 3, 6, 7, 8, 1, 4, 7, 11, 12, 13, 1, 4, 10, 14, 19, 20, 21, 1, 5, 11, 21, 26, 32, 33, 34, 1, 5, 15, 25, 40, 46, 53, 54, 55, 1, 6, 16, 36, 51, 72, 79, 87, 88, 89


a(n) = floor(C(n,4)/5).
0, 0, 0, 0, 0, 1, 3, 7, 14, 25, 42, 66, 99, 143, 200, 273, 364, 476, 612, 775, 969, 1197, 1463, 1771, 2125, 2530, 2990, 3510, 4095, 4750, 5481, 6293, 7192, 8184, 9275, 10472, 11781, 13209, 14763, 16450, 18278


Number of irreducible alternating Euler sums of depth 6 and weight 6+2n.
1, 3, 9, 20, 42, 75, 132, 212, 333, 497, 728, 1026, 1428, 1932, 2583, 3384, 4389, 5598, 7084, 8844, 10962, 13442, 16380, 19776, 23751, 28301, 33561, 39536, 46376, 54081, 62832, 72624, 83655, 95931, 109668, 124866, 141778, 160398


a(n) = floor(C(n,6)/7).
0, 0, 0, 0, 0, 0, 0, 1, 4, 12, 30, 66, 132, 245, 429, 715, 1144, 1768, 2652, 3876, 5537, 7752, 10659, 14421, 19228, 25300, 32890, 42287, 53820, 67860, 84825, 105183, 129456, 158224, 192129, 231880, 278256


Related to disproof of Gilbert-Pollak conjecture on n-dimensional Steiner minimal trees.
-1, -6, -34, -40, 5829, 225568, 7221500, 229477248, 5781285995, 264454496768


Maximal rank function rho(3,n).
1, 18, 36, 61, 93, 132, 178, 231, 358


Number of labeled forests of n nodes each component of which is a path.
1, 1, 2, 7, 34, 206, 1486, 12412, 117692, 1248004, 14625856, 187638716, 2614602112, 39310384192, 634148436104, 10923398137576, 200069534481616, 3882002527006352, 79535575126745632, 1715658099715217584


Triangle read by rows, the inverse Bell transform of n!*binomial(4,n) (without column 0).
1, 4, 1, 36, 12, 1, 504, 192, 24, 1, 9576, 3960, 600, 40, 1, 229824, 100656, 17160, 1440, 60, 1, 6664896, 3048192, 563976, 54600, 2940, 84, 1, 226606464, 107255232, 21095424, 2256576, 142800, 5376, 112, 1, 8837652096, 4302305280, 887785920


Duplicate of <a href="/A007065" title="Number of M-sequences from multicomplexes on at most 5 variables with no monomial of degree greater than n.">A007065</a>
1, 2, 7, 42, 392, 5345, 102050, 2632429, 89026966, 3851458088, 208865852153


Duplicate of <a href="/A007625" title="Number of M-sequences from multicomplexes on at most 6 variables with no monomial of degree more than n-1.">A007625</a>.
1, 2, 8, 64, 904, 20926, 753994, 40412530, 3099627142, 329518779600


M-sequences from multicomplexes on at most 7 variables with no monomial of degree more than n-1.
2, 9, 93, 1899, 70506, 4486435, 463830877, 74407044673, 17824974050808, 6177590123863188, 3015767999171508360, 2026808543279157951071, 1838007806558686610254487, 2209395428479037427756551320


M-sequences from multicomplexes on at most 8 variables with no monomial of degree more than n-1.
2, 10, 130, 3694, 209746, 22285884, 4172654846, 1306811152024, 655264935972190, 507167545168644168, 587555115672049489686, 992317695587529344756452, 2387516249252596658477327568


M-sequences from multicomplexes on at most 9 variables with no monomial of degree more than n-1.
2, 11, 176, 6743, 562727, 95264798, 30636553704, 17675571563918, 17429225215357484, 28199043639169683222, 72319533139138698523941, 285428460453153302654918919, 1689512010464368927544841098844


M-sequences from multicomplexes on at most 10 variables with no monomial of degree more than n-1.
2, 12, 232, 11672, 1384758, 359074648, 189675768766, 191922235160156, 352948154052188478, 1128291787675746659550, 6036763457041517857600280, 52327736404697360992760687988


M-sequences from multicomplexes on at most 11 variables with no monomial of degree more than n-1.
2, 13, 299, 19318, 3167606, 1216716022, 1016289045634, 1729283934497328, 5667546539054689443, 34105149235238728913664, 361714725652426571177689094, 6527156272709807559816283769206


M-sequences from multicomplexes on at most 12 variables with no monomial of degree more than n-1.
2, 14, 378, 30772, 6807620, 3763991016, 4811471951354, 13277799809473332, 74561538032148504662, 809821626491578170933334, 16284904611381210096496935806, 583857656205952477141180365415562


M-sequences from multicomplexes on 4 variables with all monomials of degree 2 but none of degree larger than n.
0, 0, 1, 21, 330, 4931, 76064, 1257345, 22707559, 452800399, 10023029299, 246756095614, 6752175162108, 204875755372586, 6868905893537535, 253432530143048034, 10246233216680784186, 452038162651568624259


M-sequences from multicomplexes on 4 variables with all monomials of degree 3 but none of degree larger than n.
0, 0, 0, 1, 36, 911, 20807, 468557, 10840767, 263427401, 6809977027, 188790121348, 5641465341098, 182310843939953, 6383884849646341, 242427118777826690, 9983217876902418734, 445432587418516596408


M-sequences from multicomplexes on 4 variables with all monomials of degree 4 but none of degree larger than n.
0, 0, 0, 0, 1, 57, 2185, 72881, 2322629, 73949186, 2410067138, 81563004129, 2892108485341, 108078014350565, 4273605661408932, 179311027612775138, 7999342346440002428, 379986003510210048053, 19238835001520254448553


M-sequences from multicomplexes on 4 variables with all monomials of degree 5 but none of degree larger than n.
0, 0, 0, 0, 0, 1, 85, 4699, 219836, 9595906, 409867615, 17589965248, 770635739545, 34813976611381, 1632431803786770, 79803825438459069, 4080007508711841376, 218627996809373217066, 12298853131687073056568


M-sequences from multicomplexes on 4 variables with all monomials of degree 6 but none of degree larger than n.
0, 0, 0, 0, 0, 0, 1, 121, 9274, 588336, 34169279, 1910015056, 105715598909, 5894822718103, 334864912935350, 19523280973963941, 1174121560958610835, 73092687563740003227, 4721840282194948355236


M-sequences from multicomplexes on 4 variables with all monomials of degree 7 but none of degree larger than n.
0, 0, 0, 0, 0, 0, 0, 1, 166, 17084, 1429000, 107722408, 7709260963, 539697521271, 37652839010763, 2649928897359089, 189683841710882135, 13888624543485989550, 1044391475357613415884


M-sequences from multicomplexes on 4 variables with all monomials of degree 8 but none of degree larger than n.
0, 0, 0, 0, 0, 0, 0, 0, 1, 221, 29745, 3204423, 307002944, 27599253281, 2402068598621, 206421946595193, 17745023547769043, 1539711485029843466, 135701086522090847679, 12203103757932310440888


M-sequences from multicomplexes on 4 variables with all monomials of degree 9 but none of degree larger than n.
0, 0, 0, 0, 0, 0, 0, 0, 0, 1, 287, 49414, 6721391, 803816457, 89294859907, 9517387613809, 993526926534580, 102994962998587912, 10705388607233154107, 1123359305409427947266


Normalized volume of center slice of n-dimensional cube: 2^n* n!*Vol({ (x_1,...,x_n) in [ 0,1 ]^n: n/2 &lt;= Sum_{i = 1..n} x_i &lt;= (n+1)/2 }).
1, 3, 16, 115, 1056, 11774, 154624, 2337507, 39984640, 763546234, 16101629952, 371644257582, 9319104528384, 252270887452380, 7332475985461248, 227761317947788323, 7529455986838732800, 263948439074152148450


M-sequences m_0,m_1,m_2,m_3 with m_1 &lt; n.
2, 5, 16, 52, 152, 392, 904, 1899, 3694, 6743, 11672, 19318, 30772, 47426, 71024, 103717, 148122, 207385, 285248, 386120, 515152, 678316, 882488, 1135535, 1446406, 1825227, 2283400, 2833706, 3490412, 4269382, 5188192, 6266249


Number of M-sequences m_0,...,m_4 with m_1 &lt; n.
2, 6, 32, 203, 1144, 5345, 20926, 70506, 209746, 562727, 1384758, 3167606, 6807620, 13863904, 26941700, 50245591, 90358146, 157312324, 266040452, 438299013, 705186944, 1110395771, 1714352818, 2599444040, 3876530866


Number of M-sequences m_0,...,m_5 with m_1 &lt; n.
2, 7, 64, 877, 10742, 102050, 753994, 4486435, 22285884, 95264798, 359074648, 1216716022, 3763991016, 10763615106, 28741372964, 72261453121, 172248589406, 391536067037, 852876877928, 1787799809335, 3619382778994


M-sequences m_0,...,m_6 with m_1 &lt; n.
2, 8, 128, 4140, 122772, 2632429, 40412530, 463830877, 4172654846, 30636553704, 189675768766, 1016289045634, 4811471951354, 20467607443084, 79306666347738, 283064080815539, 939401940609112


M-sequences m_0,...,m_7 with m_1 &lt; n.
2, 9, 256, 21147, 1673856, 89026966, 3099627142, 74407044673, 1306811152024, 17675571563918, 191922235160156, 1729283934497328, 13277799809473332, 88759840725469601, 525698154348040682


M-sequences m_0,...,m_8 with m_1 &lt; n.
2, 10, 512, 115975, 26780972, 3851458088, 329518779600, 17824974050808, 655264935972190, 17429225215357484, 352948154052188478, 5667546539054689443, 74561538032148504662, 825178947144750263648


M-sequences m_0,...,m_9 with m_1 &lt; n.
2, 11, 1024, 678570, 496090330, 208865852153, 47292630585258, 6177590123863188, 507167545168644168, 28199043639169683222, 1128291787675746659550, 34105149235238728913664


f-vectors for simplicial complexes of dimension at most 1 (graphs) on at most n-1 vertices.
2, 3, 5, 9, 16, 27, 43, 65, 94, 131, 177, 233, 300, 379, 471, 577, 698, 835, 989, 1161, 1352, 1563, 1795, 2049, 2326, 2627, 2953, 3305, 3684, 4091, 4527, 4993, 5490, 6019, 6581, 7177, 7808, 8475, 9179, 9921, 10702, 11523, 12385, 13289


f-vectors for simplicial complexes of dimension at most 2 on at most n-1 vertices.
2, 3, 5, 10, 25, 70, 190, 471, 1060, 2189, 4203, 7592, 13027, 21400, 33868, 51901, 77334, 112423, 159905, 223062, 305789, 412666, 549034, 721075, 935896, 1201617, 1527463, 1923860, 2402535, 2976620, 3660760, 4471225, 5426026


Number of f-vectors for simplicial complexes of dimension at most 3 on at most n-1 vertices.
2, 3, 5, 10, 26, 95, 457, 2246, 9705, 35926, 115688, 331201, 859587, 2054860, 4582126, 9627831, 19217260, 36679253, 67308375, 119286676, 204940824, 342425909, 557944719, 888630900, 1386246251, 2121866592, 3191757298


Number of f-vectors for simplicial complexes of dimension at most 4 on at most n-1 vertices.
2, 3, 5, 10, 26, 96, 552, 4908, 48230, 398663, 2631241, 14192097, 64663638, 256174350, 902972232, 2883651027, 8463753978, 23094833355, 59133598085, 143164108028, 329810868994, 726833391860, 1539215246944, 3144340388550


f-vectors for simplicial complexes of dimension at most 5 on at most n-1 vertices.
2, 3, 5, 10, 26, 96, 553, 5460, 95248, 2016372, 34221167, 428585293, 4098654791, 31352026159, 199469201193, 1088301119016, 5214558528621, 22356794011130, 87058966205928, 311663090859133, 1035954502931899


f-vectors for simplicial complexes of dimension at most 6 on at most n-1 vertices.
2, 3, 5, 10, 26, 96, 553, 5461, 100708, 3617645, 173567527, 6366566540, 158639466203, 2814676722153, 37776715520590, 402955577714030, 3548682190216501, 26572504193848015, 173131916047617788


f-vectors for simplicial complexes of dimension at most 7 on at most n-1 vertices.
2, 3, 5, 10, 26, 96, 553, 5461, 100709, 3718353, 286007155, 32121018248, 2641102182925, 135759833224363, 4635201718175448, 113247016996007525, 2101126725683521037, 30975390230263001230, 375710371221886207918


Number of f-vectors for simplicial complexes of dimension at most 8 on at most n-1 vertices.
2, 3, 5, 10, 26, 96, 553, 5461, 100709, 3718354, 289725508, 49224068017, 13203989190379, 2498210880028303, 272472900722736282, 18445455348353453707, 846271790301299050986, 28189314873080070171124


f-vectors for 2-neighborly simplicial complexes on n+1 vertices.
1, 2, 6, 27, 190, 2246, 48230, 2016372, 173567527, 32121018248, 13203989190379, 12355576970413489, 26815273007684770624, 136972327635873480206735, 1666402843785234768663681968


f-vectors for 3-neighborly simplicial complexes on n+2 vertices.
1, 2, 7, 43, 471, 9705, 398663, 34221167, 6366566540, 2641102182925, 2498210880028303, 5484438524509076715, 28346990140510757039949, 349039307360779249087131805, 10340590252034005587340296182702


f-vectors for 4-neighborly simplicial complexes on n+3 vertices.
1, 2, 8, 65, 1060, 35926, 2631241, 428585293, 158639466203, 135759833224363, 272472900722736282, 1298123934169543364022, 14833579061932366416094404, 410204812500962995190176804579


f-vectors for 5-neighborly simplicial complexes on n+4 vertices.
1, 2, 9, 94, 2189, 115688, 14192097, 4098654791, 2814676722153, 4635201718175448, 18445455348353453707, 178643330908867827127930, 4238739919964982588875223750, 247905520612785780345354967724423


f-vectors for 6-neighborly simplicial complexes on n+5 vertices.
1, 2, 10, 131, 4203, 331201, 64663638, 31352026159, 37776715520590, 113247016996007525, 846271790301299050986, 15805460204542771053508658, 740016466929577536283427715626


f-vectors for 7-neighborly simplicial complexes on n+6 vertices.
1, 2, 11, 177, 7592, 859587, 256174350, 199469201193, 402955577714030, 2101126725683521037, 28189314873080070171124, 971578434976255623597312074, 85994755027711704270764092393297


f-vectors for 8-neighborly simplicial complexes on n+7 vertices.
1, 2, 12, 233, 13027, 2054860, 902972232, 1088301119016, 3548682190216501, 30975390230263001230, 718172054909597874684616, 43989826242167986964609396098, 7092859798789990177772152185478717


f-vectors for 9-neighborly simplicial complexes on n+8 vertices.
1, 2, 13, 300, 21400, 4582126, 2883651027, 5214558528621, 26572504193848015, 375710371221886207918, 14564673083578280342811405, 1534178714372102510213951291006


a(n) = floor(n(n-1)(n-2)/24).
0, 0, 0, 0, 1, 2, 5, 8, 14, 21, 30, 41, 55, 71, 91, 113, 140, 170, 204, 242, 285, 332, 385, 442, 506, 575, 650, 731, 819, 913, 1015, 1123, 1240, 1364, 1496, 1636, 1785, 1942, 2109, 2284, 2470, 2665, 2870, 3085


a(n) = floor(binomial(n,5)/6).
0, 0, 0, 0, 0, 0, 1, 3, 9, 21, 42, 77, 132, 214, 333, 500, 728, 1031, 1428, 1938, 2584, 3391, 4389, 5608, 7084, 8855, 10963, 13455, 16380, 19792, 23751, 28318, 33562, 39556, 46376, 54105, 62832, 72649, 83657


[ C(n,7)/8 ].
0, 0, 0, 0, 0, 0, 0, 0, 1, 4, 15, 41, 99, 214, 429, 804, 1430, 2431, 3978, 6298, 9690, 14535, 21318, 30644, 43263, 60087, 82225, 111003, 148005, 195097, 254475, 328696, 420732, 534006, 672452, 840565, 1043460


a(n) = floor( binomial(n,8)/9).
0, 0, 0, 0, 0, 0, 0, 0, 0, 1, 5, 18, 55, 143, 333, 715, 1430, 2701, 4862, 8398, 13996, 22610, 35530, 54479, 81719, 120175, 173586, 246675, 345345, 476905, 650325, 876525, 1168700, 1542684, 2017356, 2615091, 3362260, 4289780, 5433721, 6835972, 8544965, 10616471


a(n) = floor( binomial(n,9)/10 ).
0, 0, 0, 0, 0, 0, 0, 0, 0, 0, 1, 5, 22, 71, 200, 500, 1144, 2431, 4862, 9237, 16796, 29393, 49742, 81719, 130750, 204297, 312455, 468682, 690690, 1001500, 1430715, 2016007, 2804880, 3856710, 5245125, 7060746


Triangle of numbers read by rows: T(n,k) = floor( C(n,k)/(k+1) ), k=0..n-1.
1, 1, 1, 1, 1, 1, 1, 2, 2, 1, 1, 2, 3, 2, 1, 1, 3, 5, 5, 3, 1, 1, 3, 7, 8, 7, 3, 1, 1, 4, 9, 14, 14, 9, 4, 1, 1, 4, 12, 21, 25, 21, 12, 4, 1, 1, 5, 15, 30, 42, 42, 30, 15, 5, 1, 1, 5, 18, 41, 66, 77, 66, 41, 18, 5, 1, 1, 6, 22, 55, 99, 132, 132, 99, 55, 22, 6, 1, 1, 6, 26, 71


a(n) = floor(binomial(n,2)/2).
0, 0, 0, 1, 3, 5, 7, 10, 14, 18, 22, 27, 33, 39, 45, 52, 60, 68, 76, 85, 95, 105, 115, 126, 138, 150, 162, 175, 189, 203, 217, 232, 248, 264, 280, 297, 315, 333, 351, 370, 390, 410, 430, 451, 473, 495, 517, 540, 564, 588, 612, 637, 663, 689, 715, 742, 770, 798


a(n) = floor(binomial(n,3)/3).
0, 0, 0, 0, 1, 3, 6, 11, 18, 28, 40, 55, 73, 95, 121, 151, 186, 226, 272, 323, 380, 443, 513, 590, 674, 766, 866, 975, 1092, 1218, 1353, 1498, 1653, 1818, 1994, 2181, 2380, 2590, 2812, 3046, 3293, 3553, 3826


a(n) = floor(binomial(n,4)/4).
0, 0, 0, 0, 0, 1, 3, 8, 17, 31, 52, 82, 123, 178, 250, 341, 455, 595, 765, 969, 1211, 1496, 1828, 2213, 2656, 3162, 3737, 4387, 5118, 5937, 6851, 7866, 8990, 10230, 11594, 13090, 14726, 16511, 18453, 20562


a(n) = floor(binomial(n,5)/5).
0, 0, 0, 0, 0, 0, 1, 4, 11, 25, 50, 92, 158, 257, 400, 600, 873, 1237, 1713, 2325, 3100, 4069, 5266, 6729, 8500, 10626, 13156, 16146, 19656, 23751, 28501, 33982, 40275, 47467, 55651, 64926, 75398, 87179, 100388, 115151, 131601, 149879, 170133, 192519, 217201, 244351, 274150


a(n) = floor(binomial(n,6)/6).
0, 0, 0, 0, 0, 0, 0, 1, 4, 14, 35, 77, 154, 286, 500, 834, 1334, 2062, 3094, 4522, 6460, 9044, 12435, 16824, 22432, 29516, 38371, 49335, 62790, 79170, 98962, 122713, 151032, 184594, 224150, 270526, 324632


[ binomial(n,7)/7 ].
0, 0, 0, 0, 0, 0, 0, 0, 1, 5, 17, 47, 113, 245, 490, 919, 1634, 2778, 4546, 7198, 11074, 16611, 24363, 35022, 49443, 68671, 93971, 126861, 169148, 222968, 290828, 375653, 480836, 610292, 768516, 960645


a(n) = floor(binomial(n,8)/8).
0, 0, 0, 0, 0, 0, 0, 0, 0, 1, 5, 20, 61, 160, 375, 804, 1608, 3038, 5469, 9447, 15746, 25436, 39971, 61289, 91933, 135196, 195284, 277509, 388513, 536518, 731615, 986090, 1314787, 1735519, 2269525, 2941977


a(n) = floor(binomial(n,9)/9).
0, 0, 0, 0, 0, 0, 0, 0, 0, 0, 1, 6, 24, 79, 222, 556, 1271, 2701, 5402, 10264, 18662, 32658, 55268, 90798, 145278, 226997, 347172, 520758, 767433, 1112778, 1589683, 2240008, 3116533, 4285233, 5827917, 7845273


a(n) = floor(binomial(n,10)/10).
0, 0, 0, 0, 0, 0, 0, 0, 0, 0, 0, 1, 6, 28, 100, 300, 800, 1944, 4375, 9237, 18475, 35271, 64664, 114406, 196125, 326876, 531173, 843628, 1312311, 2003001, 3004501, 4435216, 6451224, 9256104, 13112814, 18357939


Triangle of numbers [ C(n,k)/k ], k=1..n-1.
2, 3, 1, 4, 3, 1, 5, 5, 3, 1, 6, 7, 6, 3, 1, 7, 10, 11, 8, 4, 1, 8, 14, 18, 17, 11, 4, 1, 9, 18, 28, 31, 25, 14, 5, 1, 10, 22, 40, 52, 50, 35, 17, 5, 1, 11, 27, 55, 82, 92, 77, 47, 20, 6, 1, 12, 33, 73, 123, 158, 154, 113, 61, 24, 6, 1, 13, 39, 95, 178, 257, 286, 245, 160


a(n) = floor( n*(n-1)/5 ).
0, 0, 0, 1, 2, 4, 6, 8, 11, 14, 18, 22, 26, 31, 36, 42, 48, 54, 61, 68, 76, 84, 92, 101, 110, 120, 130, 140, 151, 162, 174, 186, 198, 211, 224, 238, 252, 266, 281, 296, 312, 328, 344, 361, 378, 396, 414, 432, 451, 470, 490, 510, 530, 551, 572, 594, 616, 638, 661, 684


Normalized sequence of cumulants formed from moments in a quantum many-body problem at its critical point.
-1, 1, 4, 14, 16, -400, -5312, -33040, 134400, 7141632, 104530944, 438163968, -19703033856, -615381651456, -8122606469120, 54420468856832, 5822016615940096, 150504948558528512, 1126972987747336192, -72753308251479212032


Floor( n(n-1)/7 ).
0, 0, 0, 0, 1, 2, 4, 6, 8, 10, 12, 15, 18, 22, 26, 30, 34, 38, 43, 48, 54, 60, 66, 72, 78, 85, 92, 100, 108, 116, 124, 132, 141, 150, 160, 170, 180, 190, 200, 211, 222, 234, 246, 258, 270, 282, 295, 308, 322, 336, 350, 364, 378, 393, 408, 424, 440, 456, 472, 488, 505


a(n) = floor(n(n-1)/8).
0, 0, 0, 0, 1, 2, 3, 5, 7, 9, 11, 13, 16, 19, 22, 26, 30, 34, 38, 42, 47, 52, 57, 63, 69, 75, 81, 87, 94, 101, 108, 116, 124, 132, 140, 148, 157, 166, 175, 185, 195, 205, 215, 225, 236, 247, 258, 270, 282, 294, 306, 318, 331, 344, 357, 371, 385, 399, 413, 427, 442, 457, 472


a(n) = floor(n*(n-1)/9).
0, 0, 0, 0, 1, 2, 3, 4, 6, 8, 10, 12, 14, 17, 20, 23, 26, 30, 34, 38, 42, 46, 51, 56, 61, 66, 72, 78, 84, 90, 96, 103, 110, 117, 124, 132, 140, 148, 156, 164, 173, 182, 191, 200, 210, 220, 230, 240, 250, 261, 272, 283, 294, 306, 318, 330, 342, 354, 367, 380, 393, 406, 420


Nearest integer to (n/2)^4.
0, 1, 5, 16, 39, 81, 150, 256, 410, 625, 915, 1296, 1785, 2401, 3164, 4096, 5220, 6561, 8145, 10000, 12155, 14641, 17490, 20736, 24414, 28561, 33215, 38416, 44205, 50625, 57720, 65536, 74120, 83521, 93789, 104976, 117135, 130321, 144590


[ n(n-1)/11 ].
0, 0, 0, 0, 1, 1, 2, 3, 5, 6, 8, 10, 12, 14, 16, 19, 21, 24, 27, 31, 34, 38, 42, 46, 50, 54, 59, 63, 68, 73, 79, 84, 90, 96, 102, 108, 114, 121, 127, 134, 141, 149, 156, 164, 172, 180, 188, 196, 205, 213, 222, 231, 241, 250, 260, 270, 280, 290, 300, 311, 321, 332, 343, 355


a(n) = floor( n*(n - 1)/12 ).
0, 0, 0, 0, 1, 1, 2, 3, 4, 6, 7, 9, 11, 13, 15, 17, 20, 22, 25, 28, 31, 35, 38, 42, 46, 50, 54, 58, 63, 67, 72, 77, 82, 88, 93, 99, 105, 111, 117, 123, 130, 136, 143, 150, 157, 165, 172, 180, 188, 196, 204, 212, 221, 229, 238, 247, 256, 266, 275, 285, 295, 305, 315, 325, 336


[ n(n-1)/13 ].
0, 0, 0, 0, 0, 1, 2, 3, 4, 5, 6, 8, 10, 12, 14, 16, 18, 20, 23, 26, 29, 32, 35, 38, 42, 46, 50, 54, 58, 62, 66, 71, 76, 81, 86, 91, 96, 102, 108, 114, 120, 126, 132, 138, 145, 152, 159, 166, 173, 180, 188, 196, 204, 212, 220, 228, 236, 245, 254, 263, 272, 281, 290, 300, 310


a(n) = floor(n*(n-1)/14).
0, 0, 0, 0, 0, 1, 2, 3, 4, 5, 6, 7, 9, 11, 13, 15, 17, 19, 21, 24, 27, 30, 33, 36, 39, 42, 46, 50, 54, 58, 62, 66, 70, 75, 80, 85, 90, 95, 100, 105, 111, 117, 123, 129, 135, 141, 147, 154, 161, 168, 175, 182, 189, 196, 204, 212, 220, 228, 236, 244, 252, 261, 270, 279, 288, 297


[ n(n-1)/15 ].
0, 0, 0, 0, 0, 1, 2, 2, 3, 4, 6, 7, 8, 10, 12, 14, 16, 18, 20, 22, 25, 28, 30, 33, 36, 40, 43, 46, 50, 54, 58, 62, 66, 70, 74, 79, 84, 88, 93, 98, 104, 109, 114, 120, 126, 132, 138, 144, 150, 156, 163, 170, 176, 183, 190


a(n) = floor(n*(n-1)/16).
0, 0, 0, 0, 0, 1, 1, 2, 3, 4, 5, 6, 8, 9, 11, 13, 15, 17, 19, 21, 23, 26, 28, 31, 34, 37, 40, 43, 47, 50, 54, 58, 62, 66, 70, 74, 78, 83, 87, 92, 97, 102, 107, 112, 118, 123, 129, 135, 141, 147, 153, 159, 165, 172, 178, 185, 192, 199, 206, 213, 221, 228, 236, 244, 252, 260


[ n(n-1)/17 ].
0, 0, 0, 0, 0, 1, 1, 2, 3, 4, 5, 6, 7, 9, 10, 12, 14, 16, 18, 20, 22, 24, 27, 29, 32, 35, 38, 41, 44, 47, 51, 54, 58, 62, 66, 70, 74, 78, 82, 87, 91, 96, 101, 106, 111, 116, 121, 127, 132, 138, 144, 150, 156, 162, 168, 174, 181, 187, 194, 201, 208, 215, 222, 229, 237, 244, 252


[ n(n-1)/18 ].
0, 0, 0, 0, 0, 1, 1, 2, 3, 4, 5, 6, 7, 8, 10, 11, 13, 15, 17, 19, 21, 23, 25, 28, 30, 33, 36, 39, 42, 45, 48, 51, 55, 58, 62, 66, 70, 74, 78, 82, 86, 91, 95, 100, 105, 110, 115, 120, 125, 130, 136, 141, 147, 153, 159, 165, 171, 177, 183, 190, 196, 203, 210, 217, 224, 231, 238


[ n(n-1)/19 ].
0, 0, 0, 0, 0, 1, 1, 2, 2, 3, 4, 5, 6, 8, 9, 11, 12, 14, 16, 18, 20, 22, 24, 26, 29, 31, 34, 36, 39, 42, 45, 48, 52, 55, 59, 62, 66, 70, 74, 78, 82, 86, 90, 95, 99, 104, 108, 113, 118, 123, 128, 134, 139, 145, 150, 156, 162, 168, 174, 180, 186, 192, 199, 205, 212, 218, 225, 232


a(n) = floor(n(n-1)/20).
0, 0, 0, 0, 0, 1, 1, 2, 2, 3, 4, 5, 6, 7, 9, 10, 12, 13, 15, 17, 19, 21, 23, 25, 27, 30, 32, 35, 37, 40, 43, 46, 49, 52, 56, 59, 63, 66, 70, 74, 78, 82, 86, 90, 94, 99, 103, 108, 112, 117, 122, 127, 132, 137, 143, 148, 154, 159, 165, 171, 177, 183, 189


[ n(n-1)/21 ].
0, 0, 0, 0, 0, 0, 1, 2, 2, 3, 4, 5, 6, 7, 8, 10, 11, 12, 14, 16, 18, 20, 22, 24, 26, 28, 30, 33, 36, 38, 41, 44, 47, 50, 53, 56, 60, 63, 66, 70, 74, 78, 82, 86, 90, 94, 98, 102, 107, 112, 116, 121, 126, 131, 136, 141


Floor( n*(n-1)/22 ).
0, 0, 0, 0, 0, 0, 1, 1, 2, 3, 4, 5, 6, 7, 8, 9, 10, 12, 13, 15, 17, 19, 21, 23, 25, 27, 29, 31, 34, 36, 39, 42, 45, 48, 51, 54, 57, 60, 63, 67, 70, 74, 78, 82, 86, 90, 94, 98, 102, 106, 111, 115, 120, 125, 130, 135, 140, 145, 150, 155, 160, 166, 171, 177, 183, 189, 195, 201, 207


[ n(n-1)/23 ].
0, 0, 0, 0, 0, 0, 1, 1, 2, 3, 3, 4, 5, 6, 7, 9, 10, 11, 13, 14, 16, 18, 20, 22, 24, 26, 28, 30, 32, 35, 37, 40, 43, 45, 48, 51, 54, 57, 61, 64, 67, 71, 74, 78, 82, 86, 90, 94, 98, 102, 106, 110, 115, 119, 124, 129, 133, 138, 143, 148, 153, 159, 164, 169, 175, 180, 186, 192, 198


[ n(n-1)/24 ].
0, 0, 0, 0, 0, 0, 1, 1, 2, 3, 3, 4, 5, 6, 7, 8, 10, 11, 12, 14, 15, 17, 19, 21, 23, 25, 27, 29, 31, 33, 36, 38, 41, 44, 46, 49, 52, 55, 58, 61, 65, 68, 71, 75, 78, 82, 86, 90, 94, 98, 102, 106, 110, 114, 119, 123, 128, 133, 137, 142, 147, 152, 157, 162, 168, 173, 178, 184, 189


a(n) = floor( n(n-1)/25 ).
0, 0, 0, 0, 0, 0, 1, 1, 2, 2, 3, 4, 5, 6, 7, 8, 9, 10, 12, 13, 15, 16, 18, 20, 22, 24, 26, 28, 30, 32, 34, 37, 39, 42, 44, 47, 50, 53, 56, 59, 62, 65, 68, 72, 75, 79, 82, 86, 90, 94, 98, 102, 106, 110, 114, 118, 123, 127, 132, 136, 141, 146, 151


a(n) = floor( n(n-1)/26 ).
0, 0, 0, 0, 0, 0, 1, 1, 2, 2, 3, 4, 5, 6, 7, 8, 9, 10, 11, 13, 14, 16, 17, 19, 21, 23, 25, 27, 29, 31, 33, 35, 38, 40, 43, 45, 48, 51, 54, 57, 60, 63, 66, 69, 72, 76, 79, 83, 86, 90, 94, 98, 102, 106, 110, 114, 118, 122, 127, 131, 136, 140, 145


[ n(n-1)/27 ].
0, 0, 0, 0, 0, 0, 1, 1, 2, 2, 3, 4, 4, 5, 6, 7, 8, 10, 11, 12, 14, 15, 17, 18, 20, 22, 24, 26, 28, 30, 32, 34, 36, 39, 41, 44, 46, 49, 52, 54, 57, 60, 63, 66, 70, 73, 76, 80, 83, 87, 90, 94, 98, 102, 106, 110, 114, 118, 122, 126, 131, 135, 140, 144, 149, 154, 158, 163, 168, 173


[ n(n-1)/28 ].
0, 0, 0, 0, 0, 0, 1, 1, 2, 2, 3, 3, 4, 5, 6, 7, 8, 9, 10, 12, 13, 15, 16, 18, 19, 21, 23, 25, 27, 29, 31, 33, 35, 37, 40, 42, 45, 47, 50, 52, 55, 58, 61, 64, 67, 70, 73, 77, 80, 84, 87, 91, 94, 98, 102, 106, 110, 114, 118


[ n(n-1)/29 ].
0, 0, 0, 0, 0, 0, 1, 1, 1, 2, 3, 3, 4, 5, 6, 7, 8, 9, 10, 11, 13, 14, 15, 17, 19, 20, 22, 24, 26, 28, 30, 32, 34, 36, 38, 41, 43, 45, 48, 51, 53, 56, 59, 62, 65, 68, 71, 74, 77, 81, 84, 87, 91, 95, 98, 102, 106, 110, 114, 118, 122, 126, 130, 134, 139, 143, 147, 152, 157, 161, 166, 171


[ n(n-1)/30 ].
0, 0, 0, 0, 0, 0, 1, 1, 1, 2, 3, 3, 4, 5, 6, 7, 8, 9, 10, 11, 12, 14, 15, 16, 18, 20, 21, 23, 25, 27, 29, 31, 33, 35, 37, 39, 42, 44, 46, 49, 52, 54, 57, 60, 63, 66, 69, 72, 75, 78, 81, 85, 88, 91, 95, 99, 102, 106, 110, 114, 118, 122, 126, 130, 134, 138, 143, 147, 151, 156, 161, 165


Floor(n(n - 1)/31).
0, 0, 0, 0, 0, 0, 0, 1, 1, 2, 2, 3, 4, 5, 5, 6, 7, 8, 9, 11, 12, 13, 14, 16, 17, 19, 20, 22, 24, 26, 28, 30, 32, 34, 36, 38, 40, 42, 45, 47, 50, 52, 55, 58, 61, 63, 66, 69, 72, 75, 79, 82, 85, 88, 92, 95, 99, 102, 106, 110, 114, 118, 122, 126, 130, 134, 138, 142, 146, 151, 155, 160


[ n(n-1)/32 ].
0, 0, 0, 0, 0, 0, 0, 1, 1, 2, 2, 3, 4, 4, 5, 6, 7, 8, 9, 10, 11, 13, 14, 15, 17, 18, 20, 21, 23, 25, 27, 29, 31, 33, 35, 37, 39, 41, 43, 46, 48, 51, 53, 56, 59, 61, 64, 67, 70, 73, 76, 79, 82, 86, 89, 92, 96, 99, 103, 106, 110, 114, 118, 122, 126, 130, 134, 138, 142, 146, 150


a(n) = floor(n*(n-1)*(n-2)/4).
0, 0, 0, 1, 6, 15, 30, 52, 84, 126, 180, 247, 330, 429, 546, 682, 840, 1020, 1224, 1453, 1710, 1995, 2310, 2656, 3036, 3450, 3900, 4387, 4914, 5481, 6090, 6742, 7440, 8184, 8976, 9817, 10710, 11655, 12654, 13708, 14820, 15990, 17220, 18511, 19866, 21285


[ n(n-1)(n-2)/5 ].
0, 0, 0, 1, 4, 12, 24, 42, 67, 100, 144, 198, 264, 343, 436, 546, 672, 816, 979, 1162, 1368, 1596, 1848, 2125, 2428, 2760, 3120, 3510, 3931, 4384, 4872, 5394, 5952, 6547, 7180, 7854, 8568, 9324, 10123, 10966


Partial sums of <a href="/A011863" title="Nearest integer to (n/2)^4.">A011863</a>.
0, 1, 6, 22, 61, 142, 292, 548, 958, 1583, 2498, 3794, 5579, 7980, 11144, 15240, 20460, 27021, 35166, 45166, 57321, 71962, 89452, 110188, 134602, 163163, 196378, 234794, 278999, 329624, 387344, 452880


a(n) = floor(n*(n-1)*(n-2)/7).
0, 0, 0, 0, 3, 8, 17, 30, 48, 72, 102, 141, 188, 245, 312, 390, 480, 582, 699, 830, 977, 1140, 1320, 1518, 1734, 1971, 2228, 2507, 2808, 3132, 3480, 3852, 4251, 4676, 5129, 5610, 6120, 6660, 7230, 7833, 8468


[ n(n-1)(n-2)/8 ].
0, 0, 0, 0, 3, 7, 15, 26, 42, 63, 90, 123, 165, 214, 273, 341, 420, 510, 612, 726, 855, 997, 1155, 1328, 1518, 1725, 1950, 2193, 2457, 2740, 3045, 3371, 3720, 4092, 4488, 4908, 5355, 5827, 6327, 6854, 7410


a(n) = floor( n*(n-1)*(n-2)/9 ).
0, 0, 0, 0, 2, 6, 13, 23, 37, 56, 80, 110, 146, 190, 242, 303, 373, 453, 544, 646, 760, 886, 1026, 1180, 1349, 1533, 1733, 1950, 2184, 2436, 2706, 2996, 3306, 3637, 3989, 4363, 4760, 5180, 5624, 6092, 6586, 7106, 7653, 8227, 8829, 9460, 10120, 10810, 11530


[ n(n-1)(n-2)/10 ].
0, 0, 0, 0, 2, 6, 12, 21, 33, 50, 72, 99, 132, 171, 218, 273, 336, 408, 489, 581, 684, 798, 924, 1062, 1214, 1380, 1560, 1755, 1965, 2192, 2436, 2697, 2976, 3273, 3590, 3927, 4284, 4662, 5061, 5483, 5928


[ n(n-1)(n-2)/11 ].
0, 0, 0, 0, 2, 5, 10, 19, 30, 45, 65, 90, 120, 156, 198, 248, 305, 370, 445, 528, 621, 725, 840, 966, 1104, 1254, 1418, 1595, 1786, 1993, 2214, 2451, 2705, 2976, 3264, 3570, 3894, 4238, 4601, 4984, 5389


a(n) = floor(n(n-1)(n-2)/12).
0, 0, 0, 0, 2, 5, 10, 17, 28, 42, 60, 82, 110, 143, 182, 227, 280, 340, 408, 484, 570, 665, 770, 885, 1012, 1150, 1300, 1462, 1638, 1827, 2030, 2247, 2480, 2728, 2992, 3272, 3570, 3885, 4218, 4569, 4940


a(n) = floor(n*(n-1)*(n-2)/13).
0, 0, 0, 0, 1, 4, 9, 16, 25, 38, 55, 76, 101, 132, 168, 210, 258, 313, 376, 447, 526, 613, 710, 817, 934, 1061, 1200, 1350, 1512, 1686, 1873, 2074, 2289, 2518, 2761, 3020, 3295, 3586, 3893, 4218, 4560, 4920, 5298, 5695, 6112, 6549, 7006, 7483


[ n(n-1)(n-2)/14 ].
0, 0, 0, 0, 1, 4, 8, 15, 24, 36, 51, 70, 94, 122, 156, 195, 240, 291, 349, 415, 488, 570, 660, 759, 867, 985, 1114, 1253, 1404, 1566, 1740, 1926, 2125, 2338, 2564, 2805, 3060, 3330, 3615, 3916, 4234, 4568, 4920, 5289, 5676, 6081, 6505, 6949, 7412, 7896


a(n) = floor(n*(n-1)*(n-2)/15).
0, 0, 0, 0, 1, 4, 8, 14, 22, 33, 48, 66, 88, 114, 145, 182, 224, 272, 326, 387, 456, 532, 616, 708, 809, 920, 1040, 1170, 1310, 1461, 1624, 1798, 1984, 2182, 2393, 2618, 2856, 3108, 3374, 3655, 3952, 4264, 4592


a(n) = floor(n*(n-1)*(n-2)/16).
0, 0, 0, 0, 1, 3, 7, 13, 21, 31, 45, 61, 82, 107, 136, 170, 210, 255, 306, 363, 427, 498, 577, 664, 759, 862, 975, 1096, 1228, 1370, 1522, 1685, 1860, 2046, 2244, 2454, 2677, 2913, 3163, 3427, 3705, 3997, 4305


a(n) = floor(n*(n-1)*(n-2)/17).
0, 0, 0, 0, 1, 3, 7, 12, 19, 29, 42, 58, 77, 100, 128, 160, 197, 240, 288, 342, 402, 469, 543, 625, 714, 811, 917, 1032, 1156, 1289, 1432, 1586, 1750, 1925, 2112, 2310, 2520, 2742, 2977, 3225, 3487, 3762, 4051


a(n) = 6*a(n-1) - a(n-2) - 2 with a(0) = 1, a(1) = 3.
1, 3, 15, 85, 493, 2871, 16731, 97513, 568345, 3312555, 19306983, 112529341, 655869061, 3822685023, 22280241075, 129858761425, 756872327473, 4411375203411, 25711378892991, 149856898154533, 873430010034205, 5090723162050695, 29670908962269963


[ n(n-1)(n-2)/19 ].
0, 0, 0, 0, 1, 3, 6, 11, 17, 26, 37, 52, 69, 90, 114, 143, 176, 214, 257, 306, 360, 420, 486, 559, 639, 726, 821, 923, 1034, 1153, 1282, 1419, 1566, 1722, 1889, 2066, 2254, 2453, 2664, 2886, 3120, 3366, 3625


[ n(n-1)(n-2)/20 ].
0, 0, 0, 0, 1, 3, 6, 10, 16, 25, 36, 49, 66, 85, 109, 136, 168, 204, 244, 290, 342, 399, 462, 531, 607, 690, 780, 877, 982, 1096, 1218, 1348, 1488, 1636, 1795, 1963, 2142, 2331, 2530, 2741, 2964, 3198, 3444


a(n) = floor(n*(n-1)*(n-2)/21).
0, 0, 0, 0, 1, 2, 5, 10, 16, 24, 34, 47, 62, 81, 104, 130, 160, 194, 233, 276, 325, 380, 440, 506, 578, 657, 742, 835, 936, 1044, 1160, 1284, 1417, 1558, 1709, 1870, 2040, 2220, 2410, 2611, 2822, 3045, 3280


[ n(n-1)(n-2)/22 ].
0, 0, 0, 0, 1, 2, 5, 9, 15, 22, 32, 45, 60, 78, 99, 124, 152, 185, 222, 264, 310, 362, 420, 483, 552, 627, 709, 797, 893, 996, 1107, 1225, 1352, 1488, 1632, 1785, 1947, 2119, 2300, 2492, 2694, 2907, 3130, 3365


[ n(n-1)(n-2)/23 ].
0, 0, 0, 0, 1, 2, 5, 9, 14, 21, 31, 43, 57, 74, 94, 118, 146, 177, 212, 252, 297, 346, 401, 462, 528, 600, 678, 763, 854, 953, 1059, 1172, 1293, 1423, 1561, 1707, 1862, 2026, 2200, 2384, 2577, 2780, 2994, 3219


If b(n) is <a href="/A011900" title="a(n) = 6*a(n-1) - a(n-2) - 2 with a(0) = 1, a(1) = 3.">A011900</a>(n) and c(n) is <a href="/A001109" title="a(n)^2 is a triangular number: a(n) = 6*a(n-1) - a(n-2) with a(0)=0, a(1)=1.">A001109</a>(n), then a(n) = b(n)*c(n) = b(n) + (b(n)+1) + (b(n)+2) + ... + c(n).
1, 18, 525, 17340, 586177, 19896030, 675781821, 22956120408, 779829016225, 26491211221770, 899921240562957, 30570830315362260, 1038508305678375841, 35278711540581704598, 1198437683944896688125, 40711602541832856049200, 1382996048733983114022337


[ n(n-1)(n-2)/25 ].
0, 0, 0, 0, 0, 2, 4, 8, 13, 20, 28, 39, 52, 68, 87, 109, 134, 163, 195, 232, 273, 319, 369, 425, 485, 552, 624, 702, 786, 876, 974, 1078, 1190, 1309, 1436, 1570, 1713, 1864, 2024, 2193, 2371, 2558, 2755, 2961


[ n(n-1)(n-2)/26 ].
0, 0, 0, 0, 0, 2, 4, 8, 12, 19, 27, 38, 50, 66, 84, 105, 129, 156, 188, 223, 263, 306, 355, 408, 467, 530, 600, 675, 756, 843, 936, 1037, 1144, 1259, 1380, 1510, 1647, 1793, 1946, 2109, 2280, 2460, 2649, 2847


[ n(n-1)(n-2)/27 ].
0, 0, 0, 0, 0, 2, 4, 7, 12, 18, 26, 36, 48, 63, 80, 101, 124, 151, 181, 215, 253, 295, 342, 393, 449, 511, 577, 650, 728, 812, 902, 998, 1102, 1212, 1329, 1454, 1586, 1726, 1874, 2030, 2195, 2368, 2551, 2742, 2943


Floor( n(n-1)(n-2)/28 ).
0, 0, 0, 0, 0, 2, 4, 7, 12, 18, 25, 35, 47, 61, 78, 97, 120, 145, 174, 207, 244, 285, 330, 379, 433, 492, 557, 626, 702, 783, 870, 963, 1062, 1169, 1282, 1402, 1530, 1665, 1807, 1958, 2117, 2284, 2460, 2644, 2838


[ n(n-1)(n-2)/29 ].
0, 0, 0, 0, 0, 2, 4, 7, 11, 17, 24, 34, 45, 59, 75, 94, 115, 140, 168, 200, 235, 275, 318, 366, 418, 475, 537, 605, 677, 756, 840, 930, 1026, 1128, 1238, 1354, 1477, 1607, 1745, 1890, 2044, 2205, 2375, 2553, 2740


a(n) = floor(n(n-1)(n-2)/30).
0, 0, 0, 0, 0, 2, 4, 7, 11, 16, 24, 33, 44, 57, 72, 91, 112, 136, 163, 193, 228, 266, 308, 354, 404, 460, 520, 585, 655, 730, 812, 899, 992, 1091, 1196, 1309, 1428, 1554, 1687, 1827, 1976, 2132, 2296, 2468, 2648


[ n(n-1)(n-2)/31 ].
0, 0, 0, 0, 0, 1, 3, 6, 10, 16, 23, 31, 42, 55, 70, 88, 108, 131, 157, 187, 220, 257, 298, 342, 391, 445, 503, 566, 634, 707, 785, 870, 960, 1056, 1158, 1266, 1381, 1503, 1632, 1768, 1912, 2063, 2221, 2388, 2563


[ n(n-1)(n-2)/32 ].
0, 0, 0, 0, 0, 1, 3, 6, 10, 15, 22, 30, 41, 53, 68, 85, 105, 127, 153, 181, 213, 249, 288, 332, 379, 431, 487, 548, 614, 685, 761, 842, 930, 1023, 1122, 1227, 1338, 1456, 1581, 1713, 1852, 1998, 2152, 2313, 2483, 2660, 2846, 3040, 3243, 3454, 3675, 3904


a(n) = floor(n(n-1)(n-2)(n-3)/5).
0, 0, 0, 0, 4, 24, 72, 168, 336, 604, 1008, 1584, 2376, 3432, 4804, 6552, 8736, 11424, 14688, 18604, 23256, 28728, 35112, 42504, 51004, 60720, 71760, 84240, 98280, 114004, 131544, 151032, 172608, 196416, 222604, 251328, 282744, 317016, 354312


a(n) = ((b(n)-1)+sqrt(3*b(n)^2-4*b(n)+1))/2, where b(n) is <a href="/A011922" title="a(n) = 15*a(n-1) - 15*a(n-2) + a(n-3).">A011922</a>(n).
0, 3, 44, 615, 8568, 119339, 1662180, 23151183, 322454384, 4491210195, 62554488348, 871271626679, 12135248285160, 169022204365563, 2354175612832724, 32789436375292575, 456697933641263328, 6360981634602394019


[ n(n-1)(n-2)(n-3)/7 ].
0, 0, 0, 0, 3, 17, 51, 120, 240, 432, 720, 1131, 1697, 2451, 3432, 4680, 6240, 8160, 10491, 13289, 16611, 20520, 25080, 30360, 36432, 43371, 51257, 60171, 70200, 81432, 93960, 107880, 123291, 140297, 159003


a(n) = <a href="/A011916" title="a(n) = ((b(n)-1)+sqrt(3*b(n)^2-4*b(n)+1))/2, where b(n) is A011922(n).">A011916</a>(n) + <a href="/A011922" title="a(n) = 15*a(n-1) - 15*a(n-2) + a(n-3).">A011922</a>(n) - 1.
5, 76, 1065, 14840, 206701, 2878980, 40099025, 558507376, 7779004245, 108347552060, 1509086724601, 21018866592360, 292755045568445, 4077551771365876, 56792969753553825, 791024024778387680, 11017543377143873701, 153454583255235844140, 2137346622196157944265


[ n(n-1)(n-2)(n-3)/9 ].
0, 0, 0, 0, 2, 13, 40, 93, 186, 336, 560, 880, 1320, 1906, 2669, 3640, 4853, 6346, 8160, 10336, 12920, 15960, 19506, 23613, 28336, 33733, 39866, 46800, 54600, 63336, 73080, 83906, 95893, 109120, 123669


a(n) = b(n)*(b(n)+1) = b(n) + ... + c(n), where b(n) = <a href="/A011916" title="a(n) = ((b(n)-1)+sqrt(3*b(n)^2-4*b(n)+1))/2, where b(n) is A011922(n).">A011916</a>(n), c(n) = <a href="/A011918" title="a(n) = A011916(n) + A011922(n) - 1.">A011918</a>(n).
12, 1980, 378840, 73419192, 14241916260, 2762844014580, 535977297450672, 103976830083273840, 20170969020163148220, 3913064012542622257452, 759114247456742016195720, 147264250942490855924510760


[ n(n-1)(n-2)(n-3)/11 ].
0, 0, 0, 0, 2, 10, 32, 76, 152, 274, 458, 720, 1080, 1560, 2184, 2978, 3970, 5192, 6676, 8456, 10570, 13058, 15960, 19320, 23184, 27600, 32618, 38290, 44672, 51820, 59792, 68650, 78458, 89280, 101184


a(n) = 15*a(n-1) - 15*a(n-2) + a(n-3).
1, 3, 33, 451, 6273, 87363, 1216801, 16947843, 236052993, 3287794051, 45793063713, 637815097923, 8883618307201, 123732841202883, 1723376158533153, 24003533378261251, 334326091137124353


[ n(n-1)(n-2)(n-3)/13 ].
0, 0, 0, 0, 1, 9, 27, 64, 129, 232, 387, 609, 913, 1320, 1848, 2520, 3360, 4393, 5649, 7155, 8944, 11049, 13504, 16347, 19617, 23353, 27600, 32400, 37800, 43848, 50593, 58089, 66387, 75544, 85617, 96664


Floor[n(n-1)(n-2)(n-3)/14].
0, 0, 0, 0, 1, 8, 25, 60, 120, 216, 360, 565, 848, 1225, 1716, 2340, 3120, 4080, 5245, 6644, 8305, 10260, 12540, 15180, 18216, 21685, 25628, 30085, 35100, 40716, 46980, 53940, 61645, 70148, 79501, 89760


Floor(n(n-1)(n-2)(n-3)/15).
0, 0, 0, 0, 1, 8, 24, 56, 112, 201, 336, 528, 792, 1144, 1601, 2184, 2912, 3808, 4896, 6201, 7752, 9576, 11704, 14168, 17001, 20240, 23920, 28080, 32760, 38001, 43848, 50344, 57536, 65472, 74201, 83776


[ n(n-1)(n-2)(n-3)/16 ].
0, 0, 0, 0, 1, 7, 22, 52, 105, 189, 315, 495, 742, 1072, 1501, 2047, 2730, 3570, 4590, 5814, 7267, 8977, 10972, 13282, 15939, 18975, 22425, 26325, 30712, 35626, 41107, 47197, 53940, 61380, 69564, 78540


[ n(n-1)(n-2)(n-3)/17 ].
0, 0, 0, 0, 1, 7, 21, 49, 98, 177, 296, 465, 698, 1009, 1413, 1927, 2569, 3360, 4320, 5472, 6840, 8449, 10327, 12501, 15001, 17858, 21105, 24776, 28905, 33530, 38689, 44421, 50767, 57769, 65472, 73920


a(n) = floor(n(n-1)(n-2)(n-3)/18).
0, 0, 0, 0, 1, 6, 20, 46, 93, 168, 280, 440, 660, 953, 1334, 1820, 2426, 3173, 4080, 5168, 6460, 7980, 9753, 11806, 14168, 16866, 19933, 23400, 27300, 31668, 36540, 41953, 47946, 54560, 61834, 69813, 78540, 88060, 98420, 109668, 121853, 135026, 149240


a(n) = floor(n(n-1)(n-2)(n-3)/19).
0, 0, 0, 0, 1, 6, 18, 44, 88, 159, 265, 416, 625, 903, 1264, 1724, 2298, 3006, 3865, 4896, 6120, 7560, 9240, 11185, 13422, 15978, 18884, 22168, 25863, 30001, 34616, 39745, 45423, 51688, 58580, 66138, 74406, 83425, 93240, 103896, 115440, 127920, 141385


a(n) = floor(n(n-1)(n-2)(n-3)/20).
0, 0, 0, 0, 1, 6, 18, 42, 84, 151, 252, 396, 594, 858, 1201, 1638, 2184, 2856, 3672, 4651, 5814, 7182, 8778, 10626, 12751, 15180, 17940, 21060, 24570, 28501, 32886, 37758, 43152, 49104, 55651, 62832, 70686, 79254, 88578, 98701


[ n(n-1)(n-2)(n-3)/21 ].
0, 0, 0, 0, 1, 5, 17, 40, 80, 144, 240, 377, 565, 817, 1144, 1560, 2080, 2720, 3497, 4429, 5537, 6840, 8360, 10120, 12144, 14457, 17085, 20057, 23400, 27144, 31320, 35960, 41097, 46765, 53001, 59840


[ n(n-1)(n-2)(n-3)/22 ].
0, 0, 0, 0, 1, 5, 16, 38, 76, 137, 229, 360, 540, 780, 1092, 1489, 1985, 2596, 3338, 4228, 5285, 6529, 7980, 9660, 11592, 13800, 16309, 19145, 22336, 25910, 29896, 34325, 39229, 44640, 50592, 57120, 64260


a(n) = floor( n*(n-1)*(n-2)*(n-3)/23 ).
0, 0, 0, 0, 1, 5, 15, 36, 73, 131, 219, 344, 516, 746, 1044, 1424, 1899, 2483, 3193, 4044, 5055, 6245, 7633, 9240, 11088, 13200, 15600, 18313, 21365, 24783, 28596, 32833, 37523, 42699, 48392, 54636, 61466


a(n) = |1^3 - 2^3 + 3^3 - 4^3 + ... + (-1)^(n+1)*n^3|.
0, 1, 7, 20, 44, 81, 135, 208, 304, 425, 575, 756, 972, 1225, 1519, 1856, 2240, 2673, 3159, 3700, 4300, 4961, 5687, 6480, 7344, 8281, 9295, 10388, 11564, 12825, 14175, 15616, 17152, 18785, 20519, 22356, 24300, 26353, 28519, 30800, 33200, 35721, 38367, 41140


[ n(n-1)(n-2)(n-3)/25 ].
0, 0, 0, 0, 0, 4, 14, 33, 67, 120, 201, 316, 475, 686, 960, 1310, 1747, 2284, 2937, 3720, 4651, 5745, 7022, 8500, 10200, 12144, 14352, 16848, 19656, 22800, 26308, 30206, 34521, 39283, 44520, 50265, 56548


a(n) = floor( n(n-1)(n-2)(n-3)/26 ).
0, 0, 0, 0, 0, 4, 13, 32, 64, 116, 193, 304, 456, 660, 924, 1260, 1680, 2196, 2824, 3577, 4472, 5524, 6752, 8173, 9808, 11676, 13800, 16200, 18900, 21924, 25296, 29044, 33193, 37772, 42808, 48332, 54373


[ n(n-1)(n-2)(n-3)/27 ].
0, 0, 0, 0, 0, 4, 13, 31, 62, 112, 186, 293, 440, 635, 889, 1213, 1617, 2115, 2720, 3445, 4306, 5320, 6502, 7871, 9445, 11244, 13288, 15600, 18200, 21112, 24360, 27968, 31964, 36373, 41223, 46542, 52360


a(n) = floor( n*(n-1)*(n-2)*(n-3)/28 ).
0, 0, 0, 0, 0, 4, 12, 30, 60, 108, 180, 282, 424, 612, 858, 1170, 1560, 2040, 2622, 3322, 4152, 5130, 6270, 7590, 9108, 10842, 12814, 15042, 17550, 20358, 23490, 26970, 30822, 35074, 39750, 44880, 50490, 56610, 63270, 70500, 78334, 86802, 95940, 105780


[ n(n-1)(n-2)(n-3)/29 ].
0, 0, 0, 0, 0, 4, 12, 28, 57, 104, 173, 273, 409, 591, 828, 1129, 1506, 1969, 2532, 3207, 4009, 4953, 6053, 7328, 8793, 10468, 12372, 14524, 16944, 19656, 22680, 26040, 29760, 33864, 38380, 43332, 48748


a(n) = floor(n(n-1)(n-2)(n-3)/30).
0, 0, 0, 0, 0, 4, 12, 28, 56, 100, 168, 264, 396, 572, 800, 1092, 1456, 1904, 2448, 3100, 3876, 4788, 5852, 7084, 8500, 10120, 11960, 14040, 16380, 19000, 21924, 25172, 28768, 32736, 37100, 41888, 47124


a(n) = floor(n*(n-1)*(n-2)*(n-3)/31).
0, 0, 0, 0, 0, 3, 11, 27, 54, 97, 162, 255, 383, 553, 774, 1056, 1409, 1842, 2369, 3000, 3750, 4633, 5663, 6855, 8226, 9793, 11574, 13587, 15851, 18387, 21216, 24360, 27840, 31680, 35904, 40536, 45603, 51131, 57147, 63678, 70753, 78402, 86655, 95543


[ n(n-1)(n-2)(n-3)/32 ].
0, 0, 0, 0, 0, 3, 11, 26, 52, 94, 157, 247, 371, 536, 750, 1023, 1365, 1785, 2295, 2907, 3633, 4488, 5486, 6641, 7969, 9487, 11212, 13162, 15356, 17813, 20553, 23598, 26970, 30690, 34782, 39270, 44178


Numbers n such that any group of n consecutive integers has integral standard deviation {viz. <a href="/A011944" title="a(n) = 14*a(n-1)-a(n-2) with a(0) = 0, a(1) = 2.">A011944</a>(n)}.
1, 7, 97, 1351, 18817, 262087, 3650401, 50843527, 708158977, 9863382151, 137379191137, 1913445293767, 26650854921601, 371198523608647, 5170128475599457, 72010600134783751, 1002978273411373057, 13969685227624439047, 194572614913330773601, 2710046923559006391367


a(n) = 14*a(n-1)-a(n-2) with a(0) = 0, a(1) = 2.
0, 2, 28, 390, 5432, 75658, 1053780, 14677262, 204427888, 2847313170, 39657956492, 552364077718, 7693439131560, 107155783764122, 1492487533566148, 20787669686161950, 289534888072701152


Area of triangles with integral side lengths m-1, m, m+1 and integral area.
0, 6, 84, 1170, 16296, 226974, 3161340, 44031786, 613283664, 8541939510, 118973869476, 1657092233154, 23080317394680, 321467351292366, 4477462600698444, 62363009058485850, 868604664218103456, 12098102289994962534, 168504827395711372020, 2346969481249964245746


Number of Barlow packings with group P63/mmc(S) that repeat after 4n layers.
1, 2, 3, 8, 15, 30, 63, 128, 252, 510, 1023, 2040


Number of Barlow packings with group P63/mmc(O) that repeat after 4n+2 layers.
1, 1, 3, 7, 14, 31, 63, 123, 255, 511, 1015, 2047, 4092


Number of Barlow packings with group P63mc that repeat after 2n layers.
1, 1, 4, 7, 18, 31, 70, 126, 261, 484, 960, 1800, 3514, 6643, 12852, 24457, 47151, 90157, 173740, 333498


Number of Barlow packings with group P6(bar)m2 that repeat after 2n layers.
1, 2, 6, 12, 28, 56, 119, 240, 496, 990, 2016, 4032, 8121, 16256, 32640, 65268, 130816, 261630, 523747, 1047552, 2096128, 4192200, 8386554


Number of Barlow packings with group P3(bar)m1(SO) that repeat after 2n-1 layers.
1, 3, 3, 11, 21, 39, 85, 171, 333, 683, 1364, 2715, 5461, 10923, 21813, 43687, 87381, 174699, 349525, 699051, 1397970, 2796203, 5592402


Number of Barlow packings with group P3(bar)m1(S) that repeat after 2n layers.
2, 3, 9, 16, 39, 75, 165, 318, 672, 1323, 2703, 5376, 10880, 21663, 43605, 87040, 174564, 348843, 698709, 1396680, 2795518


Number of Barlow packings with group P3(bar)m1(O) that repeat after 2n layers.
2, 3, 8, 16, 40, 73, 165, 320, 666, 1323, 2709, 5364, 10880, 21675, 43577, 87040, 174590, 348787, 698709, 1396736, 2795400, 5589672


Number of Barlow packings with group P3m1 that repeat after n layers.
3, 2, 10, 15, 42, 68, 162, 280, 600, 1088, 2214, 4112, 8154, 15366, 30052, 57208, 111166, 212982, 412890, 794688, 1540002, 2974150, 5767344, 11167872, 21680832, 42073640, 81787057, 159005154, 309503502, 602667098


Barlow packings with group R3(bar)m(SO) that repeat after 6n+3 layers.
1, 1, 2, 4, 11, 20, 42, 84


Number of Barlow packings with group R3(bar)m(O) that repeat after 6n layers.
1, 2, 4, 9, 19, 40, 80


Barlow packings with group R3m that repeat after 7n layers.
1, 2, 4, 10, 21, 42, 84, 164, 322, 620


Number of ZnS polytypes that repeat after n layers.
0, 1, 1, 1, 1, 2, 3, 6, 10, 18, 31, 59, 105, 198, 365, 688, 1285, 2438, 4599, 8755, 16647, 31806, 60787, 116570, 223696, 430290, 828514, 1598025, 3085465, 5965612, 11545611, 22370304, 43383539, 84216330, 163617801, 318148208, 619094385, 1205609454, 2349383925, 4581307186, 8939118925, 17452582356


Number of CdI_2 polytypes that repeat after 2n layers.
1, 1, 3, 8, 22, 68, 216, 728, 2513, 8920, 32116, 117240, 431550, 1600734, 5970704, 22381184, 84236890, 318191804, 1205692236, 4581481776, 17452915218, 66637798834, 254960616136, 977346581800, 3753005281872


Number of SiC polytypes that repeat after 2n layers.
0, 0, 1, 1, 0, 1, 1, 1, 1, 3, 3, 4, 7, 11, 15, 24, 36, 55, 81, 129, 195, 301, 465, 728, 1116, 1745, 2717, 4239, 6603, 10357, 16189, 25383, 39807, 62557, 98245, 154608, 243346, 383436, 604346, 953582, 1505106, 2377442, 3757050, 5941269


Number of ferrites M_2Y_n that repeat after 6n+10 layers.
0, 1, 1, 1, 1, 2, 1, 2, 2, 2, 2, 3, 2, 3, 3, 3, 3, 4, 3, 4


Number of ferrites M_4Y_n that repeat after 6n+20 layers.
0, 1, 2, 2, 3, 6, 6, 9, 13, 15, 18, 25, 27, 34, 42, 47, 54, 67, 72, 84


Number of ferrites M_6Y_n that repeat after 6n+30 layers.
0, 2, 3, 6, 9, 19, 24, 46, 62, 96, 132, 194, 249, 354, 452, 600, 762, 986, 1212, 1544


Number of ferrites M_8Y_n that repeat after 6n+40 layers.
0, 2, 4, 10, 19, 44, 76, 150, 251, 432, 686, 1094, 1646, 2498, 3608, 5206, 7301, 10160, 13814, 18718


